3	8.39891e-06
3.09198	8.27613e-06
3.18395	8.1632e-06
3.27593	8.04002e-06
3.36791	7.88065e-06
3.45988	7.66892e-06
3.55186	7.39375e-06
3.64384	7.03004e-06
3.73581	6.59914e-06
3.82779	6.15133e-06
3.91977	5.70412e-06
4.01174	5.25477e-06
4.10372	4.81835e-06
4.19569	4.41381e-06
4.28767	4.00917e-06
4.37965	3.64317e-06
4.47162	3.29994e-06
4.5636	2.9807e-06
4.65558	2.68603e-06
4.74755	2.41579e-06
4.83953	2.17e-06
4.93151	1.94767e-06
5.02348	1.74802e-06
5.11546	1.56975e-06
5.20744	1.41141e-06
5.29941	1.27146e-06
5.39139	1.14824e-06
5.48337	1.04003e-06
5.57534	9.45108e-07
5.66732	8.61783e-07
5.7593	7.88414e-07
5.85127	7.23446e-07
5.94325	6.65435e-07
6.03523	6.13081e-07
6.1272	5.65201e-07
6.21918	5.20776e-07
6.31115	4.78985e-07
6.40313	4.39178e-07
6.49511	4.00719e-07
6.58708	3.6348e-07
6.67906	3.26918e-07
6.77104	2.91383e-07
6.86301	2.5647e-07
6.95499	2.22809e-07
7.04697	1.90241e-07
7.13894	1.59378e-07
7.23092	1.3052e-07
7.3229	1.03698e-07
7.41487	7.96229e-08
7.50685	6.06284e-08
7.59883	4.00463e-08
7.6908	2.63205e-08
7.78278	1.77763e-08
7.87476	1.21877e-08
7.96673	8.47331e-09
8.05871	6.23173e-09
8.15068	4.59638e-09
8.24266	3.49394e-09
8.33464	2.70443e-09
8.42661	2.17357e-09
8.51859	1.88601e-09
8.61057	1.7265e-09
8.70254	1.61461e-09
8.79452	1.61101e-09
8.8865	1.65798e-09
8.97847	1.74267e-09
9.07045	1.85285e-09
9.16243	1.98321e-09
9.2544	2.12288e-09
9.34638	2.26634e-09
9.43836	2.40954e-09
9.53033	2.55106e-09
9.62231	2.6861e-09
9.71429	2.81659e-09
9.80626	2.94364e-09
9.89824	3.0695e-09
9.99022	3.19614e-09
10.0822	3.32862e-09
10.1742	3.47027e-09
10.2661	3.62911e-09
10.3581	3.80944e-09
10.4501	4.01557e-09
10.5421	4.25975e-09
10.6341	4.54043e-09
10.726	4.8763e-09
10.818	5.2597e-09
10.91	5.71448e-09
11.002	6.23462e-09
11.0939	6.82612e-09
11.1859	7.49974e-09
11.2779	8.00048e-09
11.3699	8.79102e-09
11.4618	9.68533e-09
11.5538	1.06845e-08
11.6458	1.18345e-08
11.7378	1.31419e-08
11.8297	1.46749e-08
11.9217	1.6444e-08
12.0137	1.85092e-08
12.1057	2.0977e-08
12.1977	2.38405e-08
12.2896	2.72533e-08
12.3816	3.12493e-08
12.4736	3.595e-08
12.5656	4.15092e-08
12.6575	4.79369e-08
12.7495	5.53293e-08
12.8415	6.36795e-08
12.9335	7.3046e-08
13.0254	8.34392e-08
13.1174	9.48795e-08
13.2094	1.07181e-07
13.3014	1.20634e-07
13.3933	1.3509e-07
13.4853	1.50555e-07
13.5773	1.66749e-07
13.6693	1.83734e-07
13.7613	2.00935e-07
13.8532	2.1821e-07
13.9452	2.3509e-07
14.0372	2.52761e-07
14.1292	2.70937e-07
14.2211	2.89438e-07
14.3131	3.08283e-07
14.4051	3.27789e-07
14.4971	3.48031e-07
14.589	3.69016e-07
14.681	3.90984e-07
14.773	4.14243e-07
14.865	4.39057e-07
14.9569	4.65794e-07
15.0489	4.94901e-07
15.1409	5.27631e-07
15.2329	5.63618e-07
15.3249	6.04096e-07
15.4168	6.49594e-07
15.5088	6.99489e-07
15.6008	7.52495e-07
15.6928	8.08281e-07
15.7847	8.66995e-07
15.8767	9.27948e-07
15.9687	9.87526e-07
16.0607	1.04095e-06
16.1526	1.08692e-06
16.2446	1.13039e-06
16.3366	1.17423e-06
16.4286	1.22466e-06
16.5205	1.28313e-06
16.6125	1.34656e-06
16.7045	1.42289e-06
16.7965	1.45742e-06
16.8885	1.50631e-06
16.9804	1.55635e-06
17.0724	1.60741e-06
17.1644	1.65936e-06
17.2564	1.7121e-06
17.3483	1.76552e-06
17.4403	1.8195e-06
17.5323	1.87395e-06
17.6243	1.92877e-06
17.7162	1.98386e-06
17.8082	2.03913e-06
17.9002	2.09451e-06
17.9922	2.14991e-06
18.0841	2.20525e-06
18.1761	2.26046e-06
18.2681	2.31546e-06
18.3601	2.37021e-06
18.4521	2.42558e-06
18.544	2.47947e-06
18.636	2.53289e-06
18.728	2.5858e-06
18.82	2.63815e-06
18.9119	2.68988e-06
19.0039	2.74096e-06
19.0959	2.79134e-06
19.1879	2.84098e-06
19.2798	2.89095e-06
19.3718	2.93877e-06
19.4638	2.98574e-06
19.5558	3.03184e-06
19.6477	3.07704e-06
19.7397	3.12131e-06
19.8317	3.16463e-06
19.9237	3.20809e-06
20.0157	3.24914e-06
20.1076	3.28919e-06
20.1996	3.32821e-06
20.2916	3.3662e-06
20.3836	3.40315e-06
20.4755	3.4401e-06
20.5675	3.47457e-06
20.6595	3.50797e-06
20.7515	3.5403e-06
20.8434	3.57156e-06
20.9354	3.60287e-06
21.0274	3.63157e-06
21.1194	3.6592e-06
21.2114	3.68576e-06
21.3033	3.71125e-06
21.3953	3.73671e-06
21.4873	3.75965e-06
21.5793	3.78154e-06
21.6712	3.80239e-06
21.7632	3.82343e-06
21.8552	3.84178e-06
21.9472	3.85913e-06
22.0391	3.87548e-06
22.1311	3.89213e-06
22.2231	3.90606e-06
22.3151	3.91904e-06
22.407	3.93109e-06
22.499	3.94346e-06
22.591	3.9532e-06
22.683	3.96205e-06
22.775	3.97004e-06
22.8669	3.97829e-06
22.9589	3.98411e-06
23.0509	3.98911e-06
23.1429	3.99333e-06
23.2348	3.99768e-06
23.3268	3.99988e-06
23.4188	4.00136e-06
23.5108	4.00325e-06
23.6027	4.00283e-06
23.6947	4.00176e-06
23.7867	4.00003e-06
23.8787	3.99848e-06
23.9706	3.99504e-06
24.0626	3.99104e-06
24.1546	3.98736e-06
24.2466	3.98178e-06
24.3386	3.97568e-06
24.4305	3.97004e-06
24.5225	3.96252e-06
24.6145	3.95455e-06
24.7065	3.94711e-06
24.7984	3.93785e-06
24.8904	3.92822e-06
24.9824	3.91914e-06
25.0744	3.90836e-06
25.1663	3.89726e-06
25.2583	3.88672e-06
25.3503	3.87462e-06
25.4423	3.86227e-06
25.5342	3.85044e-06
25.6262	3.83722e-06
25.7182	3.82381e-06
25.8102	3.81086e-06
25.9022	3.79672e-06
25.9941	3.78244e-06
26.0861	3.76854e-06
26.1781	3.75367e-06
26.2701	3.7387e-06
26.362	3.72403e-06
26.454	3.7086e-06
26.546	3.69311e-06
26.638	3.67784e-06
26.7299	3.66201e-06
26.8219	3.64657e-06
26.9139	3.63047e-06
27.0059	3.6144e-06
27.0978	3.5986e-06
27.1898	3.58237e-06
27.2818	3.56652e-06
27.3738	3.55021e-06
27.4658	3.53398e-06
27.5577	3.51802e-06
27.6497	3.50181e-06
27.7417	3.4857e-06
27.8337	3.46977e-06
27.9256	3.45377e-06
28.0176	3.43797e-06
28.1096	3.42213e-06
28.2016	3.4065e-06
28.2935	3.39088e-06
28.3855	3.37542e-06
28.4775	3.36009e-06
28.5695	3.34492e-06
28.6614	3.32984e-06
28.7534	3.315e-06
28.8454	3.30034e-06
28.9374	3.28575e-06
29.0294	3.27147e-06
29.1213	3.25721e-06
29.2133	3.24336e-06
29.3053	3.22945e-06
29.3973	3.21606e-06
29.4892	3.20285e-06
29.5812	3.18961e-06
29.6732	3.17689e-06
29.7652	3.16407e-06
29.8571	3.15186e-06
29.9491	3.13947e-06
30.0411	3.12778e-06
30.1331	3.11628e-06
30.225	3.10469e-06
30.317	3.09373e-06
30.409	3.08261e-06
30.501	3.07219e-06
30.593	3.06155e-06
30.6849	3.05169e-06
30.7769	3.04152e-06
30.8689	3.03222e-06
30.9609	3.02253e-06
31.0528	3.01379e-06
31.1448	3.00518e-06
31.2368	2.9964e-06
31.3288	2.98834e-06
31.4207	2.98004e-06
31.5127	2.97251e-06
31.6047	2.96469e-06
31.6967	2.95769e-06
31.7886	2.95035e-06
31.8806	2.94386e-06
31.9726	2.93698e-06
32.0646	2.93099e-06
32.1566	2.92457e-06
32.2485	2.91906e-06
32.3405	2.91309e-06
32.4325	2.90803e-06
32.5245	2.90249e-06
32.6164	2.89788e-06
32.7084	2.89275e-06
32.8004	2.88855e-06
32.8924	2.88382e-06
32.9843	2.88001e-06
33.0763	2.87567e-06
33.1683	2.87222e-06
33.2603	2.86825e-06
33.3523	2.86512e-06
33.4442	2.8615e-06
33.5362	2.85868e-06
33.6282	2.85538e-06
33.7202	2.85283e-06
33.8121	2.84984e-06
33.9041	2.84754e-06
33.9961	2.84483e-06
34.0881	2.84274e-06
34.18	2.84028e-06
34.272	2.83838e-06
34.364	2.83615e-06
34.456	2.83441e-06
34.5479	2.83238e-06
34.6399	2.83076e-06
34.7319	2.82891e-06
34.8239	2.8274e-06
34.9159	2.8257e-06
35.0078	2.82426e-06
35.0998	2.82267e-06
35.1918	2.82128e-06
35.2838	2.81979e-06
35.3757	2.81843e-06
35.4677	2.817e-06
35.5597	2.81563e-06
35.6517	2.81424e-06
35.7436	2.81286e-06
35.8356	2.81148e-06
35.9276	2.8101e-06
36.0196	2.80865e-06
36.1115	2.80725e-06
36.2035	2.80572e-06
36.2955	2.80428e-06
36.3875	2.80264e-06
36.4795	2.80113e-06
36.5714	2.79937e-06
36.6634	2.79777e-06
36.7554	2.79588e-06
36.8474	2.79416e-06
36.9393	2.79213e-06
37.0313	2.79027e-06
37.1233	2.78841e-06
37.2153	2.78607e-06
37.3072	2.78404e-06
37.3992	2.78153e-06
37.4912	2.77933e-06
37.5832	2.77663e-06
37.6751	2.77423e-06
37.7671	2.77136e-06
37.8591	2.76874e-06
37.9511	2.76614e-06
38.0431	2.76285e-06
38.135	2.76002e-06
38.227	2.75653e-06
38.319	2.75347e-06
38.411	2.7498e-06
38.5029	2.74649e-06
38.5949	2.74319e-06
38.6869	2.73907e-06
38.7789	2.73553e-06
38.8708	2.73123e-06
38.9628	2.72743e-06
39.0548	2.72296e-06
39.1468	2.71891e-06
39.2387	2.71487e-06
39.3307	2.70997e-06
39.4227	2.70568e-06
39.5147	2.70063e-06
39.6067	2.6961e-06
39.6986	2.69092e-06
39.7906	2.68614e-06
39.8826	2.68139e-06
39.9746	2.67583e-06
40.0665	2.67085e-06
40.1585	2.6652e-06
40.2505	2.66e-06
40.3425	2.65426e-06
40.4344	2.64886e-06
40.5264	2.64348e-06
40.6184	2.63746e-06
40.7104	2.63189e-06
40.8023	2.62583e-06
40.8943	2.6201e-06
40.9863	2.6144e-06
41.0783	2.60813e-06
41.1703	2.60228e-06
41.2622	2.59601e-06
41.3542	2.59004e-06
41.4462	2.5841e-06
41.5382	2.57771e-06
41.6301	2.57167e-06
41.7221	2.56531e-06
41.8141	2.5592e-06
41.9061	2.55312e-06
41.998	2.54672e-06
42.09	2.54059e-06
42.182	2.53426e-06
42.274	2.5281e-06
42.3659	2.52196e-06
42.4579	2.51567e-06
42.5499	2.50953e-06
42.6419	2.50332e-06
42.7339	2.4972e-06
42.8258	2.4911e-06
42.9178	2.48497e-06
43.0098	2.47891e-06
43.1018	2.47286e-06
43.1937	2.46684e-06
43.2857	2.46086e-06
43.3777	2.4549e-06
43.4697	2.44897e-06
43.5616	2.44306e-06
43.6536	2.43719e-06
43.7456	2.43134e-06
43.8376	2.42551e-06
43.9295	2.41971e-06
44.0215	2.41393e-06
44.1135	2.40812e-06
44.2055	2.40238e-06
44.2975	2.39654e-06
44.3894	2.3908e-06
44.4814	2.38509e-06
44.5734	2.37914e-06
44.6654	2.37339e-06
44.7573	2.36766e-06
44.8493	2.36148e-06
44.9413	2.35565e-06
45.0333	2.34586e-06
45.1252	2.32707e-06
45.2172	2.31363e-06
45.3092	2.29526e-06
45.4012	2.28789e-06
45.4932	2.28056e-06
45.5851	2.27693e-06
45.6771	2.27081e-06
45.7691	2.26471e-06
45.8611	2.25808e-06
45.953	2.25188e-06
46.045	2.24049e-06
46.137	2.23249e-06
46.229	2.22453e-06
46.3209	2.2159e-06
46.4129	2.2078e-06
46.5049	2.19974e-06
46.5969	2.19503e-06
46.6888	2.18807e-06
46.7808	2.18113e-06
46.8728	2.18111e-06
46.9648	2.17619e-06
47.0568	2.17129e-06
47.1487	2.16245e-06
47.2407	2.15654e-06
47.3327	2.14602e-06
47.4247	2.13858e-06
47.5166	2.13118e-06
47.6086	2.11903e-06
47.7006	2.11018e-06
47.7926	2.10139e-06
47.8845	2.10222e-06
47.9765	2.09644e-06
48.0685	2.09068e-06
48.1605	2.09281e-06
48.2524	2.0894e-06
48.3444	2.086e-06
48.4364	2.08153e-06
48.5284	2.07785e-06
48.6204	2.07418e-06
48.7123	2.05448e-06
48.8043	2.0465e-06
48.8963	2.03856e-06
48.9883	2.01484e-06
49.0802	2.00287e-06
49.1722	1.991e-06
49.2642	1.97445e-06
49.3562	1.96156e-06
49.4481	1.94877e-06
49.5401	1.94681e-06
49.6321	1.9369e-06
49.7241	1.93606e-06
49.816	1.93567e-06
49.908	1.93052e-06
50	1.92893e-06
