3.0000000 0.0000083989089159
3.0165303 0.0000083755414400
3.0331514 0.0000083517569411
3.0498643 0.0000083292793249
3.0666692 0.0000083076950039
3.0835669 0.0000082865116022
3.1005576 0.0000082655752820
3.1176419 0.0000082447302816
3.1348202 0.0000082238411689
3.1520934 0.0000082027612462
3.1694615 0.0000081813506476
3.1869254 0.0000081594897434
3.2044857 0.0000081370453837
3.2221427 0.0000081138618726
3.2398968 0.0000080899253998
3.2577488 0.0000080654970289
3.2756994 0.0000080403428870
3.2937486 0.0000080136197722
3.3118975 0.0000079846482035
3.3301461 0.0000079531154524
3.3484955 0.0000079190375262
3.3669460 0.0000078826521035
3.3854980 0.0000078441522153
3.4041524 0.0000078034924775
3.4229095 0.0000077604747446
3.4417698 0.0000077149779361
3.4607344 0.0000076667702822
3.4798033 0.0000076156638928
3.4989772 0.0000075613905697
3.5182567 0.0000075036157678
3.5376427 0.0000074419518876
3.5571353 0.0000073759922756
3.5767353 0.0000073053730532
3.5964434 0.0000072298348095
3.6162601 0.0000071493722240
3.6361859 0.0000070642758341
3.6562214 0.0000069751114555
3.6763675 0.0000068826432544
3.6966245 0.0000067875021537
3.7169931 0.0000066901957410
3.7374740 0.0000065911767599
3.7580678 0.0000064909310000
3.7787750 0.0000063899268831
3.7995963 0.0000062884932014
3.8205323 0.0000061867758929
3.8415837 0.0000060846842946
3.8627512 0.0000059820225494
3.8840351 0.0000058786311441
3.9054365 0.0000057743876361
3.9269557 0.0000056692695414
3.9485934 0.0000055633493463
3.9703505 0.0000054567889700
3.9922273 0.0000053498631730
4.0142250 0.0000052428200125
4.0363436 0.0000051359566754
4.0585842 0.0000050295966911
4.0809469 0.0000049240576723
4.1034331 0.0000048196533932
4.1260433 0.0000047166905908
4.1487784 0.0000046154207162
4.1716385 0.0000045159642289
4.1946244 0.0000044182914667
4.2177372 0.0000043222562258
4.2409773 0.0000042031008298
4.2643452 0.0000041053907990
4.2878418 0.0000040084731461
4.3114681 0.0000039124050952
4.3352246 0.0000038172384636
4.3591123 0.0000037230310648
4.3831310 0.0000036298314159
4.4072824 0.0000035376882853
4.4315667 0.0000034466504920
4.4559851 0.0000033567649611
4.4805379 0.0000032680766714
4.5052261 0.0000031806236016
4.5300503 0.0000030944502607
4.5550108 0.0000030095924003
4.5801096 0.0000029260870435
4.6053462 0.0000028439659793
4.6307220 0.0000027632650418
4.6562376 0.0000026840116937
4.6818938 0.0000026062313919
4.7076912 0.0000025299531105
4.7336311 0.0000024551964246
4.7597136 0.0000023819855428
4.7859397 0.0000023103355788
4.8123107 0.0000022402633860
4.8388267 0.0000021717833746
4.8654890 0.0000021049039712
4.8922982 0.0000020396372554
4.9192553 0.0000019759892334
4.9463606 0.0000019139624994
4.9736156 0.0000018535595158
5.0010204 0.0000017947802683
5.0285764 0.0000017376203365
5.0562840 0.0000016820740488
5.0841446 0.0000016281343307
5.1121588 0.0000015757916926
5.1403270 0.0000015250325770
5.1686506 0.0000014758421320
5.1971302 0.0000014282040896
5.2257667 0.0000013820999063
5.2545609 0.0000013375073695
5.2835140 0.0000012944030182
5.3126264 0.0000012527613872
5.3418994 0.0000012125557076
5.3713336 0.0000011737566155
5.4009299 0.0000011363329465
5.4306893 0.0000011002518125
5.4606128 0.0000010654786858
5.4907012 0.0000010319774874
5.5209556 0.0000009997106820
5.5513763 0.0000009686403285
5.5819650 0.0000009387247987
5.6127219 0.0000009099237465
5.6436481 0.0000008821948162
5.6747451 0.0000008554947575
5.7060132 0.0000008297791702
5.7374539 0.0000008050038163
5.7690678 0.0000007811231910
5.8008556 0.0000007580921656
5.8328185 0.0000007358650180
5.8649578 0.0000007143959660
5.8972745 0.0000006936387207
5.9297686 0.0000006735490628
5.9624419 0.0000006540807819
5.9952955 0.0000006351897433
6.0283298 0.0000006168325026
6.0615463 0.0000005989659735
6.0949459 0.0000005815484079
6.1285295 0.0000005645392828
6.1622982 0.0000005478994650
6.1962528 0.0000005315913742
6.2303948 0.0000005155789230
6.2647247 0.0000004998281296
6.2992435 0.0000004843074575
6.3339529 0.0000004689862626
6.3688536 0.0000004538375004
6.4039464 0.0000004388363451
6.4392323 0.0000004239599391
6.4747128 0.0000004091885331
6.5103893 0.0000003945049832
6.5462618 0.0000003798956278
6.5823321 0.0000003653488143
6.6186013 0.0000003508567162
6.6550703 0.0000003364146002
6.6917400 0.0000003220203060
6.7286119 0.0000003076752096
6.7656870 0.0000002933838405
6.8029666 0.0000002791536784
6.8404512 0.0000002649954757
6.8781428 0.0000002509228269
6.9160419 0.0000002369526094
6.9541497 0.0000002231041544
6.9924674 0.0000002093994640
7.0309963 0.0000001958633698
7.0697374 0.0000001825224876
7.1086922 0.0000001694058278
7.1478620 0.0000001565440351
7.1872468 0.0000001439695638
7.2268491 0.0000001317155836
7.2666698 0.0000001198163946
7.3067093 0.0000001083068576
7.3469701 0.0000000972211793
7.3874521 0.0000000865942025
7.4281573 0.0000000764587267
7.4690871 0.0000000668469324
7.5102425 0.0000000601002568
7.5516243 0.0000000497844520
7.5932341 0.0000000410894845
7.6350737 0.0000000338858012
7.6771431 0.0000000279971907
7.7194448 0.0000000232230875
7.7619796 0.0000000193683304
7.8047485 0.0000000162406690
7.8477530 0.0000000136529470
7.8909950 0.0000000113854978
7.9344749 0.0000000095471210
7.9781942 0.0000000081225049
8.0221548 0.0000000069899680
8.0663576 0.0000000060841820
8.1108036 0.0000000052531274
8.1554947 0.0000000045231343
8.2004318 0.0000000039416088
8.2456169 0.0000000034646607
8.2910509 0.0000000030641285
8.3367348 0.0000000026882735
8.3826714 0.0000000023837148
8.4288597 0.0000000021633739
8.4753036 0.0000000019984433
8.5220032 0.0000000018774445
8.5689602 0.0000000017868715
8.6161757 0.0000000017185400
8.6636515 0.0000000016336759
8.7113886 0.0000000016103184
8.7593889 0.0000000016042363
8.8076534 0.0000000016135462
8.8561840 0.0000000016364460
8.9049826 0.0000000016712196
8.9540501 0.0000000017162390
9.0033875 0.0000000017699688
9.0529966 0.0000000018309702
9.1028786 0.0000000018979059
9.1530361 0.0000000019695447
9.2034702 0.0000000020447603
9.2541819 0.0000000021225363
9.3051729 0.0000000022019749
9.3564453 0.0000000022822962
9.4080000 0.0000000023628347
9.4598389 0.0000000024430531
9.5119629 0.0000000025225412
9.5643749 0.0000000026010140
9.6170750 0.0000000026783166
9.6700659 0.0000000027544290
9.7233486 0.0000000028294625
9.7769251 0.0000000029036589
9.8307962 0.0000000029774013
9.8849649 0.0000000030512035
9.9394312 0.0000000031257152
9.9941988 0.0000000032017184
10.0492668 0.0000000032801299
10.1046391 0.0000000033619942
10.1603165 0.0000000034484845
10.2163010 0.0000000035408984
10.2725935 0.0000000036406500
10.3291960 0.0000000037492734
10.3861103 0.0000000038684125
10.4433384 0.0000000039998104
10.5008821 0.0000000041453018
10.5587425 0.0000000043068196
10.6169224 0.0000000044863582
10.6754217 0.0000000046859906
10.7342443 0.0000000049078304
10.7933903 0.0000000051540442
10.8528633 0.0000000054268077
10.9126625 0.0000000057283155
10.9727926 0.0000000060607423
11.0332537 0.0000000064262353
11.0940475 0.0000000068268956
11.1551762 0.0000000072647349
11.2166424 0.0000000077416675
11.2784462 0.0000000080028748
11.3405914 0.0000000085312592
11.4030790 0.0000000091039995
11.4659109 0.0000000097268407
11.5290880 0.0000000104067216
11.5926142 0.0000000111531822
11.6564903 0.0000000119760983
11.7207184 0.0000000128889918
11.7853003 0.0000000139050588
11.8502388 0.0000000150431258
11.9155340 0.0000000163180500
11.9811897 0.0000000177547864
12.0472069 0.0000000193740326
12.1135874 0.0000000212032868
12.1803341 0.0000000232732009
12.2474489 0.0000000256181037
12.3149328 0.0000000282810189
12.3827887 0.0000000313045345
12.4510193 0.0000000347381551
12.5196247 0.0000000386315691
12.5886087 0.0000000430288962
12.6579733 0.0000000479698331
12.7277193 0.0000000534858790
12.7978497 0.0000000595983506
12.8683672 0.0000000663238576
12.9392729 0.0000000736762306
13.0105686 0.0000000816710922
13.0822582 0.0000000903250849
13.1543417 0.0000000996549538
13.2268238 0.0000001096732236
13.2997046 0.0000001203782991
13.3729868 0.0000001317549217
13.4466724 0.0000001438199278
13.5207644 0.0000001566270297
13.5952644 0.0000001700909857
13.6701756 0.0000001839059300
13.7454996 0.0000001978888906
13.8212376 0.0000002119833834
13.8973942 0.0000002261730412
13.9739695 0.0000002406069238
14.0509672 0.0000002554843958
14.1283884 0.0000002707807960
14.2062368 0.0000002863646810
14.2845144 0.0000003022752378
14.3632231 0.0000003187196041
14.4423656 0.0000003359224532
14.5219440 0.0000003536661242
14.6019611 0.0000003720390533
14.6824188 0.0000003913277158
14.7633200 0.0000004117396123
14.8446665 0.0000004334745859
14.9264612 0.0000004568118421
15.0087070 0.0000004820892967
15.0914068 0.0000005096972248
15.1745615 0.0000005401526903
15.2581739 0.0000005740819667
15.3422480 0.0000006121580407
15.4267845 0.0000006547468756
15.5117874 0.0000007011672216
15.5972576 0.0000007503983087
15.6831999 0.0000008023079922
15.7696152 0.0000008570685783
15.8565073 0.0000009141788505
15.9438772 0.0000009708582685
16.0317287 0.0000010231738363
16.1200657 0.0000010694113536
16.2088871 0.0000011125957904
16.2982006 0.0000011554029948
16.3880043 0.0000012027370598
16.4783039 0.0000012570105246
16.5690994 0.0000013169934971
16.6603966 0.0000013875881723
16.7521973 0.0000014343848207
16.8445015 0.0000014827902769
16.9373169 0.0000015326948105
17.0306416 0.0000015839914513
17.1244831 0.0000016365708806
17.2188396 0.0000016903255761
17.3137169 0.0000017451510907
17.4091167 0.0000018009417772
17.5050411 0.0000018575929781
17.6014957 0.0000019150022387
17.6984806 0.0000019730682712
17.7960014 0.0000020316887215
17.8940582 0.0000020907647967
17.9926548 0.0000021502002120
18.0917969 0.0000022098978050
18.1914825 0.0000022697607559
18.2917194 0.0000023296983637
18.3925076 0.0000023896169752
18.4938526 0.0000024494268987
18.5957546 0.0000025090390658
18.6982174 0.0000025683684359
18.8012466 0.0000026273285251
18.9048424 0.0000026858380735
19.0090103 0.0000027438156332
19.1137505 0.0000028011818530
19.2190685 0.0000028578625892
19.3249664 0.0000029137807193
19.4314499 0.0000029688654585
19.5385170 0.0000030230462968
19.6461754 0.0000030762569842
19.7544289 0.0000031284317339
19.8632755 0.0000031795063900
19.9727249 0.0000032294237395
20.0827751 0.0000032781238056
20.1934319 0.0000033255526946
20.3047009 0.0000033716590122
20.4165802 0.0000034163901671
20.5290775 0.0000034597024513
20.6421928 0.0000035015489140
20.7559338 0.0000035418911097
20.8703003 0.0000035806878758
20.9852962 0.0000036179043525
21.1009274 0.0000036535084168
21.2171955 0.0000036874696246
21.3341026 0.0000037197605545
21.4516544 0.0000037503573093
21.5698547 0.0000037792398294
21.6887074 0.0000038063890878
21.8082123 0.0000038317900400
21.9283772 0.0000038554309691
22.0492039 0.0000038773023514
22.1706963 0.0000038973977539
22.2928600 0.0000039157149098
22.4156952 0.0000039322524702
22.5392056 0.0000039470137730
22.6633987 0.0000039600044874
22.7882767 0.0000039712331932
22.9138412 0.0000039807113571
23.0400982 0.0000039884530973
23.1670494 0.0000039944760302
23.2947025 0.0000039987997308
23.4230576 0.0000040014471145
23.5521202 0.0000040024434877
23.6818943 0.0000040018169039
23.8123817 0.0000039995980144
23.9435902 0.0000039958199764
24.0755215 0.0000039905184150
24.2081795 0.0000039837312460
24.3415680 0.0000039754988835
24.4756908 0.0000039658640658
24.6105537 0.0000039548711064
24.7461605 0.0000039425669022
24.8825130 0.0000039290004015
25.0196171 0.0000039142220708
25.1574764 0.0000038982840927
25.2960968 0.0000038812409880
25.4354801 0.0000038631479294
25.5756302 0.0000038440619610
25.7165546 0.0000038240414520
25.8582535 0.0000038031459704
26.0007343 0.0000037814355647
26.1440010 0.0000037589726655
26.2880554 0.0000037358187403
26.4329052 0.0000037120370945
26.5785522 0.0000036876912545
26.7250023 0.0000036628447892
26.8722591 0.0000036375614694
27.0203266 0.0000036119057840
27.1692104 0.0000035859414783
27.3189144 0.0000035597320451
27.4694443 0.0000035333412379
27.6208019 0.0000035068315786
27.7729950 0.0000034802651940
27.9260254 0.0000034537026599
28.0799007 0.0000034272048221
28.2346210 0.0000034008299918
28.3901958 0.0000033746354440
28.5466290 0.0000033486775537
28.7039223 0.0000033230100453
28.8620834 0.0000032976857255
29.0211143 0.0000032727547607
29.1810226 0.0000032482651615
29.3418121 0.0000032242629149
29.5034885 0.0000032007912540
29.6660538 0.0000031778910825
29.8295155 0.0000031556000296
29.9938793 0.0000031339536356
30.1591473 0.0000031129839069
30.3253269 0.0000030927197416
30.4924202 0.0000030731872538
30.6604366 0.0000030544081181
30.8293762 0.0000030364020939
30.9992485 0.0000030191841527
31.1700573 0.0000030027661229
31.3418064 0.0000029871565271
31.5145016 0.0000029723596401
31.6881485 0.0000029583763384
31.8627529 0.0000029452036987
32.0383186 0.0000029328344688
32.2148514 0.0000029212586970
32.3923569 0.0000029104616046
32.5708427 0.0000029004250036
32.7503090 0.0000028911274424
32.9307671 0.0000028825434188
33.1122169 0.0000028746440997
33.2946663 0.0000028673970608
33.4781227 0.0000028607666104
33.6625900 0.0000028547141624
33.8480721 0.0000028491979584
34.0345764 0.0000028441731188
34.2221107 0.0000028395925173
34.4106789 0.0000028354067750
34.6002808 0.0000028315639245
34.7909317 0.0000028280104554
34.9826317 0.0000028246910335
35.1753883 0.0000028215491730
35.3692093 0.0000028185274621
35.5640945 0.0000028155676758
35.7600555 0.0000028126114377
35.9570961 0.0000028096003566
36.1552200 0.0000028064767671
36.3544388 0.0000028031836060
36.5547562 0.0000027996653670
36.7561722 0.0000027958681642
36.9587021 0.0000027917402809
37.1623497 0.0000027872326045
37.3671150 0.0000027822992562
37.5730095 0.0000027768975917
37.7800407 0.0000027709890740
37.9882088 0.0000027645394159
38.1975288 0.0000027575190731
38.4080009 0.0000027499037720
38.6196289 0.0000027416747668
38.8324280 0.0000027328188389
39.0463943 0.0000027233291721
39.2615433 0.0000027132049535
39.4778786 0.0000027024526132
39.6954041 0.0000026910842947
39.9141273 0.0000026791191334
40.1340561 0.0000026665832899
40.3551979 0.0000026535089483
40.5775604 0.0000026399339503
40.8011436 0.0000026259032526
41.0259628 0.0000026114650795
41.2520180 0.0000025966740042
41.4793167 0.0000025815868933
41.7078705 0.0000025662629717
41.9376869 0.0000025507627364
42.1687660 0.0000025351466177
42.4011192 0.0000025194718026
42.6347504 0.0000025037913210
42.8696709 0.0000024881507416
43.1058846 0.0000024725852776
43.3434029 0.0000024571172332
43.5822258 0.0000024417514937
43.8223686 0.0000024264715451
44.0638313 0.0000024112349540
44.3066254 0.0000023959670755
44.5507584 0.0000023805565368
44.7962379 0.0000023648478902
45.0430679 0.0000023167952792
45.2912598 0.0000022966996220
45.5408173 0.0000022798954449
45.7917480 0.0000022627725844
46.0440636 0.0000022405771893
46.2977715 0.0000022179492813
46.5528755 0.0000021983811702
46.8093834 0.0000021845115279
47.0673065 0.0000021677101956
47.3266525 0.0000021465081756
47.5874252 0.0000021210801995
47.8496323 0.0000021044199785
48.1132889 0.0000020945617893
48.3783951 0.0000020838566257
48.6449623 0.0000020603580315
48.9130020 0.0000020247072124
49.1825142 0.0000019859951736
49.4535141 0.0000019561985836
49.7260056 0.0000019407330553
