0 1.04955  1.23456e-08 2.17864e-09 0.00481375 1e-06
1 1.14865  1.29705e-08 2.28892e-09 0.00503591 1e-06
2 1.24775  1.35669e-08 2.39415e-09 0.00524871 1e-06
3 1.34685  1.41382e-08 2.49498e-09 0.00545329 1e-06
4 1.44595  1.46875e-08 2.59191e-09 0.00565062 1e-06
5 1.54505  1.5217e-08 2.68535e-09 0.00584162 1e-06
6 1.64414  1.57288e-08 2.77567e-09 0.0060273 1e-06
7 1.74324  1.62245e-08 2.86314e-09 0.00620895 1e-06
8 1.84234  1.67055e-08 2.94803e-09 0.00638872 1e-06
9 1.94144  1.71731e-08 3.03055e-09 0.00657052 1e-06
10 2.04054  1.76283e-08 3.11088e-09 0.00676225 1e-06
11 2.13964  1.80721e-08 3.1892e-09 0.00698023 1e-06
12 2.23874  1.85053e-08 3.26564e-09 0.00725878 1e-06
13 2.33784  1.89286e-08 3.34034e-09 0.00767037 1e-06
14 2.43694  1.93426e-08 3.4134e-09 0.00836815 1e-06
15 2.53604  1.9748e-08 3.48494e-09 0.00967517 1e-06
16 2.63514  2.01452e-08 3.55504e-09 0.0122691 1e-06
17 2.73423  2.05348e-08 3.62378e-09 0.0175556 1e-06
18 2.83333  2.09171e-08 3.69125e-09 0.0283825 1e-06
19 2.93243  2.12925e-08 3.75751e-09 0.0502473 1e-06
20 3.03153  2.16615e-08 3.82262e-09 0.0927286 1e-06
21 3.13063  2.20243e-08 3.88664e-09 0.169137 1e-06
22 3.22973  2.23812e-08 3.94962e-09 0.28932 1e-06
23 3.32883  2.27325e-08 4.01162e-09 0.444131 1e-06
24 3.42793  2.30785e-08 4.07267e-09 0.600513 1e-06
25 3.52703  2.34193e-08 4.13282e-09 0.725768 1e-06
26 3.62613  2.37553e-08 4.19211e-09 0.810653 1e-06
27 3.72523  2.40866e-08 4.25057e-09 0.863845 1e-06
28 3.82432  2.44134e-08 4.30825e-09 0.897391 1e-06
29 3.92342  2.47359e-08 4.36515e-09 0.907833 1e-06
30 4.02252  2.50542e-08 4.42133e-09 0.907833 1e-06
31 4.12162  2.53686e-08 4.4768e-09 0.907833 1e-06
32 4.22072  2.56791e-08 4.5316e-09 0.907833 1e-06
33 4.31982  2.59859e-08 4.58574e-09 0.907833 1e-06
34 4.41892  2.62891e-08 4.63925e-09 0.907833 1e-06
35 4.51802  2.65888e-08 4.69215e-09 0.907833 1e-06
36 4.61712  2.68852e-08 4.74445e-09 0.907833 1e-06
37 4.71622  2.71784e-08 4.79619e-09 0.907833 1e-06
38 4.81532  2.74685e-08 4.84738e-09 0.907833 1e-06
39 4.91441  2.77555e-08 4.89803e-09 0.907833 1e-06
40 5.01351  2.80396e-08 4.94817e-09 0.907833 1e-06
41 5.11261  2.83209e-08 4.9978e-09 0.907833 1e-06
42 5.21171  2.85993e-08 5.04694e-09 0.907833 1e-06
43 5.31081  2.88751e-08 5.09561e-09 0.907833 1e-06
44 5.40991  2.91483e-08 5.14382e-09 0.907833 1e-06
45 5.50901  2.9419e-08 5.19158e-09 0.907833 1e-06
46 5.60811  2.96871e-08 5.23891e-09 0.907833 1e-06
47 5.70721  2.99529e-08 5.28581e-09 0.907833 1e-06
48 5.80631  3.02164e-08 5.3323e-09 0.907833 1e-06
49 5.90541  3.04775e-08 5.37839e-09 0.907833 1e-06
50 6.0045  3.07365e-08 5.42409e-09 0.907833 1e-06
51 6.1036  3.09933e-08 5.4694e-09 0.907833 1e-06
52 6.2027  3.1248e-08 5.51435e-09 0.907833 1e-06
53 6.3018  3.15006e-08 5.55893e-09 0.907833 1e-06
54 6.4009  3.17512e-08 5.60315e-09 0.907833 1e-06
55 6.5  3.19998e-08 5.64703e-09 0.907833 1e-06
56 6.5991  3.22466e-08 5.69057e-09 0.907833 1e-06
57 6.6982  3.24914e-08 5.73378e-09 0.907833 1e-06
58 6.7973  3.27345e-08 5.77667e-09 0.907833 1e-06
59 6.8964  3.29757e-08 5.81924e-09 0.907833 1e-06
60 6.9955  3.32152e-08 5.8615e-09 0.907833 1e-06
61 7.09459  3.34529e-08 5.90346e-09 0.907833 1e-06
62 7.19369  3.3689e-08 5.94512e-09 0.907833 1e-06
63 7.29279  3.39235e-08 5.9865e-09 0.907833 1e-06
64 7.39189  3.41563e-08 6.02759e-09 0.907833 1e-06
65 7.49099  3.43876e-08 6.0684e-09 0.907833 1e-06
66 7.59009  3.46173e-08 6.10894e-09 0.907833 1e-06
67 7.68919  3.48455e-08 6.14921e-09 0.907833 1e-06
68 7.78829  3.50722e-08 6.18922e-09 0.907833 1e-06
69 7.88739  3.52975e-08 6.22897e-09 0.907833 1e-06
70 7.98649  3.55213e-08 6.26847e-09 0.907833 1e-06
71 8.08559  3.57438e-08 6.30773e-09 0.907833 1e-06
72 8.18468  3.59648e-08 6.34674e-09 0.907833 1e-06
73 8.28378  3.61846e-08 6.38551e-09 0.907833 1e-06
74 8.38288  3.64029e-08 6.42405e-09 0.907833 1e-06
75 8.48198  3.662e-08 6.46236e-09 0.907833 1e-06
76 8.58108  3.68358e-08 6.50044e-09 0.907833 1e-06
77 8.68018  3.70504e-08 6.5383e-09 0.907833 1e-06
78 8.77928  3.72637e-08 6.57594e-09 0.907833 1e-06
79 8.87838  3.74758e-08 6.61337e-09 0.907833 1e-06
80 8.97748  3.76867e-08 6.65059e-09 0.907833 1e-06
81 9.07658  3.78964e-08 6.6876e-09 0.907833 1e-06
82 9.17568  3.8105e-08 6.72441e-09 0.907833 1e-06
83 9.27477  3.83124e-08 6.76102e-09 0.907833 1e-06
84 9.37387  3.85188e-08 6.79743e-09 0.907833 1e-06
85 9.47297  3.8724e-08 6.83364e-09 0.907833 1e-06
86 9.57207  3.89281e-08 6.86967e-09 0.907833 1e-06
87 9.67117  3.91312e-08 6.90551e-09 0.907833 1e-06
88 9.77027  3.93332e-08 6.94116e-09 0.907833 1e-06
89 9.86937  3.95342e-08 6.97663e-09 0.907833 1e-06
90 9.96847  3.97342e-08 7.01192e-09 0.907833 1e-06
91 10.0676  3.99332e-08 7.04703e-09 0.907833 1e-06
92 10.1667  4.01312e-08 7.08197e-09 0.907833 1e-06
93 10.2658  4.03282e-08 7.11674e-09 0.907833 1e-06
94 10.3649  4.05243e-08 7.15134e-09 0.907833 1e-06
95 10.464  4.07194e-08 7.18577e-09 0.907833 1e-06
96 10.5631  4.09136e-08 7.22004e-09 0.907833 1e-06
97 10.6622  4.11068e-08 7.25415e-09 0.907833 1e-06
98 10.7613  4.12992e-08 7.28809e-09 0.907833 1e-06
99 10.8604  4.14907e-08 7.32188e-09 0.907833 1e-06
100 10.9595  4.16813e-08 7.35552e-09 0.907833 1e-06
101 11.0586  4.1871e-08 7.389e-09 0.907833 1e-06
102 11.1577  4.20599e-08 7.42233e-09 0.907833 1e-06
103 11.2568  4.22479e-08 7.45551e-09 0.907833 1e-06
104 11.3559  4.24351e-08 7.48855e-09 0.898505 1e-06
105 11.455  4.26215e-08 7.52144e-09 0.850883 1e-06
106 11.5541  4.2807e-08 7.55418e-09 0.802384 1e-06
107 11.6532  4.29918e-08 7.58679e-09 0.753458 1e-06
108 11.7523  4.31758e-08 7.61925e-09 0.704566 1e-06
109 11.8514  4.3359e-08 7.65158e-09 0.656156 1e-06
110 11.9505  4.35414e-08 7.68377e-09 0.608653 1e-06
111 12.0495  4.3723e-08 7.71583e-09 0.562446 1e-06
112 12.1486  4.39039e-08 7.74775e-09 0.517873 1e-06
113 12.2477  4.40841e-08 7.77955e-09 0.475219 1e-06
114 12.3468  4.42635e-08 7.81121e-09 0.434711 1e-06
115 12.4459  4.44422e-08 7.84275e-09 0.396514 1e-06
116 12.545  4.46202e-08 7.87416e-09 0.360737 1e-06
117 12.6441  4.47975e-08 7.90544e-09 0.327433 1e-06
118 12.7432  4.49741e-08 7.9366e-09 0.29661 1e-06
119 12.8423  4.515e-08 7.96765e-09 0.268233 1e-06
120 12.9414  4.53252e-08 7.99856e-09 0.242236 1e-06
121 13.0405  4.54997e-08 8.02937e-09 0.218524 1e-06
122 13.1396  4.56736e-08 8.06005e-09 0.196983 1e-06
123 13.2387  4.58468e-08 8.09061e-09 0.177486 1e-06
124 13.3378  4.60194e-08 8.12107e-09 0.159897 1e-06
125 13.4369  4.61913e-08 8.1514e-09 0.144076 1e-06
126 13.536  4.63626e-08 8.18163e-09 0.129884 1e-06
127 13.6351  4.65332e-08 8.21174e-09 0.117184 1e-06
128 13.7342  4.67032e-08 8.24175e-09 0.105844 1e-06
129 13.8333  4.68726e-08 8.27164e-09 0.095737 1e-06
130 13.9324  4.70414e-08 8.30143e-09 0.0867454 1e-06
131 14.0315  4.72096e-08 8.33111e-09 0.0787586 1e-06
132 14.1306  4.73772e-08 8.36069e-09 0.0716744 1e-06
133 14.2297  4.75442e-08 8.39016e-09 0.0653989 1e-06
134 14.3288  4.77107e-08 8.41953e-09 0.0598463 1e-06
135 14.4279  4.78765e-08 8.44879e-09 0.0549386 1e-06
136 14.527  4.80418e-08 8.47796e-09 0.0506053 1e-06
137 14.6261  4.82065e-08 8.50702e-09 0.0467826 1e-06
138 14.7252  4.83706e-08 8.53599e-09 0.0434133 1e-06
139 14.8243  4.85342e-08 8.56486e-09 0.0404462 1e-06
140 14.9234  4.86972e-08 8.59363e-09 0.0378354 1e-06
141 15.0225  4.88597e-08 8.6223e-09 0.0355398 1e-06
142 15.1216  4.90217e-08 8.65088e-09 0.0335232 1e-06
143 15.2207  4.91831e-08 8.67937e-09 0.0317529 1e-06
144 15.3198  4.9344e-08 8.70776e-09 0.0302003 1e-06
145 15.4189  4.95044e-08 8.73606e-09 0.0288398 1e-06
146 15.518  4.96642e-08 8.76427e-09 0.0276487 1e-06
147 15.6171  4.98236e-08 8.79239e-09 0.026607 1e-06
148 15.7162  4.99824e-08 8.82042e-09 0.025697 1e-06
149 15.8153  5.01407e-08 8.84836e-09 0.0249031 1e-06
150 15.9144  5.02985e-08 8.87621e-09 0.0242113 1e-06
151 16.0135  5.04559e-08 8.90398e-09 0.0236096 1e-06
152 16.1126  5.06127e-08 8.93166e-09 0.0230871 1e-06
153 16.2117  5.07691e-08 8.95925e-09 0.0226343 1e-06
154 16.3108  5.0925e-08 8.98676e-09 0.0222429 1e-06
155 16.4099  5.10804e-08 9.01419e-09 0.0219055 1e-06
156 16.509  5.12353e-08 9.04153e-09 0.0216155 1e-06
157 16.6081  5.13898e-08 9.06879e-09 0.0213673 1e-06
158 16.7072  5.15438e-08 9.09596e-09 0.0211558 1e-06
159 16.8063  5.16973e-08 9.12306e-09 0.0209766 1e-06
160 16.9054  5.18504e-08 9.15008e-09 0.0208258 1e-06
161 17.0045  5.20031e-08 9.17701e-09 0.0206999 1e-06
162 17.1036  5.21553e-08 9.20387e-09 0.0205958 1e-06
163 17.2027  5.2307e-08 9.23065e-09 0.0205111 1e-06
164 17.3018  5.24583e-08 9.25735e-09 0.0204432 1e-06
165 17.4009  5.26092e-08 9.28398e-09 0.0203902 1e-06
166 17.5  5.27597e-08 9.31053e-09 0.0203501 1e-06
167 17.5991  5.29097e-08 9.337e-09 0.0203216 1e-06
168 17.6982  5.30593e-08 9.3634e-09 0.020303 1e-06
169 17.7973  5.32085e-08 9.38973e-09 0.0202933 1e-06
170 17.8964  5.33572e-08 9.41598e-09 0.0202913 1e-06
171 17.9955  5.35056e-08 9.44216e-09 0.0202961 1e-06
172 18.0946  5.36535e-08 9.46826e-09 0.0203067 1e-06
173 18.1937  5.3801e-08 9.4943e-09 0.0203226 1e-06
174 18.2928  5.39481e-08 9.52026e-09 0.0203431 1e-06
175 18.3919  5.40949e-08 9.54615e-09 0.0203675 1e-06
176 18.491  5.42412e-08 9.57197e-09 0.0203954 1e-06
177 18.5901  5.43871e-08 9.59773e-09 0.0204264 1e-06
178 18.6892  5.45327e-08 9.62341e-09 0.02046 1e-06
179 18.7883  5.46778e-08 9.64903e-09 0.0204959 1e-06
180 18.8874  5.48226e-08 9.67457e-09 0.0205339 1e-06
181 18.9865  5.4967e-08 9.70005e-09 0.0205736 1e-06
182 19.0856  5.5111e-08 9.72547e-09 0.0206149 1e-06
183 19.1847  5.52546e-08 9.75082e-09 0.0206575 1e-06
184 19.2838  5.53979e-08 9.7761e-09 0.0207012 1e-06
185 19.3829  5.55408e-08 9.80131e-09 0.020746 1e-06
186 19.482  5.56833e-08 9.82647e-09 0.0207916 1e-06
187 19.5811  5.58255e-08 9.85155e-09 0.0208379 1e-06
188 19.6802  5.59673e-08 9.87658e-09 0.0208849 1e-06
189 19.7793  5.61087e-08 9.90154e-09 0.0209324 1e-06
190 19.8784  5.62498e-08 9.92644e-09 0.0209804 1e-06
191 19.9775  5.63905e-08 9.95127e-09 0.0210288 1e-06
192 20.0766  5.65309e-08 9.97604e-09 0.0210775 1e-06
193 20.1757  5.6671e-08 1.00008e-08 0.0211265 1e-06
194 20.2748  5.68106e-08 1.00254e-08 0.0211757 1e-06
195 20.3739  5.695e-08 1.005e-08 0.0212251 1e-06
196 20.473  5.7089e-08 1.00745e-08 0.0212746 1e-06
197 20.5721  5.72277e-08 1.0099e-08 0.0213243 1e-06
198 20.6712  5.7366e-08 1.01234e-08 0.021374 1e-06
199 20.7703  5.7504e-08 1.01478e-08 0.0214238 1e-06
200 20.8694  5.76417e-08 1.01721e-08 0.0214737 1e-06
201 20.9685  5.7779e-08 1.01963e-08 0.0215236 1e-06
202 21.0676  5.79161e-08 1.02205e-08 0.0215734 1e-06
203 21.1667  5.80527e-08 1.02446e-08 0.0216233 1e-06
204 21.2658  5.81891e-08 1.02687e-08 0.0216731 1e-06
205 21.3649  5.83252e-08 1.02927e-08 0.021723 1e-06
206 21.464  5.84609e-08 1.03166e-08 0.0217727 1e-06
207 21.5631  5.85963e-08 1.03405e-08 0.0218225 1e-06
208 21.6622  5.87315e-08 1.03644e-08 0.0218721 1e-06
209 21.7613  5.88663e-08 1.03882e-08 0.0219217 1e-06
210 21.8604  5.90008e-08 1.04119e-08 0.0219712 1e-06
211 21.9595  5.91349e-08 1.04356e-08 0.0220207 1e-06
212 22.0586  5.92688e-08 1.04592e-08 0.0220701 1e-06
213 22.1577  5.94024e-08 1.04828e-08 0.0221194 1e-06
214 22.2568  5.95357e-08 1.05063e-08 0.0221686 1e-06
215 22.3559  5.96687e-08 1.05298e-08 0.0222177 1e-06
216 22.455  5.98014e-08 1.05532e-08 0.0222668 1e-06
217 22.5541  5.99338e-08 1.05765e-08 0.0223157 1e-06
218 22.6532  6.00659e-08 1.05999e-08 0.0223646 1e-06
219 22.7523  6.01977e-08 1.06231e-08 0.0224133 1e-06
220 22.8514  6.03292e-08 1.06463e-08 0.022462 1e-06
221 22.9505  6.04604e-08 1.06695e-08 0.0225106 1e-06
222 23.0495  6.05914e-08 1.06926e-08 0.0225591 1e-06
223 23.1486  6.07221e-08 1.07157e-08 0.0226074 1e-06
224 23.2477  6.08525e-08 1.07387e-08 0.0226557 1e-06
225 23.3468  6.09826e-08 1.07616e-08 0.0227039 1e-06
226 23.4459  6.11124e-08 1.07845e-08 0.022752 1e-06
227 23.545  6.1242e-08 1.08074e-08 0.0228 1e-06
228 23.6441  6.13713e-08 1.08302e-08 0.0228479 1e-06
229 23.7432  6.15003e-08 1.0853e-08 0.0228957 1e-06
230 23.8423  6.1629e-08 1.08757e-08 0.0229434 1e-06
231 23.9414  6.17575e-08 1.08984e-08 0.022991 1e-06
232 24.0405  6.18857e-08 1.0921e-08 0.0230385 1e-06
233 24.1396  6.20137e-08 1.09436e-08 0.023086 1e-06
234 24.2387  6.21414e-08 1.09661e-08 0.0231333 1e-06
235 24.3378  6.22688e-08 1.09886e-08 0.0231805 1e-06
236 24.4369  6.23959e-08 1.1011e-08 0.0232276 1e-06
237 24.536  6.25228e-08 1.10334e-08 0.0232747 1e-06
238 24.6351  6.26495e-08 1.10558e-08 0.0233216 1e-06
239 24.7342  6.27759e-08 1.10781e-08 0.0233685 1e-06
240 24.8333  6.2902e-08 1.11004e-08 0.0234152 1e-06
241 24.9324  6.30279e-08 1.11226e-08 0.0234619 1e-06
242 25.0315  6.31535e-08 1.11447e-08 0.0235085 1e-06
243 25.1306  6.32789e-08 1.11669e-08 0.023555 1e-06
244 25.2297  6.3404e-08 1.11889e-08 0.0236014 1e-06
245 25.3288  6.35289e-08 1.1211e-08 0.0236477 1e-06
246 25.4279  6.36536e-08 1.1233e-08 0.0236939 1e-06
247 25.527  6.3778e-08 1.12549e-08 0.02374 1e-06
248 25.6261  6.39021e-08 1.12768e-08 0.023786 1e-06
249 25.7252  6.4026e-08 1.12987e-08 0.023832 1e-06
250 25.8243  6.41497e-08 1.13205e-08 0.0238778 1e-06
251 25.9234  6.42732e-08 1.13423e-08 0.0239236 1e-06
252 26.0225  6.43964e-08 1.13641e-08 0.0239693 1e-06
253 26.1216  6.45193e-08 1.13858e-08 0.0240149 1e-06
254 26.2207  6.46421e-08 1.14074e-08 0.0240604 1e-06
255 26.3198  6.47646e-08 1.1429e-08 0.0241058 1e-06
256 26.4189  6.48868e-08 1.14506e-08 0.0241512 1e-06
257 26.518  6.50089e-08 1.14722e-08 0.0241964 1e-06
258 26.6171  6.51307e-08 1.14937e-08 0.0242416 1e-06
259 26.7162  6.52523e-08 1.15151e-08 0.0242867 1e-06
260 26.8153  6.53736e-08 1.15365e-08 0.0243317 1e-06
261 26.9144  6.54948e-08 1.15579e-08 0.0243766 1e-06
262 27.0135  6.56157e-08 1.15792e-08 0.0244214 1e-06
263 27.1126  6.57364e-08 1.16005e-08 0.0244662 1e-06
264 27.2117  6.58568e-08 1.16218e-08 0.0245108 1e-06
265 27.3108  6.59771e-08 1.1643e-08 0.0245554 1e-06
266 27.4099  6.60971e-08 1.16642e-08 0.0245999 1e-06
267 27.509  6.62169e-08 1.16853e-08 0.0246444 1e-06
268 27.6081  6.63365e-08 1.17064e-08 0.0246887 1e-06
269 27.7072  6.64559e-08 1.17275e-08 0.024733 1e-06
270 27.8063  6.6575e-08 1.17485e-08 0.0247772 1e-06
271 27.9054  6.6694e-08 1.17695e-08 0.0248213 1e-06
272 28.0045  6.68127e-08 1.17905e-08 0.0248653 1e-06
273 28.1036  6.69313e-08 1.18114e-08 0.0249093 1e-06
274 28.2027  6.70496e-08 1.18323e-08 0.0249532 1e-06
275 28.3018  6.71677e-08 1.18531e-08 0.024997 1e-06
276 28.4009  6.72856e-08 1.18739e-08 0.0250407 1e-06
277 28.5  6.74033e-08 1.18947e-08 0.0250843 1e-06
278 28.5991  6.75208e-08 1.19154e-08 0.0251279 1e-06
279 28.6982  6.76381e-08 1.19361e-08 0.0251714 1e-06
280 28.7973  6.77552e-08 1.19568e-08 0.0252148 1e-06
281 28.8964  6.7872e-08 1.19774e-08 0.0252582 1e-06
282 28.9955  6.79887e-08 1.1998e-08 0.0253015 1e-06
283 29.0946  6.81052e-08 1.20186e-08 0.0253447 1e-06
284 29.1937  6.82215e-08 1.20391e-08 0.0253878 1e-06
285 29.2928  6.83376e-08 1.20596e-08 0.0254308 1e-06
286 29.3919  6.84535e-08 1.208e-08 0.0254738 1e-06
287 29.491  6.85692e-08 1.21004e-08 0.0255167 1e-06
288 29.5901  6.86847e-08 1.21208e-08 0.0255596 1e-06
289 29.6892  6.88e-08 1.21412e-08 0.0256023 1e-06
290 29.7883  6.89151e-08 1.21615e-08 0.025645 1e-06
291 29.8874  6.903e-08 1.21818e-08 0.0256876 1e-06
292 29.9865  6.91447e-08 1.2202e-08 0.0257302 1e-06
293 30.0856  6.92593e-08 1.22222e-08 0.0257727 1e-06
294 30.1847  6.93736e-08 1.22424e-08 0.0258151 1e-06
295 30.2838  6.94878e-08 1.22625e-08 0.0258574 1e-06
296 30.3829  6.96017e-08 1.22827e-08 0.0258997 1e-06
297 30.482  6.97155e-08 1.23027e-08 0.0259419 1e-06
298 30.5811  6.98291e-08 1.23228e-08 0.025984 1e-06
299 30.6802  6.99425e-08 1.23428e-08 0.0260261 1e-06
300 30.7793  7.00558e-08 1.23628e-08 0.0260681 1e-06
301 30.8784  7.01688e-08 1.23827e-08 0.02611 1e-06
302 30.9775  7.02817e-08 1.24027e-08 0.0261519 1e-06
303 31.0766  7.03944e-08 1.24225e-08 0.0261937 1e-06
304 31.1757  7.05069e-08 1.24424e-08 0.0262354 1e-06
305 31.2748  7.06192e-08 1.24622e-08 0.0262771 1e-06
306 31.3739  7.07314e-08 1.2482e-08 0.0263187 1e-06
307 31.473  7.08433e-08 1.25018e-08 0.0263602 1e-06
308 31.5721  7.09551e-08 1.25215e-08 0.0264017 1e-06
309 31.6712  7.10668e-08 1.25412e-08 0.0264431 1e-06
310 31.7703  7.11782e-08 1.25609e-08 0.0264844 1e-06
311 31.8694  7.12895e-08 1.25805e-08 0.0265257 1e-06
312 31.9685  7.14006e-08 1.26001e-08 0.0265669 1e-06
313 32.0676  7.15115e-08 1.26197e-08 0.0266081 1e-06
314 32.1667  7.16222e-08 1.26392e-08 0.0266491 1e-06
315 32.2658  7.17328e-08 1.26587e-08 0.0266902 1e-06
316 32.3649  7.18432e-08 1.26782e-08 0.0267311 1e-06
317 32.464  7.19535e-08 1.26977e-08 0.026772 1e-06
318 32.5631  7.20636e-08 1.27171e-08 0.0268128 1e-06
319 32.6622  7.21735e-08 1.27365e-08 0.0268536 1e-06
320 32.7613  7.22832e-08 1.27559e-08 0.0268943 1e-06
321 32.8604  7.23928e-08 1.27752e-08 0.026935 1e-06
322 32.9595  7.25022e-08 1.27945e-08 0.0269756 1e-06
323 33.0586  7.26114e-08 1.28138e-08 0.0270161 1e-06
324 33.1577  7.27205e-08 1.2833e-08 0.0270565 1e-06
325 33.2568  7.28294e-08 1.28522e-08 0.0270969 1e-06
326 33.3559  7.29382e-08 1.28714e-08 0.0271373 1e-06
327 33.455  7.30468e-08 1.28906e-08 0.0271776 1e-06
328 33.5541  7.31552e-08 1.29097e-08 0.0272178 1e-06
329 33.6532  7.32635e-08 1.29288e-08 0.0272579 1e-06
330 33.7523  7.33716e-08 1.29479e-08 0.0272981 1e-06
331 33.8514  7.34795e-08 1.2967e-08 0.0273381 1e-06
332 33.9505  7.35873e-08 1.2986e-08 0.0273781 1e-06
333 34.0495  7.36949e-08 1.3005e-08 0.027418 1e-06
334 34.1486  7.38024e-08 1.3024e-08 0.0274579 1e-06
335 34.2477  7.39097e-08 1.30429e-08 0.0274977 1e-06
336 34.3468  7.40169e-08 1.30618e-08 0.0275375 1e-06
337 34.4459  7.41239e-08 1.30807e-08 0.0275771 1e-06
338 34.545  7.42308e-08 1.30995e-08 0.0276168 1e-06
339 34.6441  7.43375e-08 1.31184e-08 0.0276564 1e-06
340 34.7432  7.4444e-08 1.31372e-08 0.0276959 1e-06
341 34.8423  7.45504e-08 1.3156e-08 0.0277354 1e-06
342 34.9414  7.46567e-08 1.31747e-08 0.0277748 1e-06
343 35.0405  7.47627e-08 1.31934e-08 0.0278141 1e-06
344 35.1396  7.48687e-08 1.32121e-08 0.0278534 1e-06
345 35.2387  7.49745e-08 1.32308e-08 0.0278927 1e-06
346 35.3378  7.50801e-08 1.32494e-08 0.0279319 1e-06
347 35.4369  7.51856e-08 1.32681e-08 0.027971 1e-06
348 35.536  7.5291e-08 1.32866e-08 0.0280101 1e-06
349 35.6351  7.53962e-08 1.33052e-08 0.0280491 1e-06
350 35.7342  7.55012e-08 1.33237e-08 0.0280881 1e-06
351 35.8333  7.56061e-08 1.33423e-08 0.028127 1e-06
352 35.9324  7.57109e-08 1.33607e-08 0.0281659 1e-06
353 36.0315  7.58155e-08 1.33792e-08 0.0282047 1e-06
354 36.1306  7.592e-08 1.33976e-08 0.0282435 1e-06
355 36.2297  7.60243e-08 1.34161e-08 0.0282822 1e-06
356 36.3288  7.61285e-08 1.34344e-08 0.0283208 1e-06
357 36.4279  7.62326e-08 1.34528e-08 0.0283594 1e-06
358 36.527  7.63365e-08 1.34711e-08 0.028398 1e-06
359 36.6261  7.64402e-08 1.34895e-08 0.0284365 1e-06
360 36.7252  7.65438e-08 1.35077e-08 0.0284749 1e-06
361 36.8243  7.66473e-08 1.3526e-08 0.0285133 1e-06
362 36.9234  7.67507e-08 1.35442e-08 0.0285517 1e-06
363 37.0225  7.68539e-08 1.35624e-08 0.0285899 1e-06
364 37.1216  7.69569e-08 1.35806e-08 0.0286282 1e-06
365 37.2207  7.70599e-08 1.35988e-08 0.0286664 1e-06
366 37.3198  7.71627e-08 1.36169e-08 0.0287045 1e-06
367 37.4189  7.72653e-08 1.36351e-08 0.0287426 1e-06
368 37.518  7.73678e-08 1.36531e-08 0.0287806 1e-06
369 37.6171  7.74702e-08 1.36712e-08 0.0288186 1e-06
370 37.7162  7.75725e-08 1.36893e-08 0.0288565 1e-06
371 37.8153  7.76746e-08 1.37073e-08 0.0288944 1e-06
372 37.9144  7.77765e-08 1.37253e-08 0.0289323 1e-06
373 38.0135  7.78784e-08 1.37432e-08 0.0289701 1e-06
374 38.1126  7.79801e-08 1.37612e-08 0.0290078 1e-06
375 38.2117  7.80817e-08 1.37791e-08 0.0290455 1e-06
376 38.3108  7.81831e-08 1.3797e-08 0.0290831 1e-06
377 38.4099  7.82844e-08 1.38149e-08 0.0291207 1e-06
378 38.509  7.83856e-08 1.38328e-08 0.0291583 1e-06
379 38.6081  7.84867e-08 1.38506e-08 0.0291957 1e-06
380 38.7072  7.85876e-08 1.38684e-08 0.0292332 1e-06
381 38.8063  7.86884e-08 1.38862e-08 0.0292706 1e-06
382 38.9054  7.87891e-08 1.3904e-08 0.0293079 1e-06
383 39.0045  7.88896e-08 1.39217e-08 0.0293452 1e-06
384 39.1036  7.899e-08 1.39394e-08 0.0293825 1e-06
385 39.2027  7.90903e-08 1.39571e-08 0.0294197 1e-06
386 39.3018  7.91904e-08 1.39748e-08 0.0294569 1e-06
387 39.4009  7.92905e-08 1.39924e-08 0.029494 1e-06
388 39.5  7.93904e-08 1.40101e-08 0.029531 1e-06
389 39.5991  7.94901e-08 1.40277e-08 0.0295681 1e-06
390 39.6982  7.95898e-08 1.40453e-08 0.029605 1e-06
391 39.7973  7.96893e-08 1.40628e-08 0.029642 1e-06
392 39.8964  7.97887e-08 1.40804e-08 0.0296789 1e-06
393 39.9955  7.9888e-08 1.40979e-08 0.0297157 1e-06
394 40.0946  7.99872e-08 1.41154e-08 0.0297525 1e-06
395 40.1937  8.00862e-08 1.41329e-08 0.0297892 1e-06
396 40.2928  8.01851e-08 1.41503e-08 0.0298259 1e-06
397 40.3919  8.02839e-08 1.41677e-08 0.0298626 1e-06
398 40.491  8.03826e-08 1.41852e-08 0.0298992 1e-06
399 40.5901  8.04811e-08 1.42025e-08 0.0299358 1e-06
400 40.6892  8.05795e-08 1.42199e-08 0.0299723 1e-06
401 40.7883  8.06778e-08 1.42373e-08 0.0300088 1e-06
402 40.8874  8.0776e-08 1.42546e-08 0.0300452 1e-06
403 40.9865  8.08741e-08 1.42719e-08 0.0300816 1e-06
404 41.0856  8.0972e-08 1.42892e-08 0.0301179 1e-06
405 41.1847  8.10699e-08 1.43064e-08 0.0301542 1e-06
406 41.2838  8.11676e-08 1.43237e-08 0.0301905 1e-06
407 41.3829  8.12652e-08 1.43409e-08 0.0302267 1e-06
408 41.482  8.13626e-08 1.43581e-08 0.0302629 1e-06
409 41.5811  8.146e-08 1.43753e-08 0.030299 1e-06
410 41.6802  8.15573e-08 1.43925e-08 0.0303351 1e-06
411 41.7793  8.16544e-08 1.44096e-08 0.0303711 1e-06
412 41.8784  8.17514e-08 1.44267e-08 0.0304071 1e-06
413 41.9775  8.18483e-08 1.44438e-08 0.0304431 1e-06
414 42.0766  8.19451e-08 1.44609e-08 0.030479 1e-06
415 42.1757  8.20417e-08 1.4478e-08 0.0305149 1e-06
416 42.2748  8.21383e-08 1.4495e-08 0.0305507 1e-06
417 42.3739  8.22347e-08 1.4512e-08 0.0305865 1e-06
418 42.473  8.23311e-08 1.4529e-08 0.0306222 1e-06
419 42.5721  8.24273e-08 1.4546e-08 0.0306579 1e-06
420 42.6712  8.25234e-08 1.4563e-08 0.0306936 1e-06
421 42.7703  8.26194e-08 1.45799e-08 0.0307292 1e-06
422 42.8694  8.27153e-08 1.45968e-08 0.0307648 1e-06
423 42.9685  8.2811e-08 1.46137e-08 0.0308003 1e-06
424 43.0676  8.29067e-08 1.46306e-08 0.0308358 1e-06
425 43.1667  8.30022e-08 1.46475e-08 0.0308713 1e-06
426 43.2658  8.30977e-08 1.46643e-08 0.0309067 1e-06
427 43.3649  8.3193e-08 1.46811e-08 0.0309421 1e-06
428 43.464  8.32882e-08 1.46979e-08 0.0309774 1e-06
429 43.5631  8.33834e-08 1.47147e-08 0.0310127 1e-06
430 43.6622  8.34784e-08 1.47315e-08 0.0310479 1e-06
431 43.7613  8.35733e-08 1.47482e-08 0.0310832 1e-06
432 43.8604  8.3668e-08 1.47649e-08 0.0311183 1e-06
433 43.9595  8.37627e-08 1.47817e-08 0.0311535 1e-06
434 44.0586  8.38573e-08 1.47983e-08 0.0311886 1e-06
435 44.1577  8.39518e-08 1.4815e-08 0.0312236 1e-06
436 44.2568  8.40461e-08 1.48317e-08 0.0312586 1e-06
437 44.3559  8.41404e-08 1.48483e-08 0.0312936 1e-06
438 44.455  8.42345e-08 1.48649e-08 0.0313286 1e-06
439 44.5541  8.43286e-08 1.48815e-08 0.0313635 1e-06
440 44.6532  8.44225e-08 1.48981e-08 0.0313983 1e-06
441 44.7523  8.45164e-08 1.49147e-08 0.0314331 1e-06
442 44.8514  8.46101e-08 1.49312e-08 0.0314679 1e-06
443 44.9505  8.47037e-08 1.49477e-08 0.0315027 1e-06
444 45.0495  8.47972e-08 1.49642e-08 0.0315374 1e-06
445 45.1486  8.48907e-08 1.49807e-08 0.031572 1e-06
446 45.2477  8.4984e-08 1.49972e-08 0.0316067 1e-06
447 45.3468  8.50772e-08 1.50136e-08 0.0316413 1e-06
448 45.4459  8.51703e-08 1.50301e-08 0.0316758 1e-06
449 45.545  8.52633e-08 1.50465e-08 0.0317103 1e-06
450 45.6441  8.53562e-08 1.50629e-08 0.0317448 1e-06
451 45.7432  8.5449e-08 1.50792e-08 0.0317793 1e-06
452 45.8423  8.55418e-08 1.50956e-08 0.0318137 1e-06
453 45.9414  8.56344e-08 1.51119e-08 0.031848 1e-06
454 46.0405  8.57269e-08 1.51283e-08 0.0318824 1e-06
455 46.1396  8.58193e-08 1.51446e-08 0.0319167 1e-06
456 46.2387  8.59116e-08 1.51609e-08 0.0319509 1e-06
457 46.3378  8.60038e-08 1.51771e-08 0.0319851 1e-06
458 46.4369  8.60959e-08 1.51934e-08 0.0320193 1e-06
459 46.536  8.61879e-08 1.52096e-08 0.0320535 1e-06
460 46.6351  8.62798e-08 1.52259e-08 0.0320876 1e-06
461 46.7342  8.63717e-08 1.52421e-08 0.0321217 1e-06
462 46.8333  8.64634e-08 1.52582e-08 0.0321557 1e-06
463 46.9324  8.6555e-08 1.52744e-08 0.0321897 1e-06
464 47.0315  8.66465e-08 1.52906e-08 0.0322237 1e-06
465 47.1306  8.6738e-08 1.53067e-08 0.0322576 1e-06
466 47.2297  8.68293e-08 1.53228e-08 0.0322915 1e-06
467 47.3288  8.69205e-08 1.53389e-08 0.0323253 1e-06
468 47.4279  8.70117e-08 1.5355e-08 0.0323592 1e-06
469 47.527  8.71027e-08 1.53711e-08 0.032393 1e-06
470 47.6261  8.71937e-08 1.53871e-08 0.0324267 1e-06
471 47.7252  8.72845e-08 1.54032e-08 0.0324604 1e-06
472 47.8243  8.73753e-08 1.54192e-08 0.0324941 1e-06
473 47.9234  8.7466e-08 1.54352e-08 0.0325278 1e-06
474 48.0225  8.75565e-08 1.54512e-08 0.0325614 1e-06
475 48.1216  8.7647e-08 1.54671e-08 0.032595 1e-06
476 48.2207  8.77374e-08 1.54831e-08 0.0326285 1e-06
477 48.3198  8.78277e-08 1.5499e-08 0.032662 1e-06
478 48.4189  8.79179e-08 1.55149e-08 0.0326955 1e-06
479 48.518  8.8008e-08 1.55308e-08 0.0327289 1e-06
480 48.6171  8.8098e-08 1.55467e-08 0.0327623 1e-06
481 48.7162  8.81879e-08 1.55626e-08 0.0327957 1e-06
482 48.8153  8.82778e-08 1.55784e-08 0.0328291 1e-06
483 48.9144  8.83675e-08 1.55943e-08 0.0328624 1e-06
484 49.0135  8.84572e-08 1.56101e-08 0.0328956 1e-06
485 49.1126  8.85467e-08 1.56259e-08 0.0329289 1e-06
486 49.2117  8.86362e-08 1.56417e-08 0.0329621 1e-06
487 49.3108  8.87256e-08 1.56575e-08 0.0329952 1e-06
488 49.4099  8.88149e-08 1.56732e-08 0.0330284 1e-06
489 49.509  8.89041e-08 1.5689e-08 0.0330615 1e-06
490 49.6081  8.89932e-08 1.57047e-08 0.0330946 1e-06
491 49.7072  8.90822e-08 1.57204e-08 0.0331276 1e-06
492 49.8063  8.91711e-08 1.57361e-08 0.0331606 1e-06
493 49.9054  8.926e-08 1.57518e-08 0.0331936 1e-06
494 50.0045  8.93487e-08 1.57674e-08 0.0332265 1e-06
495 50.1036  8.94374e-08 1.57831e-08 0.0332594 1e-06
496 50.2027  8.9526e-08 1.57987e-08 0.0332923 1e-06
497 50.3018  8.96145e-08 1.58143e-08 0.0333251 1e-06
498 50.4009  8.97029e-08 1.58299e-08 0.033358 1e-06
499 50.5  8.97912e-08 1.58455e-08 0.0333907 1e-06
500 50.5991  8.98794e-08 1.58611e-08 0.0334235 1e-06
501 50.6982  8.99676e-08 1.58766e-08 0.0334562 1e-06
502 50.7973  9.00556e-08 1.58922e-08 0.0334889 1e-06
503 50.8964  9.01436e-08 1.59077e-08 0.0335215 1e-06
504 50.9955  9.02315e-08 1.59232e-08 0.0335541 1e-06
505 51.0946  9.03193e-08 1.59387e-08 0.0335867 1e-06
506 51.1937  9.0407e-08 1.59542e-08 0.0336193 1e-06
507 51.2928  9.04946e-08 1.59696e-08 0.0336518 1e-06
508 51.3919  9.05822e-08 1.59851e-08 0.0336843 1e-06
509 51.491  9.06696e-08 1.60005e-08 0.0337168 1e-06
510 51.5901  9.0757e-08 1.60159e-08 0.0337492 1e-06
511 51.6892  9.08443e-08 1.60313e-08 0.0337816 1e-06
512 51.7883  9.09315e-08 1.60467e-08 0.033814 1e-06
513 51.8874  9.10186e-08 1.60621e-08 0.0338463 1e-06
514 51.9865  9.11057e-08 1.60775e-08 0.0338786 1e-06
515 52.0856  9.11926e-08 1.60928e-08 0.0339109 1e-06
516 52.1847  9.12795e-08 1.61082e-08 0.0339431 1e-06
517 52.2838  9.13663e-08 1.61235e-08 0.0339753 1e-06
518 52.3829  9.1453e-08 1.61388e-08 0.0340075 1e-06
519 52.482  9.15397e-08 1.61541e-08 0.0340397 1e-06
520 52.5811  9.16262e-08 1.61693e-08 0.0340718 1e-06
521 52.6802  9.17127e-08 1.61846e-08 0.0341039 1e-06
522 52.7793  9.17991e-08 1.61998e-08 0.034136 1e-06
523 52.8784  9.18854e-08 1.62151e-08 0.034168 1e-06
524 52.9775  9.19716e-08 1.62303e-08 0.0342 1e-06
525 53.0766  9.20577e-08 1.62455e-08 0.034232 1e-06
526 53.1757  9.21438e-08 1.62607e-08 0.0342639 1e-06
527 53.2748  9.22298e-08 1.62758e-08 0.0342958 1e-06
528 53.3739  9.23157e-08 1.6291e-08 0.0343277 1e-06
529 53.473  9.24015e-08 1.63061e-08 0.0343595 1e-06
530 53.5721  9.24872e-08 1.63213e-08 0.0343914 1e-06
531 53.6712  9.25729e-08 1.63364e-08 0.0344232 1e-06
532 53.7703  9.26585e-08 1.63515e-08 0.0344549 1e-06
533 53.8694  9.2744e-08 1.63666e-08 0.0344867 1e-06
534 53.9685  9.28294e-08 1.63817e-08 0.0345184 1e-06
535 54.0676  9.29147e-08 1.63967e-08 0.0345501 1e-06
536 54.1667  9.3e-08 1.64118e-08 0.0345817 1e-06
537 54.2658  9.30852e-08 1.64268e-08 0.0346133 1e-06
538 54.3649  9.31703e-08 1.64418e-08 0.0346449 1e-06
539 54.464  9.32553e-08 1.64568e-08 0.0346765 1e-06
540 54.5631  9.33403e-08 1.64718e-08 0.034708 1e-06
541 54.6622  9.34252e-08 1.64868e-08 0.0347395 1e-06
542 54.7613  9.351e-08 1.65018e-08 0.034771 1e-06
543 54.8604  9.35947e-08 1.65167e-08 0.0348024 1e-06
544 54.9595  9.36794e-08 1.65317e-08 0.0348339 1e-06
545 55.0586  9.37639e-08 1.65466e-08 0.0348652 1e-06
546 55.1577  9.38484e-08 1.65615e-08 0.0348966 1e-06
547 55.2568  9.39328e-08 1.65764e-08 0.0349279 1e-06
548 55.3559  9.40172e-08 1.65913e-08 0.0349592 1e-06
549 55.455  9.41015e-08 1.66061e-08 0.0349905 1e-06
550 55.5541  9.41857e-08 1.6621e-08 0.0350218 1e-06
551 55.6532  9.42698e-08 1.66358e-08 0.035053 1e-06
552 55.7523  9.43538e-08 1.66507e-08 0.0350842 1e-06
553 55.8514  9.44378e-08 1.66655e-08 0.0351154 1e-06
554 55.9505  9.45217e-08 1.66803e-08 0.0351465 1e-06
555 56.0495  9.46055e-08 1.66951e-08 0.0351776 1e-06
556 56.1486  9.46892e-08 1.67099e-08 0.0352087 1e-06
557 56.2477  9.47729e-08 1.67246e-08 0.0352398 1e-06
558 56.3468  9.48565e-08 1.67394e-08 0.0352708 1e-06
559 56.4459  9.494e-08 1.67541e-08 0.0353018 1e-06
560 56.545  9.50235e-08 1.67689e-08 0.0353328 1e-06
561 56.6441  9.51069e-08 1.67836e-08 0.0353637 1e-06
562 56.7432  9.51902e-08 1.67983e-08 0.0353946 1e-06
563 56.8423  9.52734e-08 1.6813e-08 0.0354255 1e-06
564 56.9414  9.53566e-08 1.68276e-08 0.0354564 1e-06
565 57.0405  9.54396e-08 1.68423e-08 0.0354872 1e-06
566 57.1396  9.55227e-08 1.68569e-08 0.035518 1e-06
567 57.2387  9.56056e-08 1.68716e-08 0.0355488 1e-06
568 57.3378  9.56885e-08 1.68862e-08 0.0355796 1e-06
569 57.4369  9.57713e-08 1.69008e-08 0.0356103 1e-06
570 57.536  9.5854e-08 1.69154e-08 0.035641 1e-06
571 57.6351  9.59366e-08 1.693e-08 0.0356717 1e-06
572 57.7342  9.60192e-08 1.69446e-08 0.0357024 1e-06
573 57.8333  9.61017e-08 1.69591e-08 0.035733 1e-06
574 57.9324  9.61842e-08 1.69737e-08 0.0357636 1e-06
575 58.0315  9.62666e-08 1.69882e-08 0.0357942 1e-06
576 58.1306  9.63489e-08 1.70027e-08 0.0358247 1e-06
577 58.2297  9.64311e-08 1.70173e-08 0.0358552 1e-06
578 58.3288  9.65133e-08 1.70318e-08 0.0358857 1e-06
579 58.4279  9.65953e-08 1.70462e-08 0.0359162 1e-06
580 58.527  9.66774e-08 1.70607e-08 0.0359467 1e-06
581 58.6261  9.67593e-08 1.70752e-08 0.0359771 1e-06
582 58.7252  9.68412e-08 1.70896e-08 0.0360075 1e-06
583 58.8243  9.6923e-08 1.71041e-08 0.0360378 1e-06
584 58.9234  9.70048e-08 1.71185e-08 0.0360682 1e-06
585 59.0225  9.70864e-08 1.71329e-08 0.0360985 1e-06
586 59.1216  9.7168e-08 1.71473e-08 0.0361288 1e-06
587 59.2207  9.72496e-08 1.71617e-08 0.0361591 1e-06
588 59.3198  9.7331e-08 1.71761e-08 0.0361893 1e-06
589 59.4189  9.74124e-08 1.71904e-08 0.0362195 1e-06
590 59.518  9.74938e-08 1.72048e-08 0.0362497 1e-06
591 59.6171  9.75751e-08 1.72191e-08 0.0362799 1e-06
592 59.7162  9.76562e-08 1.72335e-08 0.03631 1e-06
593 59.8153  9.77374e-08 1.72478e-08 0.0363401 1e-06
594 59.9144  9.78184e-08 1.72621e-08 0.0363702 1e-06
595 60.0135  9.78994e-08 1.72764e-08 0.0364003 1e-06
596 60.1126  9.79804e-08 1.72907e-08 0.0364303 1e-06
597 60.2117  9.80612e-08 1.73049e-08 0.0364603 1e-06
598 60.3108  9.8142e-08 1.73192e-08 0.0364903 1e-06
599 60.4099  9.82228e-08 1.73334e-08 0.0365203 1e-06
600 60.509  9.83034e-08 1.73477e-08 0.0365502 1e-06
601 60.6081  9.8384e-08 1.73619e-08 0.0365802 1e-06
602 60.7072  9.84646e-08 1.73761e-08 0.0366101 1e-06
603 60.8063  9.8545e-08 1.73903e-08 0.0366399 1e-06
604 60.9054  9.86254e-08 1.74045e-08 0.0366698 1e-06
605 61.0045  9.87058e-08 1.74187e-08 0.0366996 1e-06
606 61.1036  9.8786e-08 1.74328e-08 0.0367294 1e-06
607 61.2027  9.88662e-08 1.7447e-08 0.0367592 1e-06
608 61.3018  9.89464e-08 1.74611e-08 0.0367889 1e-06
609 61.4009  9.90264e-08 1.74753e-08 0.0368186 1e-06
610 61.5  9.91064e-08 1.74894e-08 0.0368483 1e-06
611 61.5991  9.91864e-08 1.75035e-08 0.036878 1e-06
612 61.6982  9.92663e-08 1.75176e-08 0.0369077 1e-06
613 61.7973  9.93461e-08 1.75317e-08 0.0369373 1e-06
614 61.8964  9.94258e-08 1.75457e-08 0.0369669 1e-06
615 61.9955  9.95055e-08 1.75598e-08 0.0369965 1e-06
616 62.0946  9.95852e-08 1.75739e-08 0.037026 1e-06
617 62.1937  9.96647e-08 1.75879e-08 0.0370556 1e-06
618 62.2928  9.97442e-08 1.76019e-08 0.0370851 1e-06
619 62.3919  9.98236e-08 1.76159e-08 0.0371146 1e-06
620 62.491  9.9903e-08 1.76299e-08 0.037144 1e-06
621 62.5901  9.99823e-08 1.76439e-08 0.0371735 1e-06
622 62.6892  1.00062e-07 1.76579e-08 0.0372029 1e-06
623 62.7883  1.00141e-07 1.76719e-08 0.0372323 1e-06
624 62.8874  1.0022e-07 1.76859e-08 0.0372616 1e-06
625 62.9865  1.00299e-07 1.76998e-08 0.037291 1e-06
626 63.0856  1.00378e-07 1.77138e-08 0.0373203 1e-06
627 63.1847  1.00457e-07 1.77277e-08 0.0373496 1e-06
628 63.2838  1.00536e-07 1.77416e-08 0.0373789 1e-06
629 63.3829  1.00615e-07 1.77555e-08 0.0374082 1e-06
630 63.482  1.00693e-07 1.77694e-08 0.0374374 1e-06
631 63.5811  1.00772e-07 1.77833e-08 0.0374666 1e-06
632 63.6802  1.00851e-07 1.77972e-08 0.0374958 1e-06
633 63.7793  1.00929e-07 1.7811e-08 0.0375249 1e-06
634 63.8784  1.01008e-07 1.78249e-08 0.0375541 1e-06
635 63.9775  1.01086e-07 1.78387e-08 0.0375832 1e-06
636 64.0766  1.01164e-07 1.78526e-08 0.0376123 1e-06
637 64.1757  1.01243e-07 1.78664e-08 0.0376414 1e-06
638 64.2748  1.01321e-07 1.78802e-08 0.0376704 1e-06
639 64.3739  1.01399e-07 1.7894e-08 0.0376995 1e-06
640 64.473  1.01477e-07 1.79078e-08 0.0377285 1e-06
641 64.5721  1.01555e-07 1.79216e-08 0.0377574 1e-06
642 64.6712  1.01634e-07 1.79353e-08 0.0377864 1e-06
643 64.7703  1.01711e-07 1.79491e-08 0.0378154 1e-06
644 64.8694  1.01789e-07 1.79628e-08 0.0378443 1e-06
645 64.9685  1.01867e-07 1.79766e-08 0.0378732 1e-06
646 65.0676  1.01945e-07 1.79903e-08 0.037902 1e-06
647 65.1667  1.02023e-07 1.8004e-08 0.0379309 1e-06
648 65.2658  1.021e-07 1.80177e-08 0.0379597 1e-06
649 65.3649  1.02178e-07 1.80314e-08 0.0379885 1e-06
650 65.464  1.02256e-07 1.80451e-08 0.0380173 1e-06
651 65.5631  1.02333e-07 1.80588e-08 0.0380461 1e-06
652 65.6622  1.0241e-07 1.80724e-08 0.0380748 1e-06
653 65.7613  1.02488e-07 1.80861e-08 0.0381035 1e-06
654 65.8604  1.02565e-07 1.80997e-08 0.0381322 1e-06
655 65.9595  1.02642e-07 1.81134e-08 0.0381609 1e-06
656 66.0586  1.0272e-07 1.8127e-08 0.0381896 1e-06
657 66.1577  1.02797e-07 1.81406e-08 0.0382182 1e-06
658 66.2568  1.02874e-07 1.81542e-08 0.0382468 1e-06
659 66.3559  1.02951e-07 1.81678e-08 0.0382754 1e-06
660 66.455  1.03028e-07 1.81814e-08 0.038304 1e-06
661 66.5541  1.03105e-07 1.81949e-08 0.0383325 1e-06
662 66.6532  1.03181e-07 1.82085e-08 0.0383611 1e-06
663 66.7523  1.03258e-07 1.8222e-08 0.0383896 1e-06
664 66.8514  1.03335e-07 1.82356e-08 0.0384181 1e-06
665 66.9505  1.03412e-07 1.82491e-08 0.0384465 1e-06
666 67.0495  1.03488e-07 1.82626e-08 0.038475 1e-06
667 67.1486  1.03565e-07 1.82762e-08 0.0385034 1e-06
668 67.2477  1.03641e-07 1.82897e-08 0.0385318 1e-06
669 67.3468  1.03718e-07 1.83031e-08 0.0385602 1e-06
670 67.4459  1.03794e-07 1.83166e-08 0.0385885 1e-06
671 67.545  1.03871e-07 1.83301e-08 0.0386169 1e-06
672 67.6441  1.03947e-07 1.83436e-08 0.0386452 1e-06
673 67.7432  1.04023e-07 1.8357e-08 0.0386735 1e-06
674 67.8423  1.04099e-07 1.83705e-08 0.0387018 1e-06
675 67.9414  1.04175e-07 1.83839e-08 0.03873 1e-06
676 68.0405  1.04251e-07 1.83973e-08 0.0387583 1e-06
677 68.1396  1.04327e-07 1.84107e-08 0.0387865 1e-06
678 68.2387  1.04403e-07 1.84241e-08 0.0388147 1e-06
679 68.3378  1.04479e-07 1.84375e-08 0.0388428 1e-06
680 68.4369  1.04555e-07 1.84509e-08 0.038871 1e-06
681 68.536  1.04631e-07 1.84643e-08 0.0388991 1e-06
682 68.6351  1.04707e-07 1.84776e-08 0.0389272 1e-06
683 68.7342  1.04782e-07 1.8491e-08 0.0389553 1e-06
684 68.8333  1.04858e-07 1.85043e-08 0.0389834 1e-06
685 68.9324  1.04933e-07 1.85177e-08 0.0390114 1e-06
686 69.0315  1.05009e-07 1.8531e-08 0.0390395 1e-06
687 69.1306  1.05084e-07 1.85443e-08 0.0390675 1e-06
688 69.2297  1.0516e-07 1.85576e-08 0.0390955 1e-06
689 69.3288  1.05235e-07 1.85709e-08 0.0391235 1e-06
690 69.4279  1.0531e-07 1.85842e-08 0.0391514 1e-06
691 69.527  1.05386e-07 1.85975e-08 0.0391793 1e-06
692 69.6261  1.05461e-07 1.86107e-08 0.0392073 1e-06
693 69.7252  1.05536e-07 1.8624e-08 0.0392351 1e-06
694 69.8243  1.05611e-07 1.86372e-08 0.039263 1e-06
695 69.9234  1.05686e-07 1.86505e-08 0.0392909 1e-06
696 70.0225  1.05761e-07 1.86637e-08 0.0393187 1e-06
697 70.1216  1.05836e-07 1.86769e-08 0.0393465 1e-06
698 70.2207  1.05911e-07 1.86902e-08 0.0393743 1e-06
699 70.3198  1.05986e-07 1.87034e-08 0.0394021 1e-06
700 70.4189  1.0606e-07 1.87165e-08 0.0394298 1e-06
701 70.518  1.06135e-07 1.87297e-08 0.0394576 1e-06
702 70.6171  1.0621e-07 1.87429e-08 0.0394853 1e-06
703 70.7162  1.06284e-07 1.87561e-08 0.039513 1e-06
704 70.8153  1.06359e-07 1.87692e-08 0.0395407 1e-06
705 70.9144  1.06433e-07 1.87824e-08 0.0395683 1e-06
706 71.0135  1.06508e-07 1.87955e-08 0.039596 1e-06
707 71.1126  1.06582e-07 1.88086e-08 0.0396236 1e-06
708 71.2117  1.06657e-07 1.88218e-08 0.0396512 1e-06
709 71.3108  1.06731e-07 1.88349e-08 0.0396787 1e-06
710 71.4099  1.06805e-07 1.8848e-08 0.0397063 1e-06
711 71.509  1.06879e-07 1.88611e-08 0.0397339 1e-06
712 71.6081  1.06953e-07 1.88741e-08 0.0397614 1e-06
713 71.7072  1.07028e-07 1.88872e-08 0.0397889 1e-06
714 71.8063  1.07102e-07 1.89003e-08 0.0398164 1e-06
715 71.9054  1.07176e-07 1.89133e-08 0.0398438 1e-06
716 72.0045  1.07249e-07 1.89264e-08 0.0398713 1e-06
717 72.1036  1.07323e-07 1.89394e-08 0.0398987 1e-06
718 72.2027  1.07397e-07 1.89524e-08 0.0399261 1e-06
719 72.3018  1.07471e-07 1.89655e-08 0.0399535 1e-06
720 72.4009  1.07545e-07 1.89785e-08 0.0399809 1e-06
721 72.5  1.07618e-07 1.89915e-08 0.0400082 1e-06
722 72.5991  1.07692e-07 1.90045e-08 0.0400356 1e-06
723 72.6982  1.07766e-07 1.90175e-08 0.0400629 1e-06
724 72.7973  1.07839e-07 1.90304e-08 0.0400902 1e-06
725 72.8964  1.07913e-07 1.90434e-08 0.0401174 1e-06
726 72.9955  1.07986e-07 1.90564e-08 0.0401447 1e-06
727 73.0946  1.08059e-07 1.90693e-08 0.040172 1e-06
728 73.1937  1.08133e-07 1.90822e-08 0.0401992 1e-06
729 73.2928  1.08206e-07 1.90952e-08 0.0402264 1e-06
730 73.3919  1.08279e-07 1.91081e-08 0.0402536 1e-06
731 73.491  1.08352e-07 1.9121e-08 0.0402807 1e-06
732 73.5901  1.08426e-07 1.91339e-08 0.0403079 1e-06
733 73.6892  1.08499e-07 1.91468e-08 0.040335 1e-06
734 73.7883  1.08572e-07 1.91597e-08 0.0403621 1e-06
735 73.8874  1.08645e-07 1.91726e-08 0.0403892 1e-06
736 73.9865  1.08718e-07 1.91854e-08 0.0404163 1e-06
737 74.0856  1.0879e-07 1.91983e-08 0.0404434 1e-06
738 74.1847  1.08863e-07 1.92112e-08 0.0404704 1e-06
739 74.2838  1.08936e-07 1.9224e-08 0.0404974 1e-06
740 74.3829  1.09009e-07 1.92368e-08 0.0405244 1e-06
741 74.482  1.09081e-07 1.92497e-08 0.0405514 1e-06
742 74.5811  1.09154e-07 1.92625e-08 0.0405784 1e-06
743 74.6802  1.09227e-07 1.92753e-08 0.0406053 1e-06
744 74.7793  1.09299e-07 1.92881e-08 0.0406323 1e-06
745 74.8784  1.09372e-07 1.93009e-08 0.0406592 1e-06
746 74.9775  1.09444e-07 1.93137e-08 0.0406861 1e-06
747 75.0766  1.09517e-07 1.93265e-08 0.0407129 1e-06
748 75.1757  1.09589e-07 1.93392e-08 0.0407398 1e-06
749 75.2748  1.09661e-07 1.9352e-08 0.0407666 1e-06
750 75.3739  1.09733e-07 1.93647e-08 0.0407935 1e-06
751 75.473  1.09806e-07 1.93775e-08 0.0408203 1e-06
752 75.5721  1.09878e-07 1.93902e-08 0.0408471 1e-06
753 75.6712  1.0995e-07 1.94029e-08 0.0408738 1e-06
754 75.7703  1.10022e-07 1.94157e-08 0.0409006 1e-06
755 75.8694  1.10094e-07 1.94284e-08 0.0409273 1e-06
756 75.9685  1.10166e-07 1.94411e-08 0.0409541 1e-06
757 76.0676  1.10238e-07 1.94538e-08 0.0409808 1e-06
758 76.1667  1.1031e-07 1.94664e-08 0.0410074 1e-06
759 76.2658  1.10382e-07 1.94791e-08 0.0410341 1e-06
760 76.3649  1.10453e-07 1.94918e-08 0.0410608 1e-06
761 76.464  1.10525e-07 1.95044e-08 0.0410874 1e-06
762 76.5631  1.10597e-07 1.95171e-08 0.041114 1e-06
763 76.6622  1.10669e-07 1.95297e-08 0.0411406 1e-06
764 76.7613  1.1074e-07 1.95424e-08 0.0411672 1e-06
765 76.8604  1.10812e-07 1.9555e-08 0.0411938 1e-06
766 76.9595  1.10883e-07 1.95676e-08 0.0412203 1e-06
767 77.0586  1.10955e-07 1.95802e-08 0.0412468 1e-06
768 77.1577  1.11026e-07 1.95928e-08 0.0412734 1e-06
769 77.2568  1.11097e-07 1.96054e-08 0.0412999 1e-06
770 77.3559  1.11169e-07 1.9618e-08 0.0413263 1e-06
771 77.455  1.1124e-07 1.96306e-08 0.0413528 1e-06
772 77.5541  1.11311e-07 1.96432e-08 0.0413792 1e-06
773 77.6532  1.11382e-07 1.96557e-08 0.0414057 1e-06
774 77.7523  1.11454e-07 1.96683e-08 0.0414321 1e-06
775 77.8514  1.11525e-07 1.96808e-08 0.0414585 1e-06
776 77.9505  1.11596e-07 1.96934e-08 0.0414849 1e-06
777 78.0495  1.11667e-07 1.97059e-08 0.0415112 1e-06
778 78.1486  1.11738e-07 1.97184e-08 0.0415376 1e-06
779 78.2477  1.11809e-07 1.97309e-08 0.0415639 1e-06
780 78.3468  1.11879e-07 1.97434e-08 0.0415902 1e-06
781 78.4459  1.1195e-07 1.97559e-08 0.0416165 1e-06
782 78.545  1.12021e-07 1.97684e-08 0.0416428 1e-06
783 78.6441  1.12092e-07 1.97809e-08 0.041669 1e-06
784 78.7432  1.12163e-07 1.97934e-08 0.0416953 1e-06
785 78.8423  1.12233e-07 1.98058e-08 0.0417215 1e-06
786 78.9414  1.12304e-07 1.98183e-08 0.0417477 1e-06
787 79.0405  1.12374e-07 1.98308e-08 0.0417739 1e-06
788 79.1396  1.12445e-07 1.98432e-08 0.0418001 1e-06
789 79.2387  1.12515e-07 1.98556e-08 0.0418263 1e-06
790 79.3378  1.12586e-07 1.98681e-08 0.0418524 1e-06
791 79.4369  1.12656e-07 1.98805e-08 0.0418785 1e-06
792 79.536  1.12726e-07 1.98929e-08 0.0419047 1e-06
793 79.6351  1.12797e-07 1.99053e-08 0.0419308 1e-06
794 79.7342  1.12867e-07 1.99177e-08 0.0419568 1e-06
795 79.8333  1.12937e-07 1.99301e-08 0.0419829 1e-06
796 79.9324  1.13007e-07 1.99425e-08 0.0420089 1e-06
797 80.0315  1.13077e-07 1.99548e-08 0.042035 1e-06
798 80.1306  1.13148e-07 1.99672e-08 0.042061 1e-06
799 80.2297  1.13218e-07 1.99796e-08 0.042087 1e-06
800 80.3288  1.13288e-07 1.99919e-08 0.042113 1e-06
801 80.4279  1.13357e-07 2.00043e-08 0.042139 1e-06
802 80.527  1.13427e-07 2.00166e-08 0.0421649 1e-06
803 80.6261  1.13497e-07 2.00289e-08 0.0421908 1e-06
804 80.7252  1.13567e-07 2.00412e-08 0.0422168 1e-06
805 80.8243  1.13637e-07 2.00536e-08 0.0422427 1e-06
806 80.9234  1.13707e-07 2.00659e-08 0.0422686 1e-06
807 81.0225  1.13776e-07 2.00782e-08 0.0422944 1e-06
808 81.1216  1.13846e-07 2.00905e-08 0.0423203 1e-06
809 81.2207  1.13915e-07 2.01027e-08 0.0423461 1e-06
810 81.3198  1.13985e-07 2.0115e-08 0.042372 1e-06
811 81.4189  1.14055e-07 2.01273e-08 0.0423978 1e-06
812 81.518  1.14124e-07 2.01395e-08 0.0424236 1e-06
813 81.6171  1.14193e-07 2.01518e-08 0.0424493 1e-06
814 81.7162  1.14263e-07 2.0164e-08 0.0424751 1e-06
815 81.8153  1.14332e-07 2.01763e-08 0.0425008 1e-06
816 81.9144  1.14402e-07 2.01885e-08 0.0425266 1e-06
817 82.0135  1.14471e-07 2.02007e-08 0.0425523 1e-06
818 82.1126  1.1454e-07 2.02129e-08 0.042578 1e-06
819 82.2117  1.14609e-07 2.02251e-08 0.0426037 1e-06
820 82.3108  1.14678e-07 2.02374e-08 0.0426294 1e-06
821 82.4099  1.14747e-07 2.02495e-08 0.042655 1e-06
822 82.509  1.14816e-07 2.02617e-08 0.0426806 1e-06
823 82.6081  1.14885e-07 2.02739e-08 0.0427063 1e-06
824 82.7072  1.14954e-07 2.02861e-08 0.0427319 1e-06
825 82.8063  1.15023e-07 2.02982e-08 0.0427575 1e-06
826 82.9054  1.15092e-07 2.03104e-08 0.042783 1e-06
827 83.0045  1.15161e-07 2.03226e-08 0.0428086 1e-06
828 83.1036  1.1523e-07 2.03347e-08 0.0428342 1e-06
829 83.2027  1.15299e-07 2.03468e-08 0.0428597 1e-06
830 83.3018  1.15367e-07 2.0359e-08 0.0428852 1e-06
831 83.4009  1.15436e-07 2.03711e-08 0.0429107 1e-06
832 83.5  1.15505e-07 2.03832e-08 0.0429362 1e-06
833 83.5991  1.15573e-07 2.03953e-08 0.0429617 1e-06
834 83.6982  1.15642e-07 2.04074e-08 0.0429871 1e-06
835 83.7973  1.1571e-07 2.04195e-08 0.0430126 1e-06
836 83.8964  1.15779e-07 2.04316e-08 0.043038 1e-06
837 83.9955  1.15847e-07 2.04437e-08 0.0430634 1e-06
838 84.0946  1.15916e-07 2.04557e-08 0.0430888 1e-06
839 84.1937  1.15984e-07 2.04678e-08 0.0431142 1e-06
840 84.2928  1.16052e-07 2.04798e-08 0.0431395 1e-06
841 84.3919  1.16121e-07 2.04919e-08 0.0431649 1e-06
842 84.491  1.16189e-07 2.05039e-08 0.0431902 1e-06
843 84.5901  1.16257e-07 2.0516e-08 0.0432155 1e-06
844 84.6892  1.16325e-07 2.0528e-08 0.0432409 1e-06
845 84.7883  1.16393e-07 2.054e-08 0.0432661 1e-06
846 84.8874  1.16462e-07 2.0552e-08 0.0432914 1e-06
847 84.9865  1.1653e-07 2.0564e-08 0.0433167 1e-06
848 85.0856  1.16598e-07 2.0576e-08 0.0433419 1e-06
849 85.1847  1.16666e-07 2.0588e-08 0.0433672 1e-06
850 85.2838  1.16733e-07 2.06e-08 0.0433924 1e-06
851 85.3829  1.16801e-07 2.0612e-08 0.0434176 1e-06
852 85.482  1.16869e-07 2.0624e-08 0.0434428 1e-06
853 85.5811  1.16937e-07 2.06359e-08 0.043468 1e-06
854 85.6802  1.17005e-07 2.06479e-08 0.0434931 1e-06
855 85.7793  1.17072e-07 2.06598e-08 0.0435183 1e-06
856 85.8784  1.1714e-07 2.06718e-08 0.0435434 1e-06
857 85.9775  1.17208e-07 2.06837e-08 0.0435685 1e-06
858 86.0766  1.17275e-07 2.06957e-08 0.0435936 1e-06
859 86.1757  1.17343e-07 2.07076e-08 0.0436187 1e-06
860 86.2748  1.1741e-07 2.07195e-08 0.0436438 1e-06
861 86.3739  1.17478e-07 2.07314e-08 0.0436688 1e-06
862 86.473  1.17545e-07 2.07433e-08 0.0436939 1e-06
863 86.5721  1.17613e-07 2.07552e-08 0.0437189 1e-06
864 86.6712  1.1768e-07 2.07671e-08 0.0437439 1e-06
865 86.7703  1.17748e-07 2.0779e-08 0.0437689 1e-06
866 86.8694  1.17815e-07 2.07909e-08 0.0437939 1e-06
867 86.9685  1.17882e-07 2.08027e-08 0.0438189 1e-06
868 87.0676  1.17949e-07 2.08146e-08 0.0438438 1e-06
869 87.1667  1.18016e-07 2.08264e-08 0.0438688 1e-06
870 87.2658  1.18084e-07 2.08383e-08 0.0438937 1e-06
871 87.3649  1.18151e-07 2.08501e-08 0.0439186 1e-06
872 87.464  1.18218e-07 2.0862e-08 0.0439435 1e-06
873 87.5631  1.18285e-07 2.08738e-08 0.0439684 1e-06
874 87.6622  1.18352e-07 2.08856e-08 0.0439933 1e-06
875 87.7613  1.18419e-07 2.08974e-08 0.0440181 1e-06
876 87.8604  1.18486e-07 2.09092e-08 0.044043 1e-06
877 87.9595  1.18553e-07 2.0921e-08 0.0440678 1e-06
878 88.0586  1.18619e-07 2.09328e-08 0.0440926 1e-06
879 88.1577  1.18686e-07 2.09446e-08 0.0441174 1e-06
880 88.2568  1.18753e-07 2.09564e-08 0.0441422 1e-06
881 88.3559  1.1882e-07 2.09682e-08 0.044167 1e-06
882 88.455  1.18886e-07 2.098e-08 0.0441918 1e-06
883 88.5541  1.18953e-07 2.09917e-08 0.0442165 1e-06
884 88.6532  1.1902e-07 2.10035e-08 0.0442412 1e-06
885 88.7523  1.19086e-07 2.10152e-08 0.044266 1e-06
886 88.8514  1.19153e-07 2.1027e-08 0.0442907 1e-06
887 88.9505  1.19219e-07 2.10387e-08 0.0443154 1e-06
888 89.0495  1.19286e-07 2.10504e-08 0.04434 1e-06
889 89.1486  1.19352e-07 2.10621e-08 0.0443647 1e-06
890 89.2477  1.19419e-07 2.10739e-08 0.0443894 1e-06
891 89.3468  1.19485e-07 2.10856e-08 0.044414 1e-06
892 89.4459  1.19551e-07 2.10973e-08 0.0444386 1e-06
893 89.545  1.19618e-07 2.1109e-08 0.0444632 1e-06
894 89.6441  1.19684e-07 2.11207e-08 0.0444878 1e-06
895 89.7432  1.1975e-07 2.11323e-08 0.0445124 1e-06
896 89.8423  1.19816e-07 2.1144e-08 0.044537 1e-06
897 89.9414  1.19882e-07 2.11557e-08 0.0445615 1e-06
898 90.0405  1.19948e-07 2.11674e-08 0.0445861 1e-06
899 90.1396  1.20014e-07 2.1179e-08 0.0446106 1e-06
900 90.2387  1.2008e-07 2.11907e-08 0.0446351 1e-06
901 90.3378  1.20146e-07 2.12023e-08 0.0446596 1e-06
902 90.4369  1.20212e-07 2.1214e-08 0.0446841 1e-06
903 90.536  1.20278e-07 2.12256e-08 0.0447086 1e-06
904 90.6351  1.20344e-07 2.12372e-08 0.0447331 1e-06
905 90.7342  1.2041e-07 2.12488e-08 0.0447575 1e-06
906 90.8333  1.20476e-07 2.12604e-08 0.0447819 1e-06
907 90.9324  1.20542e-07 2.12721e-08 0.0448064 1e-06
908 91.0315  1.20607e-07 2.12837e-08 0.0448308 1e-06
909 91.1306  1.20673e-07 2.12952e-08 0.0448552 1e-06
910 91.2297  1.20739e-07 2.13068e-08 0.0448795 1e-06
911 91.3288  1.20804e-07 2.13184e-08 0.0449039 1e-06
912 91.4279  1.2087e-07 2.133e-08 0.0449283 1e-06
913 91.527  1.20936e-07 2.13416e-08 0.0449526 1e-06
914 91.6261  1.21001e-07 2.13531e-08 0.0449769 1e-06
915 91.7252  1.21067e-07 2.13647e-08 0.0450013 1e-06
916 91.8243  1.21132e-07 2.13762e-08 0.0450256 1e-06
917 91.9234  1.21197e-07 2.13878e-08 0.0450499 1e-06
918 92.0225  1.21263e-07 2.13993e-08 0.0450741 1e-06
919 92.1216  1.21328e-07 2.14108e-08 0.0450984 1e-06
920 92.2207  1.21393e-07 2.14224e-08 0.0451226 1e-06
921 92.3198  1.21459e-07 2.14339e-08 0.0451469 1e-06
922 92.4189  1.21524e-07 2.14454e-08 0.0451711 1e-06
923 92.518  1.21589e-07 2.14569e-08 0.0451953 1e-06
924 92.6171  1.21654e-07 2.14684e-08 0.0452195 1e-06
925 92.7162  1.21719e-07 2.14799e-08 0.0452437 1e-06
926 92.8153  1.21785e-07 2.14914e-08 0.0452679 1e-06
927 92.9144  1.2185e-07 2.15029e-08 0.045292 1e-06
928 93.0135  1.21915e-07 2.15144e-08 0.0453162 1e-06
929 93.1126  1.2198e-07 2.15258e-08 0.0453403 1e-06
930 93.2117  1.22045e-07 2.15373e-08 0.0453644 1e-06
931 93.3108  1.2211e-07 2.15487e-08 0.0453885 1e-06
932 93.4099  1.22174e-07 2.15602e-08 0.0454126 1e-06
933 93.509  1.22239e-07 2.15716e-08 0.0454367 1e-06
934 93.6081  1.22304e-07 2.15831e-08 0.0454608 1e-06
935 93.7072  1.22369e-07 2.15945e-08 0.0454849 1e-06
936 93.8063  1.22434e-07 2.16059e-08 0.0455089 1e-06
937 93.9054  1.22498e-07 2.16174e-08 0.0455329 1e-06
938 94.0045  1.22563e-07 2.16288e-08 0.0455569 1e-06
939 94.1036  1.22628e-07 2.16402e-08 0.045581 1e-06
940 94.2027  1.22692e-07 2.16516e-08 0.0456049 1e-06
941 94.3018  1.22757e-07 2.1663e-08 0.0456289 1e-06
942 94.4009  1.22822e-07 2.16744e-08 0.0456529 1e-06
943 94.5  1.22886e-07 2.16858e-08 0.0456769 1e-06
944 94.5991  1.22951e-07 2.16972e-08 0.0457008 1e-06
945 94.6982  1.23015e-07 2.17085e-08 0.0457247 1e-06
946 94.7973  1.23079e-07 2.17199e-08 0.0457486 1e-06
947 94.8964  1.23144e-07 2.17313e-08 0.0457726 1e-06
948 94.9955  1.23208e-07 2.17426e-08 0.0457964 1e-06
949 95.0946  1.23272e-07 2.1754e-08 0.0458203 1e-06
950 95.1937  1.23337e-07 2.17653e-08 0.0458442 1e-06
951 95.2928  1.23401e-07 2.17766e-08 0.0458681 1e-06
952 95.3919  1.23465e-07 2.1788e-08 0.0458919 1e-06
953 95.491  1.23529e-07 2.17993e-08 0.0459157 1e-06
954 95.5901  1.23594e-07 2.18106e-08 0.0459395 1e-06
955 95.6892  1.23658e-07 2.18219e-08 0.0459634 1e-06
956 95.7883  1.23722e-07 2.18332e-08 0.0459871 1e-06
957 95.8874  1.23786e-07 2.18445e-08 0.0460109 1e-06
958 95.9865  1.2385e-07 2.18558e-08 0.0460347 1e-06
959 96.0856  1.23914e-07 2.18671e-08 0.0460585 1e-06
960 96.1847  1.23978e-07 2.18784e-08 0.0460822 1e-06
961 96.2838  1.24042e-07 2.18897e-08 0.0461059 1e-06
962 96.3829  1.24106e-07 2.1901e-08 0.0461297 1e-06
963 96.482  1.24169e-07 2.19122e-08 0.0461534 1e-06
964 96.5811  1.24233e-07 2.19235e-08 0.0461771 1e-06
965 96.6802  1.24297e-07 2.19348e-08 0.0462007 1e-06
966 96.7793  1.24361e-07 2.1946e-08 0.0462244 1e-06
967 96.8784  1.24424e-07 2.19573e-08 0.0462481 1e-06
968 96.9775  1.24488e-07 2.19685e-08 0.0462717 1e-06
969 97.0766  1.24552e-07 2.19797e-08 0.0462954 1e-06
970 97.1757  1.24615e-07 2.1991e-08 0.046319 1e-06
971 97.2748  1.24679e-07 2.20022e-08 0.0463426 1e-06
972 97.3739  1.24743e-07 2.20134e-08 0.0463662 1e-06
973 97.473  1.24806e-07 2.20246e-08 0.0463898 1e-06
974 97.5721  1.2487e-07 2.20358e-08 0.0464134 1e-06
975 97.6712  1.24933e-07 2.2047e-08 0.0464369 1e-06
976 97.7703  1.24996e-07 2.20582e-08 0.0464605 1e-06
977 97.8694  1.2506e-07 2.20694e-08 0.046484 1e-06
978 97.9685  1.25123e-07 2.20806e-08 0.0465075 1e-06
979 98.0676  1.25187e-07 2.20917e-08 0.0465311 1e-06
980 98.1667  1.2525e-07 2.21029e-08 0.0465546 1e-06
981 98.2658  1.25313e-07 2.21141e-08 0.0465781 1e-06
982 98.3649  1.25376e-07 2.21252e-08 0.0466015 1e-06
983 98.464  1.2544e-07 2.21364e-08 0.046625 1e-06
984 98.5631  1.25503e-07 2.21475e-08 0.0466485 1e-06
985 98.6622  1.25566e-07 2.21587e-08 0.0466719 1e-06
986 98.7613  1.25629e-07 2.21698e-08 0.0466953 1e-06
987 98.8604  1.25692e-07 2.21809e-08 0.0467188 1e-06
988 98.9595  1.25755e-07 2.21921e-08 0.0467422 1e-06
989 99.0586  1.25818e-07 2.22032e-08 0.0467656 1e-06
990 99.1577  1.25881e-07 2.22143e-08 0.046789 1e-06
991 99.2568  1.25944e-07 2.22254e-08 0.0468123 1e-06
992 99.3559  1.26007e-07 2.22365e-08 0.0468357 1e-06
993 99.455  1.2607e-07 2.22476e-08 0.0468591 1e-06
994 99.5541  1.26133e-07 2.22587e-08 0.0468824 1e-06
995 99.6532  1.26196e-07 2.22698e-08 0.0469057 1e-06
996 99.7523  1.26258e-07 2.22809e-08 0.046929 1e-06
997 99.8514  1.26321e-07 2.2292e-08 0.0469523 1e-06
998 99.9505  1.26384e-07 2.2303e-08 0.0469756 1e-06
999 100.05  1.26447e-07 2.23141e-08 0.0469989 1e-06
