0.1 3.26199e-07 2.57883e-12 7.90569e-06
0.104905 6.15133e-07 4.98089e-12 8.09726e-06
0.10981 8.72173e-07 7.22542e-12 8.28439e-06
0.114715 1.10174e-06 9.32889e-12 8.46739e-06
0.11962 1.30751e-06 1.13054e-11 8.64652e-06
0.124525 1.49254e-06 1.31672e-11 8.82201e-06
0.129429 1.65942e-06 1.49249e-11 8.99408e-06
0.134334 1.81032e-06 1.65878e-11 9.16291e-06
0.139239 1.94713e-06 1.81641e-11 9.32869e-06
0.144144 2.07142e-06 1.9661e-11 9.49158e-06
0.149049 2.18458e-06 2.10849e-11 9.65172e-06
0.153954 2.28779e-06 2.24415e-11 9.80924e-06
0.158859 2.38209e-06 2.37358e-11 9.96428e-06
0.163764 2.46839e-06 2.49725e-11 1.01169e-05
0.168669 2.54747e-06 2.61557e-11 1.02673e-05
0.173574 2.62003e-06 2.7289e-11 1.04155e-05
0.178478 2.68668e-06 2.83758e-11 1.05617e-05
0.183383 2.74796e-06 2.94192e-11 1.07058e-05
0.188288 2.80437e-06 3.04219e-11 1.0848e-05
0.193193 2.85632e-06 3.13865e-11 1.09884e-05
0.198098 2.90421e-06 3.23153e-11 1.11271e-05
0.203003 2.94837e-06 3.32103e-11 1.1264e-05
0.207908 2.98911e-06 3.40736e-11 1.13992e-05
0.212813 3.02672e-06 3.49069e-11 1.15329e-05
0.217718 3.06145e-06 3.57119e-11 1.16651e-05
0.222623 3.09351e-06 3.64902e-11 1.17957e-05
0.227528 3.12312e-06 3.7243e-11 1.1925e-05
0.232432 3.15046e-06 3.79718e-11 1.20528e-05
0.237337 3.17569e-06 3.86778e-11 1.21793e-05
0.242242 3.19899e-06 3.9362e-11 1.23045e-05
0.247147 3.22048e-06 4.00256e-11 1.24285e-05
0.252052 3.24029e-06 4.06695e-11 1.25512e-05
0.256957 3.25854e-06 4.12946e-11 1.26727e-05
0.261862 3.27535e-06 4.19019e-11 1.27931e-05
0.266767 3.2908e-06 4.2492e-11 1.29124e-05
0.271672 3.30499e-06 4.30658e-11 1.30305e-05
0.276577 3.31801e-06 4.36239e-11 1.31476e-05
0.281481 3.32992e-06 4.41671e-11 1.32637e-05
0.286386 3.34081e-06 4.4696e-11 1.33788e-05
0.291291 3.35074e-06 4.5211e-11 1.34928e-05
0.296196 3.35977e-06 4.57129e-11 1.3606e-05
0.301101 3.36795e-06 4.62021e-11 1.37182e-05
0.306006 3.37534e-06 4.66791e-11 1.38294e-05
0.310911 3.38199e-06 4.71443e-11 1.39398e-05
0.315816 3.38794e-06 4.75983e-11 1.40494e-05
0.320721 3.39323e-06 4.80415e-11 1.4158e-05
0.325626 3.39791e-06 4.84742e-11 1.42659e-05
0.330531 3.402e-06 4.88968e-11 1.43729e-05
0.335435 3.40556e-06 4.93096e-11 1.44792e-05
0.34034 3.40859e-06 4.97131e-11 1.45846e-05
0.345245 3.41114e-06 5.01075e-11 1.46894e-05
0.35015 3.41324e-06 5.04932e-11 1.47933e-05
0.355055 3.4149e-06 5.08704e-11 1.48966e-05
0.35996 3.41616e-06 5.12395e-11 1.49991e-05
0.364865 3.41704e-06 5.16006e-11 1.5101e-05
0.36977 3.41755e-06 5.1954e-11 1.52021e-05
0.374675 3.41772e-06 5.23e-11 1.53026e-05
0.37958 3.41757e-06 5.26389e-11 1.54024e-05
0.384484 3.41711e-06 5.29708e-11 1.55016e-05
0.389389 3.41636e-06 5.32959e-11 1.56002e-05
0.394294 3.41534e-06 5.36144e-11 1.56981e-05
0.399199 3.41406e-06 5.39267e-11 1.57955e-05
0.404104 3.41254e-06 5.42327e-11 1.58922e-05
0.409009 3.41078e-06 5.45327e-11 1.59883e-05
0.413914 3.40881e-06 5.48269e-11 1.60839e-05
0.418819 3.40663e-06 5.51155e-11 1.61789e-05
0.423724 3.40425e-06 5.53986e-11 1.62734e-05
0.428629 3.40169e-06 5.56763e-11 1.63673e-05
0.433534 3.39895e-06 5.59488e-11 1.64606e-05
0.438438 3.39604e-06 5.62162e-11 1.65535e-05
0.443343 3.39298e-06 5.64787e-11 1.66458e-05
0.448248 3.38976e-06 5.67364e-11 1.67376e-05
0.453153 3.38641e-06 5.69894e-11 1.68289e-05
0.458058 3.38292e-06 5.72379e-11 1.69197e-05
0.462963 3.3793e-06 5.74819e-11 1.701e-05
0.467868 3.37557e-06 5.77216e-11 1.70998e-05
0.472773 3.37172e-06 5.7957e-11 1.71892e-05
0.477678 3.36776e-06 5.81884e-11 1.72781e-05
0.482583 3.3637e-06 5.84157e-11 1.73665e-05
0.487487 3.35955e-06 5.86391e-11 1.74545e-05
0.492392 3.3553e-06 5.88587e-11 1.7542e-05
0.497297 3.35097e-06 5.90745e-11 1.76291e-05
0.502202 3.34656e-06 5.92867e-11 1.77157e-05
0.507107 3.34207e-06 5.94953e-11 1.78019e-05
0.512012 3.3375e-06 5.97004e-11 1.78877e-05
0.516917 3.33287e-06 5.99021e-11 1.79731e-05
0.521822 3.32818e-06 6.01004e-11 1.80581e-05
0.526727 3.32343e-06 6.02956e-11 1.81426e-05
0.531632 3.31861e-06 6.04875e-11 1.82267e-05
0.536537 3.31375e-06 6.06763e-11 1.83105e-05
0.541441 3.30884e-06 6.0862e-11 1.83938e-05
0.546346 3.30388e-06 6.10448e-11 1.84767e-05
0.551251 3.29887e-06 6.12246e-11 1.85592e-05
0.556156 3.29383e-06 6.14016e-11 1.86414e-05
0.561061 3.28875e-06 6.15757e-11 1.87232e-05
0.565966 3.28363e-06 6.17471e-11 1.88045e-05
0.570871 3.27849e-06 6.19159e-11 1.88855e-05
0.575776 3.27331e-06 6.20819e-11 1.89661e-05
0.580681 3.26811e-06 6.22454e-11 1.90463e-05
0.585586 3.26289e-06 6.24064e-11 1.91261e-05
0.59049 3.25764e-06 6.25649e-11 1.92056e-05
0.595395 3.25238e-06 6.27209e-11 1.92846e-05
0.6003 3.2471e-06 6.28746e-11 1.93633e-05
0.605205 3.24181e-06 6.30259e-11 1.94416e-05
0.61011 3.23651e-06 6.31749e-11 1.95195e-05
0.615015 3.2312e-06 6.33216e-11 1.95969e-05
0.61992 3.22589e-06 6.34662e-11 1.9674e-05
0.624825 3.22057e-06 6.36085e-11 1.97507e-05
0.62973 3.21526e-06 6.37487e-11 1.98269e-05
0.634635 3.20995e-06 6.38869e-11 1.99028e-05
0.63954 3.20464e-06 6.40229e-11 1.99782e-05
0.644444 3.19935e-06 6.4157e-11 2.00531e-05
0.649349 3.19407e-06 6.4289e-11 2.01276e-05
0.654254 3.18881e-06 6.44191e-11 2.02016e-05
0.659159 3.18356e-06 6.45473e-11 2.02752e-05
0.664064 3.17835e-06 6.46736e-11 2.03482e-05
0.668969 3.17316e-06 6.47981e-11 2.04207e-05
0.673874 3.168e-06 6.49207e-11 2.04926e-05
0.678779 3.16288e-06 6.50415e-11 2.0564e-05
0.683684 3.15781e-06 6.51606e-11 2.06348e-05
0.688589 3.15278e-06 6.5278e-11 2.07049e-05
0.693493 3.14781e-06 6.53936e-11 2.07743e-05
0.698398 3.1429e-06 6.55076e-11 2.0843e-05
0.703303 3.13806e-06 6.56199e-11 2.0911e-05
0.708208 3.13329e-06 6.57306e-11 2.09781e-05
0.713113 3.12861e-06 6.58397e-11 2.10444e-05
0.718018 3.12402e-06 6.59472e-11 2.11097e-05
0.722923 3.11954e-06 6.60532e-11 2.1174e-05
0.727828 3.11516e-06 6.61576e-11 2.12373e-05
0.732733 3.11092e-06 6.62606e-11 2.12994e-05
0.737638 3.10681e-06 6.63621e-11 2.13602e-05
0.742543 3.10286e-06 6.64621e-11 2.14197e-05
0.747447 3.09907e-06 6.65607e-11 2.14776e-05
0.752352 3.09547e-06 6.66579e-11 2.1534e-05
0.757257 3.09207e-06 6.67537e-11 2.15886e-05
0.762162 3.0889e-06 6.68481e-11 2.16414e-05
0.767067 3.08598e-06 6.69412e-11 2.1692e-05
0.771972 3.08333e-06 6.70329e-11 2.17405e-05
0.776877 3.08097e-06 6.71234e-11 2.17864e-05
0.781782 3.07895e-06 6.72125e-11 2.18297e-05
0.786687 3.07729e-06 6.73004e-11 2.187e-05
0.791592 3.07602e-06 6.7387e-11 2.19072e-05
0.796496 3.0752e-06 6.74723e-11 2.19408e-05
0.801401 3.07485e-06 6.75565e-11 2.19706e-05
0.806306 3.07504e-06 6.76394e-11 2.19963e-05
0.811211 3.07581e-06 6.77212e-11 2.20174e-05
0.816116 3.07722e-06 6.78018e-11 2.20335e-05
0.821021 3.07933e-06 6.78812e-11 2.20441e-05
0.825926 3.08222e-06 6.79595e-11 2.20488e-05
0.830831 3.08597e-06 6.80366e-11 2.20471e-05
0.835736 3.09065e-06 6.81126e-11 2.20383e-05
0.840641 3.09636e-06 6.81875e-11 2.20218e-05
0.845546 3.10321e-06 6.82614e-11 2.1997e-05
0.85045 3.1113e-06 6.83341e-11 2.19632e-05
0.855355 3.12078e-06 6.84058e-11 2.19195e-05
0.86026 3.13176e-06 6.84764e-11 2.18652e-05
0.865165 3.14441e-06 6.8546e-11 2.17994e-05
0.87007 3.15888e-06 6.86146e-11 2.17212e-05
0.874975 3.17537e-06 6.86821e-11 2.16296e-05
0.87988 3.19408e-06 6.87487e-11 2.15238e-05
0.884785 3.21522e-06 6.88142e-11 2.14026e-05
0.88969 3.23904e-06 6.88787e-11 2.12651e-05
0.894595 3.26582e-06 6.89423e-11 2.11103e-05
0.899499 3.29584e-06 6.90049e-11 2.0937e-05
0.904404 3.32943e-06 6.90665e-11 2.07442e-05
0.909309 3.36695e-06 6.91271e-11 2.05311e-05
0.914214 3.40879e-06 6.91868e-11 2.02966e-05
0.919119 3.45538e-06 6.92455e-11 2.00399e-05
0.924024 3.50721e-06 6.93033e-11 1.97602e-05
0.928929 3.56478e-06 6.93602e-11 1.9457e-05
0.933834 3.62869e-06 6.94161e-11 1.91298e-05
0.938739 3.69955e-06 6.9471e-11 1.87783e-05
0.943644 3.77805e-06 6.9525e-11 1.84023e-05
0.948549 3.86497e-06 6.95781e-11 1.80022e-05
0.953453 3.96114e-06 6.96302e-11 1.75783e-05
0.958358 4.06747e-06 6.96814e-11 1.71314e-05
0.963263 4.18498e-06 6.97317e-11 1.66624e-05
0.968168 4.31476e-06 6.97809e-11 1.61726e-05
0.973073 4.45803e-06 6.98293e-11 1.56637e-05
0.977978 4.61612e-06 6.98766e-11 1.51375e-05
0.982883 4.79047e-06 6.99229e-11 1.45962e-05
0.987788 4.9827e-06 6.99683e-11 1.40423e-05
0.992693 5.19453e-06 7.00126e-11 1.34782e-05
0.997598 5.42787e-06 7.00559e-11 1.29067e-05
1.0025 5.68481e-06 7.00982e-11 1.23308e-05
1.00741 5.96763e-06 7.01393e-11 1.17533e-05
1.01231 6.2788e-06 7.01794e-11 1.11772e-05
1.01722 6.62104e-06 7.02183e-11 1.06053e-05
1.02212 6.99731e-06 7.0256e-11 1.00404e-05
1.02703 7.41078e-06 7.02925e-11 9.48517e-06
1.03193 7.86496e-06 7.03278e-11 8.94191e-06
1.03684 8.36363e-06 7.03617e-11 8.41282e-06
1.04174 8.91086e-06 7.03943e-11 7.89983e-06
1.04665 9.51109e-06 7.04254e-11 7.40456e-06
1.05155 1.01691e-05 7.04551e-11 6.92835e-06
1.05646 1.089e-05 7.04831e-11 6.47228e-06
1.06136 1.16793e-05 7.05096e-11 6.03713e-06
1.06627 1.2543e-05 7.05343e-11 5.6234e-06
1.07117 1.34873e-05 7.05571e-11 5.23139e-06
1.07608 1.45189e-05 7.0578e-11 4.86112e-06
1.08098 1.5645e-05 7.05968e-11 4.51243e-06
1.08589 1.6873e-05 7.06134e-11 4.185e-06
1.09079 1.82108e-05 7.06277e-11 3.87835e-06
1.0957 1.96666e-05 7.06395e-11 3.59184e-06
1.1006 2.1249e-05 7.06486e-11 3.32479e-06
1.10551 2.29667e-05 7.06549e-11 3.0764e-06
1.11041 2.48287e-05 7.06581e-11 2.84583e-06
1.11532 2.68439e-05 7.0658e-11 2.63219e-06
1.12022 2.90213e-05 7.06545e-11 2.43457e-06
1.12513 3.13699e-05 7.06472e-11 2.25207e-06
1.13003 3.38981e-05 7.06359e-11 2.08377e-06
1.13493 3.6614e-05 7.06203e-11 1.92878e-06
1.13984 3.95249e-05 7.06e-11 1.78622e-06
1.14474 4.26371e-05 7.05748e-11 1.65524e-06
1.14965 4.5956e-05 7.05444e-11 1.53504e-06
1.15455 4.94854e-05 7.05083e-11 1.42483e-06
1.15946 5.32273e-05 7.04661e-11 1.32387e-06
1.16436 5.71817e-05 7.04175e-11 1.23147e-06
1.16927 6.13465e-05 7.03619e-11 1.14696e-06
1.17417 6.57171e-05 7.02991e-11 1.06972e-06
1.17908 7.02859e-05 7.02285e-11 9.99183e-07
1.18398 7.50426e-05 7.01496e-11 9.34797e-07
1.18889 7.99738e-05 7.00619e-11 8.76061e-07
1.19379 8.50629e-05 6.99651e-11 8.2251e-07
1.1987 9.02902e-05 6.98584e-11 7.7371e-07
1.2036 9.56333e-05 6.97416e-11 7.2926e-07
1.20851 0.000101067 6.96139e-11 6.88792e-07
1.21341 0.000106563 6.94751e-11 6.51965e-07
1.21832 0.000112091 6.93245e-11 6.18465e-07
1.22322 0.000117621 6.91618e-11 5.88004e-07
1.22813 0.00012312 6.89864e-11 5.60318e-07
1.23303 0.000128555 6.87979e-11 5.35163e-07
1.23794 0.000133894 6.85961e-11 5.12317e-07
1.24284 0.000139104 6.83804e-11 4.91577e-07
1.24775 0.000144156 6.81506e-11 4.72756e-07
1.25265 0.000149021 6.79065e-11 4.55683e-07
1.25756 0.000153674 6.76477e-11 4.40203e-07
1.26246 0.000158091 6.73741e-11 4.26173e-07
1.26737 0.000162253 6.70857e-11 4.13464e-07
1.27227 0.000166143 6.67823e-11 4.01957e-07
1.27718 0.000169748 6.64638e-11 3.91543e-07
1.28208 0.00017306 6.61304e-11 3.82124e-07
1.28699 0.000176071 6.57821e-11 3.73611e-07
1.29189 0.000178779 6.54191e-11 3.65922e-07
1.2968 0.000181184 6.50415e-11 3.58981e-07
1.3017 0.000183288 6.46497e-11 3.52721e-07
1.30661 0.000185098 6.42438e-11 3.47081e-07
1.31151 0.000186619 6.38243e-11 3.42003e-07
1.31642 0.000187862 6.33916e-11 3.37437e-07
1.32132 0.000188836 6.29459e-11 3.33336e-07
1.32623 0.000189554 6.24879e-11 3.29657e-07
1.33113 0.000190028 6.2018e-11 3.26363e-07
1.33604 0.00019027 6.15368e-11 3.23418e-07
1.34094 0.000190295 6.10447e-11 3.2079e-07
1.34585 0.000190116 6.05424e-11 3.18449e-07
1.35075 0.000189747 6.00304e-11 3.16371e-07
1.35566 0.000189201 5.95094e-11 3.1453e-07
1.36056 0.000188492 5.89801e-11 3.12905e-07
1.36547 0.000187632 5.8443e-11 3.11476e-07
1.37037 0.000186634 5.78988e-11 3.10226e-07
1.37528 0.00018551 5.73481e-11 3.09137e-07
1.38018 0.000184272 5.67917e-11 3.08195e-07
1.38509 0.00018293 5.62301e-11 3.07386e-07
1.38999 0.000181494 5.5664e-11 3.06698e-07
1.39489 0.000179975 5.50942e-11 3.0612e-07
1.3998 0.000178382 5.45211e-11 3.05642e-07
1.4047 0.000176723 5.39455e-11 3.05255e-07
1.40961 0.000175006 5.3368e-11 3.04949e-07
1.41451 0.000173239 5.27892e-11 3.04719e-07
1.41942 0.00017143 5.22098e-11 3.04555e-07
1.42432 0.000169583 5.16302e-11 3.04453e-07
1.42923 0.000167707 5.10512e-11 3.04407e-07
1.43413 0.000165806 5.04732e-11 3.04412e-07
1.43904 0.000163885 4.98967e-11 3.04462e-07
1.44394 0.00016195 4.93225e-11 3.04553e-07
1.44885 0.000160005 4.87508e-11 3.04682e-07
1.45375 0.000158055 4.81823e-11 3.04846e-07
1.45866 0.000156102 4.76174e-11 3.0504e-07
1.46356 0.000154151 4.70565e-11 3.05262e-07
1.46847 0.000152205 4.65001e-11 3.05509e-07
1.47337 0.000150267 4.59486e-11 3.0578e-07
1.47828 0.000148339 4.54024e-11 3.06071e-07
1.48318 0.000146425 4.48618e-11 3.06381e-07
1.48809 0.000144526 4.43273e-11 3.06708e-07
1.49299 0.000142645 4.37991e-11 3.0705e-07
1.4979 0.000140783 4.32775e-11 3.07406e-07
1.5028 0.000138942 4.27629e-11 3.07775e-07
1.50771 0.000137124 4.22555e-11 3.08155e-07
1.51261 0.00013533 4.17555e-11 3.08545e-07
1.51752 0.000133562 4.12632e-11 3.08944e-07
1.52242 0.00013182 4.07789e-11 3.09352e-07
1.52733 0.000130106 4.03026e-11 3.09767e-07
1.53223 0.00012842 3.98345e-11 3.10189e-07
1.53714 0.000126764 3.93749e-11 3.10616e-07
1.54204 0.000125137 3.89238e-11 3.1105e-07
1.54695 0.000123541 3.84814e-11 3.11488e-07
1.55185 0.000121975 3.80477e-11 3.1193e-07
1.55676 0.000120441 3.76229e-11 3.12376e-07
1.56166 0.000118939 3.72071e-11 3.12826e-07
1.56657 0.000117468 3.68002e-11 3.13278e-07
1.57147 0.000116029 3.64023e-11 3.13733e-07
1.57638 0.000114623 3.60135e-11 3.14191e-07
1.58128 0.000113249 3.56338e-11 3.14651e-07
1.58619 0.000111906 3.52631e-11 3.15112e-07
1.59109 0.000110596 3.49014e-11 3.15576e-07
1.596 0.000109318 3.45488e-11 3.1604e-07
1.6009 0.000108071 3.42051e-11 3.16506e-07
1.60581 0.000106856 3.38704e-11 3.16973e-07
1.61071 0.000105672 3.35446e-11 3.17441e-07
1.61562 0.000104519 3.32276e-11 3.17909e-07
1.62052 0.000103397 3.29193e-11 3.18378e-07
1.62543 0.000102305 3.26196e-11 3.18847e-07
1.63033 0.000101243 3.23286e-11 3.19317e-07
1.63524 0.00010021 3.2046e-11 3.19787e-07
1.64014 9.92068e-05 3.17717e-11 3.20258e-07
1.64505 9.82318e-05 3.15057e-11 3.20728e-07
1.64995 9.72851e-05 3.12478e-11 3.21198e-07
1.65485 9.63659e-05 3.09979e-11 3.21669e-07
1.65976 9.54739e-05 3.07558e-11 3.22139e-07
1.66466 9.46085e-05 3.05215e-11 3.22609e-07
1.66957 9.37692e-05 3.02948e-11 3.23079e-07
1.67447 9.29554e-05 3.00756e-11 3.23548e-07
1.67938 9.21666e-05 2.98636e-11 3.24018e-07
1.68428 9.14022e-05 2.96588e-11 3.24487e-07
1.68919 9.06617e-05 2.9461e-11 3.24956e-07
1.69409 8.99446e-05 2.92701e-11 3.25424e-07
1.699 8.92501e-05 2.90859e-11 3.25892e-07
1.7039 8.85779e-05 2.89082e-11 3.26359e-07
1.70881 8.79272e-05 2.87369e-11 3.26826e-07
1.71371 8.72976e-05 2.85719e-11 3.27293e-07
1.71862 8.66885e-05 2.8413e-11 3.27759e-07
1.72352 8.60993e-05 2.82599e-11 3.28225e-07
1.72843 8.55294e-05 2.81127e-11 3.2869e-07
1.73333 8.49784e-05 2.7971e-11 3.29155e-07
1.73824 8.44456e-05 2.78348e-11 3.29619e-07
1.74314 8.39305e-05 2.77039e-11 3.30082e-07
1.74805 8.34325e-05 2.75782e-11 3.30545e-07
1.75295 8.29512e-05 2.74575e-11 3.31008e-07
1.75786 8.2486e-05 2.73416e-11 3.3147e-07
1.76276 8.20364e-05 2.72304e-11 3.31931e-07
1.76767 8.16019e-05 2.71238e-11 3.32392e-07
1.77257 8.11821e-05 2.70216e-11 3.32852e-07
1.77748 8.07763e-05 2.69236e-11 3.33311e-07
1.78238 8.03841e-05 2.68298e-11 3.3377e-07
1.78729 8.00051e-05 2.674e-11 3.34229e-07
1.79219 7.96388e-05 2.6654e-11 3.34687e-07
1.7971 7.92847e-05 2.65718e-11 3.35144e-07
1.802 7.89425e-05 2.64932e-11 3.35601e-07
1.80691 7.86116e-05 2.6418e-11 3.36057e-07
1.81181 7.82917e-05 2.63461e-11 3.36512e-07
1.81672 7.79824e-05 2.62775e-11 3.36967e-07
1.82162 7.76832e-05 2.6212e-11 3.37422e-07
1.82653 7.73938e-05 2.61495e-11 3.37875e-07
1.83143 7.71138e-05 2.60898e-11 3.38328e-07
1.83634 7.68429e-05 2.60329e-11 3.38781e-07
1.84124 7.65806e-05 2.59787e-11 3.39233e-07
1.84615 7.63267e-05 2.5927e-11 3.39684e-07
1.85105 7.60807e-05 2.58777e-11 3.40135e-07
1.85596 7.58425e-05 2.58308e-11 3.40585e-07
1.86086 7.56116e-05 2.57862e-11 3.41035e-07
1.86577 7.53878e-05 2.57437e-11 3.41484e-07
1.87067 7.51708e-05 2.57033e-11 3.41933e-07
1.87558 7.49603e-05 2.56649e-11 3.4238e-07
1.88048 7.4756e-05 2.56284e-11 3.42828e-07
1.88539 7.45576e-05 2.55937e-11 3.43275e-07
1.89029 7.4365e-05 2.55608e-11 3.43721e-07
1.8952 7.41778e-05 2.55295e-11 3.44166e-07
1.9001 7.39958e-05 2.54998e-11 3.44611e-07
1.905 7.38189e-05 2.54716e-11 3.45056e-07
1.90991 7.36467e-05 2.54449e-11 3.455e-07
1.91481 7.34791e-05 2.54196e-11 3.45943e-07
1.91972 7.33159e-05 2.53956e-11 3.46386e-07
1.92462 7.31568e-05 2.53728e-11 3.46828e-07
1.92953 7.30017e-05 2.53513e-11 3.4727e-07
1.93443 7.28505e-05 2.53309e-11 3.47711e-07
1.93934 7.27028e-05 2.53116e-11 3.48151e-07
1.94424 7.25586e-05 2.52933e-11 3.48591e-07
1.94915 7.24178e-05 2.5276e-11 3.49031e-07
1.95405 7.22801e-05 2.52597e-11 3.49469e-07
1.95896 7.21454e-05 2.52442e-11 3.49908e-07
1.96386 7.20137e-05 2.52297e-11 3.50345e-07
1.96877 7.18846e-05 2.52159e-11 3.50783e-07
1.97367 7.17582e-05 2.52029e-11 3.51219e-07
1.97858 7.16343e-05 2.51906e-11 3.51656e-07
1.98348 7.15127e-05 2.5179e-11 3.52091e-07
1.98839 7.13934e-05 2.51681e-11 3.52526e-07
1.99329 7.12763e-05 2.51577e-11 3.52961e-07
1.9982 7.11613e-05 2.5148e-11 3.53395e-07
2.0031 7.10482e-05 2.51389e-11 3.53828e-07
2.00801 7.09371e-05 2.51302e-11 3.54261e-07
2.01291 7.08277e-05 2.51221e-11 3.54694e-07
2.01782 7.072e-05 2.51145e-11 3.55125e-07
2.02272 7.06139e-05 2.51073e-11 3.55557e-07
2.02763 7.05094e-05 2.51005e-11 3.55988e-07
2.03253 7.04064e-05 2.50941e-11 3.56418e-07
2.03744 7.03048e-05 2.50881e-11 3.56848e-07
2.04234 7.02046e-05 2.50825e-11 3.57277e-07
2.04725 7.01056e-05 2.50772e-11 3.57706e-07
2.05215 7.00079e-05 2.50722e-11 3.58134e-07
2.05706 6.99114e-05 2.50675e-11 3.58562e-07
2.06196 6.9816e-05 2.50632e-11 3.58989e-07
2.06687 6.97216e-05 2.5059e-11 3.59416e-07
2.07177 6.96283e-05 2.50552e-11 3.59842e-07
2.07668 6.9536e-05 2.50516e-11 3.60268e-07
2.08158 6.94446e-05 2.50482e-11 3.60693e-07
2.08649 6.93541e-05 2.5045e-11 3.61118e-07
2.09139 6.92645e-05 2.5042e-11 3.61542e-07
2.0963 6.91757e-05 2.50392e-11 3.61965e-07
2.1012 6.90876e-05 2.50366e-11 3.62389e-07
2.10611 6.90004e-05 2.50341e-11 3.62811e-07
2.11101 6.89139e-05 2.50318e-11 3.63234e-07
2.11592 6.8828e-05 2.50297e-11 3.63655e-07
2.12082 6.87429e-05 2.50277e-11 3.64077e-07
2.12573 6.86584e-05 2.50258e-11 3.64497e-07
2.13063 6.85745e-05 2.5024e-11 3.64918e-07
2.13554 6.84912e-05 2.50224e-11 3.65337e-07
2.14044 6.84085e-05 2.50209e-11 3.65757e-07
2.14535 6.83263e-05 2.50194e-11 3.66176e-07
2.15025 6.82447e-05 2.50181e-11 3.66594e-07
2.15516 6.81635e-05 2.50168e-11 3.67012e-07
2.16006 6.80829e-05 2.50157e-11 3.67429e-07
2.16496 6.80028e-05 2.50146e-11 3.67846e-07
2.16987 6.79231e-05 2.50135e-11 3.68263e-07
2.17477 6.78439e-05 2.50126e-11 3.68679e-07
2.17968 6.77651e-05 2.50117e-11 3.69094e-07
2.18458 6.76868e-05 2.50109e-11 3.69509e-07
2.18949 6.76088e-05 2.50101e-11 3.69924e-07
2.19439 6.75313e-05 2.50094e-11 3.70338e-07
2.1993 6.74542e-05 2.50087e-11 3.70752e-07
2.2042 6.73774e-05 2.50081e-11 3.71165e-07
2.20911 6.7301e-05 2.50075e-11 3.71577e-07
2.21401 6.7225e-05 2.5007e-11 3.7199e-07
2.21892 6.71493e-05 2.50065e-11 3.72402e-07
2.22382 6.70739e-05 2.5006e-11 3.72813e-07
2.22873 6.69989e-05 2.50056e-11 3.73224e-07
2.23363 6.69242e-05 2.50052e-11 3.73634e-07
2.23854 6.68499e-05 2.50048e-11 3.74044e-07
2.24344 6.67758e-05 2.50045e-11 3.74454e-07
2.24835 6.67021e-05 2.50041e-11 3.74863e-07
2.25325 6.66286e-05 2.50038e-11 3.75272e-07
2.25816 6.65555e-05 2.50036e-11 3.7568e-07
2.26306 6.64826e-05 2.50033e-11 3.76088e-07
2.26797 6.64101e-05 2.50031e-11 3.76495e-07
2.27287 6.63378e-05 2.50028e-11 3.76902e-07
2.27778 6.62658e-05 2.50026e-11 3.77308e-07
2.28268 6.6194e-05 2.50024e-11 3.77715e-07
2.28759 6.61225e-05 2.50023e-11 3.7812e-07
2.29249 6.60513e-05 2.50021e-11 3.78525e-07
2.2974 6.59804e-05 2.50019e-11 3.7893e-07
2.3023 6.59097e-05 2.50018e-11 3.79334e-07
2.30721 6.58392e-05 2.50017e-11 3.79738e-07
2.31211 6.5769e-05 2.50015e-11 3.80142e-07
2.31702 6.56991e-05 2.50014e-11 3.80545e-07
2.32192 6.56294e-05 2.50013e-11 3.80947e-07
2.32683 6.55599e-05 2.50012e-11 3.81349e-07
2.33173 6.54907e-05 2.50011e-11 3.81751e-07
2.33664 6.54217e-05 2.50011e-11 3.82152e-07
2.34154 6.5353e-05 2.5001e-11 3.82553e-07
2.34645 6.52844e-05 2.50009e-11 3.82954e-07
2.35135 6.52161e-05 2.50008e-11 3.83354e-07
2.35626 6.51481e-05 2.50008e-11 3.83753e-07
2.36116 6.50802e-05 2.50007e-11 3.84153e-07
2.36607 6.50126e-05 2.50007e-11 3.84551e-07
2.37097 6.49452e-05 2.50006e-11 3.8495e-07
2.37588 6.4878e-05 2.50006e-11 3.85348e-07
2.38078 6.4811e-05 2.50005e-11 3.85745e-07
2.38569 6.47443e-05 2.50005e-11 3.86143e-07
2.39059 6.46777e-05 2.50005e-11 3.86539e-07
2.3955 6.46114e-05 2.50004e-11 3.86936e-07
2.4004 6.45453e-05 2.50004e-11 3.87332e-07
2.40531 6.44793e-05 2.50004e-11 3.87727e-07
2.41021 6.44136e-05 2.50004e-11 3.88122e-07
2.41512 6.43481e-05 2.50003e-11 3.88517e-07
2.42002 6.42828e-05 2.50003e-11 3.88911e-07
2.42492 6.42177e-05 2.50003e-11 3.89305e-07
2.42983 6.41528e-05 2.50003e-11 3.89699e-07
2.43473 6.40881e-05 2.50003e-11 3.90092e-07
2.43964 6.40236e-05 2.50002e-11 3.90485e-07
2.44454 6.39593e-05 2.50002e-11 3.90877e-07
2.44945 6.38952e-05 2.50002e-11 3.91269e-07
2.45435 6.38313e-05 2.50002e-11 3.9166e-07
2.45926 6.37676e-05 2.50002e-11 3.92052e-07
2.46416 6.37041e-05 2.50002e-11 3.92442e-07
2.46907 6.36408e-05 2.50002e-11 3.92833e-07
2.47397 6.35776e-05 2.50002e-11 3.93223e-07
2.47888 6.35147e-05 2.50002e-11 3.93612e-07
2.48378 6.34519e-05 2.50002e-11 3.94002e-07
2.48869 6.33893e-05 2.50001e-11 3.9439e-07
2.49359 6.33269e-05 2.50001e-11 3.94779e-07
2.4985 6.32647e-05 2.50001e-11 3.95167e-07
2.5034 6.32027e-05 2.50001e-11 3.95555e-07
2.50831 6.31409e-05 2.50001e-11 3.95942e-07
2.51321 6.30792e-05 2.50001e-11 3.96329e-07
2.51812 6.30177e-05 2.50001e-11 3.96715e-07
2.52302 6.29565e-05 2.50001e-11 3.97102e-07
2.52793 6.28953e-05 2.50001e-11 3.97488e-07
2.53283 6.28344e-05 2.50001e-11 3.97873e-07
2.53774 6.27736e-05 2.50001e-11 3.98258e-07
2.54264 6.27131e-05 2.50001e-11 3.98643e-07
2.54755 6.26526e-05 2.50001e-11 3.99027e-07
2.55245 6.25924e-05 2.50001e-11 3.99411e-07
2.55736 6.25324e-05 2.50001e-11 3.99795e-07
2.56226 6.24725e-05 2.50001e-11 4.00178e-07
2.56717 6.24128e-05 2.50001e-11 4.00561e-07
2.57207 6.23532e-05 2.50001e-11 4.00943e-07
2.57698 6.22938e-05 2.50001e-11 4.01325e-07
2.58188 6.22346e-05 2.50001e-11 4.01707e-07
2.58679 6.21756e-05 2.50001e-11 4.02088e-07
2.59169 6.21167e-05 2.50001e-11 4.02469e-07
2.5966 6.2058e-05 2.50001e-11 4.0285e-07
2.6015 6.19995e-05 2.50001e-11 4.0323e-07
2.60641 6.19411e-05 2.50001e-11 4.0361e-07
2.61131 6.18829e-05 2.50001e-11 4.0399e-07
2.61622 6.18249e-05 2.50001e-11 4.04369e-07
2.62112 6.1767e-05 2.50001e-11 4.04748e-07
2.62603 6.17093e-05 2.50001e-11 4.05127e-07
2.63093 6.16518e-05 2.50001e-11 4.05505e-07
2.63584 6.15944e-05 2.50001e-11 4.05883e-07
2.64074 6.15371e-05 2.50001e-11 4.0626e-07
2.64565 6.14801e-05 2.50001e-11 4.06637e-07
2.65055 6.14232e-05 2.50001e-11 4.07014e-07
2.65546 6.13664e-05 2.50001e-11 4.0739e-07
2.66036 6.13098e-05 2.50001e-11 4.07766e-07
2.66527 6.12534e-05 2.50001e-11 4.08142e-07
2.67017 6.11971e-05 2.50001e-11 4.08518e-07
2.67508 6.11409e-05 2.50001e-11 4.08893e-07
2.67998 6.1085e-05 2.50001e-11 4.09267e-07
2.68488 6.10291e-05 2.50001e-11 4.09642e-07
2.68979 6.09735e-05 2.50001e-11 4.10016e-07
2.69469 6.0918e-05 2.50001e-11 4.10389e-07
2.6996 6.08626e-05 2.50001e-11 4.10763e-07
2.7045 6.08074e-05 2.50001e-11 4.11136e-07
2.70941 6.07523e-05 2.50001e-11 4.11508e-07
2.71431 6.06974e-05 2.50001e-11 4.11881e-07
2.71922 6.06426e-05 2.50001e-11 4.12253e-07
2.72412 6.0588e-05 2.50001e-11 4.12624e-07
2.72903 6.05335e-05 2.50001e-11 4.12996e-07
2.73393 6.04792e-05 2.50001e-11 4.13367e-07
2.73884 6.0425e-05 2.50001e-11 4.13737e-07
2.74374 6.0371e-05 2.50001e-11 4.14108e-07
2.74865 6.03171e-05 2.50001e-11 4.14478e-07
2.75355 6.02634e-05 2.50001e-11 4.14847e-07
2.75846 6.02098e-05 2.50001e-11 4.15217e-07
2.76336 6.01563e-05 2.50001e-11 4.15586e-07
2.76827 6.0103e-05 2.50001e-11 4.15954e-07
2.77317 6.00498e-05 2.50001e-11 4.16323e-07
2.77808 5.99968e-05 2.50001e-11 4.16691e-07
2.78298 5.99439e-05 2.50001e-11 4.17058e-07
2.78789 5.98911e-05 2.50001e-11 4.17426e-07
2.79279 5.98385e-05 2.50001e-11 4.17793e-07
2.7977 5.9786e-05 2.50001e-11 4.18159e-07
2.8026 5.97337e-05 2.50001e-11 4.18526e-07
2.80751 5.96815e-05 2.50001e-11 4.18892e-07
2.81241 5.96294e-05 2.50001e-11 4.19258e-07
2.81732 5.95775e-05 2.50001e-11 4.19623e-07
2.82222 5.95257e-05 2.50001e-11 4.19988e-07
2.82713 5.9474e-05 2.50001e-11 4.20353e-07
2.83203 5.94225e-05 2.50001e-11 4.20718e-07
2.83694 5.93711e-05 2.50001e-11 4.21082e-07
2.84184 5.93199e-05 2.50001e-11 4.21446e-07
2.84675 5.92687e-05 2.50001e-11 4.21809e-07
2.85165 5.92177e-05 2.50001e-11 4.22172e-07
2.85656 5.91669e-05 2.50001e-11 4.22535e-07
2.86146 5.91162e-05 2.50001e-11 4.22898e-07
2.86637 5.90656e-05 2.50001e-11 4.2326e-07
2.87127 5.90151e-05 2.50001e-11 4.23622e-07
2.87618 5.89647e-05 2.50001e-11 4.23984e-07
2.88108 5.89145e-05 2.50001e-11 4.24345e-07
2.88599 5.88644e-05 2.50001e-11 4.24706e-07
2.89089 5.88145e-05 2.50001e-11 4.25067e-07
2.8958 5.87646e-05 2.50001e-11 4.25428e-07
2.9007 5.87149e-05 2.50001e-11 4.25788e-07
2.90561 5.86654e-05 2.50001e-11 4.26148e-07
2.91051 5.86159e-05 2.50001e-11 4.26507e-07
2.91542 5.85666e-05 2.50001e-11 4.26866e-07
2.92032 5.85174e-05 2.50001e-11 4.27225e-07
2.92523 5.84683e-05 2.50001e-11 4.27584e-07
2.93013 5.84193e-05 2.50001e-11 4.27942e-07
2.93504 5.83705e-05 2.50001e-11 4.283e-07
2.93994 5.83218e-05 2.50001e-11 4.28658e-07
2.94484 5.82732e-05 2.50001e-11 4.29015e-07
2.94975 5.82247e-05 2.50001e-11 4.29373e-07
2.95465 5.81764e-05 2.50001e-11 4.29729e-07
2.95956 5.81282e-05 2.50001e-11 4.30086e-07
2.96446 5.80801e-05 2.50001e-11 4.30442e-07
2.96937 5.80321e-05 2.50001e-11 4.30798e-07
2.97427 5.79842e-05 2.50001e-11 4.31154e-07
2.97918 5.79364e-05 2.50001e-11 4.31509e-07
2.98408 5.78888e-05 2.50001e-11 4.31864e-07
2.98899 5.78413e-05 2.50001e-11 4.32219e-07
2.99389 5.77939e-05 2.50001e-11 4.32574e-07
2.9988 5.77466e-05 2.50001e-11 4.32928e-07
3.0037 5.76994e-05 2.50001e-11 4.33282e-07
3.00861 5.76524e-05 2.50001e-11 4.33635e-07
3.01351 5.76054e-05 2.50001e-11 4.33989e-07
3.01842 5.75586e-05 2.50001e-11 4.34342e-07
3.02332 5.75119e-05 2.50001e-11 4.34694e-07
3.02823 5.74653e-05 2.50001e-11 4.35047e-07
3.03313 5.74188e-05 2.50001e-11 4.35399e-07
3.03804 5.73725e-05 2.50001e-11 4.35751e-07
3.04294 5.73262e-05 2.50001e-11 4.36103e-07
3.04785 5.72801e-05 2.50001e-11 4.36454e-07
3.05275 5.7234e-05 2.50001e-11 4.36805e-07
3.05766 5.71881e-05 2.50001e-11 4.37156e-07
3.06256 5.71423e-05 2.50001e-11 4.37506e-07
3.06747 5.70966e-05 2.50001e-11 4.37857e-07
3.07237 5.7051e-05 2.50001e-11 4.38207e-07
3.07728 5.70055e-05 2.50001e-11 4.38556e-07
3.08218 5.69601e-05 2.50001e-11 4.38906e-07
3.08709 5.69149e-05 2.50001e-11 4.39255e-07
3.09199 5.68697e-05 2.50001e-11 4.39604e-07
3.0969 5.68247e-05 2.50001e-11 4.39952e-07
3.1018 5.67797e-05 2.50001e-11 4.403e-07
3.10671 5.67349e-05 2.50001e-11 4.40648e-07
3.11161 5.66901e-05 2.50001e-11 4.40996e-07
3.11652 5.66455e-05 2.50001e-11 4.41344e-07
3.12142 5.6601e-05 2.50001e-11 4.41691e-07
3.12633 5.65566e-05 2.50001e-11 4.42038e-07
3.13123 5.65122e-05 2.50001e-11 4.42384e-07
3.13614 5.6468e-05 2.50001e-11 4.42731e-07
3.14104 5.64239e-05 2.50001e-11 4.43077e-07
3.14595 5.63799e-05 2.50001e-11 4.43422e-07
3.15085 5.6336e-05 2.50001e-11 4.43768e-07
3.15576 5.62922e-05 2.50001e-11 4.44113e-07
3.16066 5.62485e-05 2.50001e-11 4.44458e-07
3.16557 5.62049e-05 2.50001e-11 4.44803e-07
3.17047 5.61614e-05 2.50001e-11 4.45148e-07
3.17538 5.61181e-05 2.50001e-11 4.45492e-07
3.18028 5.60748e-05 2.50001e-11 4.45836e-07
3.18519 5.60316e-05 2.50001e-11 4.46179e-07
3.19009 5.59885e-05 2.50001e-11 4.46523e-07
3.19499 5.59455e-05 2.50001e-11 4.46866e-07
3.1999 5.59026e-05 2.50001e-11 4.47209e-07
3.2048 5.58598e-05 2.50001e-11 4.47551e-07
3.20971 5.58171e-05 2.50001e-11 4.47894e-07
3.21461 5.57745e-05 2.50001e-11 4.48236e-07
3.21952 5.5732e-05 2.50001e-11 4.48578e-07
3.22442 5.56896e-05 2.50001e-11 4.48919e-07
3.22933 5.56473e-05 2.50001e-11 4.49261e-07
3.23423 5.56051e-05 2.50001e-11 4.49602e-07
3.23914 5.5563e-05 2.50001e-11 4.49943e-07
3.24404 5.55209e-05 2.50001e-11 4.50283e-07
3.24895 5.5479e-05 2.50001e-11 4.50623e-07
3.25385 5.54372e-05 2.50001e-11 4.50963e-07
3.25876 5.53954e-05 2.50001e-11 4.51303e-07
3.26366 5.53538e-05 2.50001e-11 4.51643e-07
3.26857 5.53122e-05 2.50001e-11 4.51982e-07
3.27347 5.52708e-05 2.50001e-11 4.52321e-07
3.27838 5.52294e-05 2.50001e-11 4.5266e-07
3.28328 5.51882e-05 2.50001e-11 4.52998e-07
3.28819 5.5147e-05 2.50001e-11 4.53337e-07
3.29309 5.51059e-05 2.50001e-11 4.53675e-07
3.298 5.50649e-05 2.50001e-11 4.54012e-07
3.3029 5.5024e-05 2.50001e-11 4.5435e-07
3.30781 5.49832e-05 2.50001e-11 4.54687e-07
3.31271 5.49425e-05 2.50001e-11 4.55024e-07
3.31762 5.49018e-05 2.50001e-11 4.55361e-07
3.32252 5.48613e-05 2.50002e-11 4.55697e-07
3.32743 5.48209e-05 2.50002e-11 4.56034e-07
3.33233 5.47805e-05 2.50002e-11 4.5637e-07
3.33724 5.47402e-05 2.50002e-11 4.56705e-07
3.34214 5.47e-05 2.50002e-11 4.57041e-07
3.34705 5.46599e-05 2.50002e-11 4.57376e-07
3.35195 5.46199e-05 2.50002e-11 4.57711e-07
3.35686 5.458e-05 2.50002e-11 4.58046e-07
3.36176 5.45402e-05 2.50002e-11 4.5838e-07
3.36667 5.45004e-05 2.50002e-11 4.58715e-07
3.37157 5.44608e-05 2.50002e-11 4.59049e-07
3.37648 5.44212e-05 2.50002e-11 4.59383e-07
3.38138 5.43817e-05 2.50002e-11 4.59716e-07
3.38629 5.43423e-05 2.50002e-11 4.60049e-07
3.39119 5.4303e-05 2.50002e-11 4.60382e-07
3.3961 5.42638e-05 2.50002e-11 4.60715e-07
3.401 5.42246e-05 2.50002e-11 4.61048e-07
3.40591 5.41856e-05 2.50002e-11 4.6138e-07
3.41081 5.41466e-05 2.50002e-11 4.61712e-07
3.41572 5.41077e-05 2.50002e-11 4.62044e-07
3.42062 5.40689e-05 2.50002e-11 4.62376e-07
3.42553 5.40302e-05 2.50002e-11 4.62707e-07
3.43043 5.39915e-05 2.50002e-11 4.63038e-07
3.43534 5.3953e-05 2.50002e-11 4.63369e-07
3.44024 5.39145e-05 2.50002e-11 4.637e-07
3.44515 5.38761e-05 2.50002e-11 4.64031e-07
3.45005 5.38378e-05 2.50002e-11 4.64361e-07
3.45495 5.37995e-05 2.50002e-11 4.64691e-07
3.45986 5.37614e-05 2.50002e-11 4.6502e-07
3.46476 5.37233e-05 2.50002e-11 4.6535e-07
3.46967 5.36853e-05 2.50002e-11 4.65679e-07
3.47457 5.36474e-05 2.50001e-11 4.66008e-07
3.47948 5.36096e-05 2.50001e-11 4.66337e-07
3.48438 5.35718e-05 2.50001e-11 4.66666e-07
3.48929 5.35342e-05 2.50001e-11 4.66994e-07
3.49419 5.34966e-05 2.50001e-11 4.67322e-07
3.4991 5.34591e-05 2.50001e-11 4.6765e-07
3.504 5.34216e-05 2.50001e-11 4.67978e-07
3.50891 5.33843e-05 2.50001e-11 4.68305e-07
3.51381 5.3347e-05 2.50001e-11 4.68632e-07
3.51872 5.33098e-05 2.50001e-11 4.68959e-07
3.52362 5.32727e-05 2.50001e-11 4.69286e-07
3.52853 5.32356e-05 2.50001e-11 4.69613e-07
3.53343 5.31986e-05 2.50001e-11 4.69939e-07
3.53834 5.31617e-05 2.50001e-11 4.70265e-07
3.54324 5.31249e-05 2.50001e-11 4.70591e-07
3.54815 5.30882e-05 2.50001e-11 4.70917e-07
3.55305 5.30515e-05 2.50001e-11 4.71242e-07
3.55796 5.30149e-05 2.50001e-11 4.71567e-07
3.56286 5.29784e-05 2.50001e-11 4.71892e-07
3.56777 5.29419e-05 2.50001e-11 4.72217e-07
3.57267 5.29055e-05 2.50001e-11 4.72541e-07
3.57758 5.28692e-05 2.5e-11 4.72866e-07
3.58248 5.2833e-05 2.5e-11 4.7319e-07
3.58739 5.27969e-05 2.5e-11 4.73514e-07
3.59229 5.27608e-05 2.5e-11 4.73837e-07
3.5972 5.27248e-05 2.5e-11 4.74161e-07
3.6021 5.26888e-05 2.5e-11 4.74484e-07
3.60701 5.26529e-05 2.5e-11 4.74807e-07
3.61191 5.26171e-05 2.49999e-11 4.75129e-07
3.61682 5.25814e-05 2.49999e-11 4.75452e-07
3.62172 5.25457e-05 2.49999e-11 4.75774e-07
3.62663 5.25102e-05 2.49999e-11 4.76096e-07
3.63153 5.24746e-05 2.49999e-11 4.76418e-07
3.63644 5.24392e-05 2.49998e-11 4.7674e-07
3.64134 5.24038e-05 2.49998e-11 4.77061e-07
3.64625 5.23685e-05 2.49998e-11 4.77382e-07
3.65115 5.23332e-05 2.49997e-11 4.77703e-07
3.65606 5.2298e-05 2.49997e-11 4.78024e-07
3.66096 5.22629e-05 2.49997e-11 4.78345e-07
3.66587 5.22278e-05 2.49996e-11 4.78665e-07
3.67077 5.21928e-05 2.49996e-11 4.78985e-07
3.67568 5.21579e-05 2.49996e-11 4.79305e-07
3.68058 5.2123e-05 2.49995e-11 4.79625e-07
3.68549 5.20882e-05 2.49995e-11 4.79944e-07
3.69039 5.20535e-05 2.49994e-11 4.80264e-07
3.6953 5.20188e-05 2.49993e-11 4.80583e-07
3.7002 5.19842e-05 2.49993e-11 4.80902e-07
3.70511 5.19496e-05 2.49992e-11 4.8122e-07
3.71001 5.19151e-05 2.49991e-11 4.81539e-07
3.71491 5.18807e-05 2.49991e-11 4.81857e-07
3.71982 5.18463e-05 2.4999e-11 4.82175e-07
3.72472 5.18119e-05 2.49989e-11 4.82493e-07
3.72963 5.17777e-05 2.49988e-11 4.8281e-07
3.73453 5.17434e-05 2.49987e-11 4.83128e-07
3.73944 5.17093e-05 2.49986e-11 4.83445e-07
3.74434 5.16751e-05 2.49985e-11 4.83762e-07
3.74925 5.16411e-05 2.49983e-11 4.84079e-07
3.75415 5.16071e-05 2.49982e-11 4.84395e-07
3.75906 5.15731e-05 2.49981e-11 4.84712e-07
3.76396 5.15392e-05 2.49979e-11 4.85028e-07
3.76887 5.15053e-05 2.49978e-11 4.85344e-07
3.77377 5.14715e-05 2.49976e-11 4.85659e-07
3.77868 5.14377e-05 2.49974e-11 4.85975e-07
3.78358 5.14039e-05 2.49972e-11 4.8629e-07
3.78849 5.13702e-05 2.4997e-11 4.86605e-07
3.79339 5.13365e-05 2.49968e-11 4.8692e-07
3.7983 5.13029e-05 2.49966e-11 4.87235e-07
3.8032 5.12693e-05 2.49963e-11 4.8755e-07
3.80811 5.12357e-05 2.49961e-11 4.87864e-07
3.81301 5.12022e-05 2.49958e-11 4.88178e-07
3.81792 5.11687e-05 2.49955e-11 4.88492e-07
3.82282 5.11352e-05 2.49952e-11 4.88806e-07
3.82773 5.11018e-05 2.49949e-11 4.89119e-07
3.83263 5.10683e-05 2.49945e-11 4.89432e-07
3.83754 5.10349e-05 2.49941e-11 4.89746e-07
3.84244 5.10015e-05 2.49937e-11 4.90058e-07
3.84735 5.09682e-05 2.49933e-11 4.90371e-07
3.85225 5.09348e-05 2.49929e-11 4.90684e-07
3.85716 5.09014e-05 2.49924e-11 4.90996e-07
3.86206 5.08681e-05 2.49919e-11 4.91308e-07
3.86697 5.08347e-05 2.49914e-11 4.9162e-07
3.87187 5.08014e-05 2.49908e-11 4.91932e-07
3.87678 5.0768e-05 2.49902e-11 4.92243e-07
3.88168 5.07347e-05 2.49896e-11 4.92555e-07
3.88659 5.07013e-05 2.49889e-11 4.92866e-07
3.89149 5.06679e-05 2.49882e-11 4.93177e-07
3.8964 5.06345e-05 2.49875e-11 4.93487e-07
3.9013 5.06011e-05 2.49867e-11 4.93798e-07
3.90621 5.05676e-05 2.49859e-11 4.94108e-07
3.91111 5.05341e-05 2.4985e-11 4.94418e-07
3.91602 5.05006e-05 2.49841e-11 4.94728e-07
3.92092 5.0467e-05 2.49831e-11 4.95038e-07
3.92583 5.04334e-05 2.49821e-11 4.95348e-07
3.93073 5.03998e-05 2.4981e-11 4.95657e-07
3.93564 5.0366e-05 2.49798e-11 4.95966e-07
3.94054 5.03322e-05 2.49786e-11 4.96275e-07
3.94545 5.02984e-05 2.49774e-11 4.96584e-07
3.95035 5.02644e-05 2.4976e-11 4.96892e-07
3.95526 5.02304e-05 2.49746e-11 4.97201e-07
3.96016 5.01963e-05 2.49731e-11 4.97509e-07
3.96507 5.01621e-05 2.49715e-11 4.97817e-07
3.96997 5.01277e-05 2.49699e-11 4.98125e-07
3.97487 5.00933e-05 2.49681e-11 4.98433e-07
3.97978 5.00588e-05 2.49663e-11 4.9874e-07
3.98468 5.00241e-05 2.49644e-11 4.99047e-07
3.98959 4.99893e-05 2.49624e-11 4.99354e-07
3.99449 4.99543e-05 2.49602e-11 4.99661e-07
3.9994 4.99192e-05 2.4958e-11 4.99968e-07
4.0043 4.98839e-05 2.49556e-11 5.00275e-07
4.00921 4.98484e-05 2.49532e-11 5.00581e-07
4.01411 4.98127e-05 2.49506e-11 5.00887e-07
4.01902 4.97769e-05 2.49478e-11 5.01193e-07
4.02392 4.97408e-05 2.4945e-11 5.01499e-07
4.02883 4.97045e-05 2.49419e-11 5.01804e-07
4.03373 4.9668e-05 2.49388e-11 5.0211e-07
4.03864 4.96313e-05 2.49355e-11 5.02415e-07
4.04354 4.95942e-05 2.4932e-11 5.0272e-07
4.04845 4.95569e-05 2.49284e-11 5.03025e-07
4.05335 4.95194e-05 2.49246e-11 5.03329e-07
4.05826 4.94815e-05 2.49206e-11 5.03634e-07
4.06316 4.94433e-05 2.49164e-11 5.03938e-07
4.06807 4.94048e-05 2.4912e-11 5.04242e-07
4.07297 4.93659e-05 2.49074e-11 5.04546e-07
4.07788 4.93267e-05 2.49026e-11 5.0485e-07
4.08278 4.92871e-05 2.48976e-11 5.05154e-07
4.08769 4.92471e-05 2.48923e-11 5.05457e-07
4.09259 4.92067e-05 2.48868e-11 5.0576e-07
4.0975 4.91659e-05 2.4881e-11 5.06063e-07
4.1024 4.91246e-05 2.4875e-11 5.06366e-07
4.10731 4.90829e-05 2.48687e-11 5.06669e-07
4.11221 4.90406e-05 2.48622e-11 5.06971e-07
4.11712 4.89979e-05 2.48553e-11 5.07273e-07
4.12202 4.89546e-05 2.48482e-11 5.07575e-07
4.12693 4.89108e-05 2.48407e-11 5.07877e-07
4.13183 4.88664e-05 2.48329e-11 5.08179e-07
4.13674 4.88214e-05 2.48247e-11 5.08481e-07
4.14164 4.87758e-05 2.48162e-11 5.08782e-07
4.14655 4.87295e-05 2.48074e-11 5.09083e-07
4.15145 4.86826e-05 2.47982e-11 5.09384e-07
4.15636 4.8635e-05 2.47885e-11 5.09685e-07
4.16126 4.85866e-05 2.47785e-11 5.09986e-07
4.16617 4.85375e-05 2.47681e-11 5.10286e-07
4.17107 4.84877e-05 2.47572e-11 5.10587e-07
4.17598 4.8437e-05 2.47458e-11 5.10887e-07
4.18088 4.83855e-05 2.4734e-11 5.11187e-07
4.18579 4.83332e-05 2.47218e-11 5.11487e-07
4.19069 4.82799e-05 2.4709e-11 5.11786e-07
4.1956 4.82258e-05 2.46957e-11 5.12086e-07
4.2005 4.81706e-05 2.46819e-11 5.12385e-07
4.20541 4.81145e-05 2.46676e-11 5.12684e-07
4.21031 4.80574e-05 2.46526e-11 5.12983e-07
4.21522 4.79992e-05 2.46371e-11 5.13282e-07
4.22012 4.794e-05 2.4621e-11 5.1358e-07
4.22502 4.78796e-05 2.46043e-11 5.13879e-07
4.22993 4.78181e-05 2.45869e-11 5.14177e-07
4.23483 4.77553e-05 2.45689e-11 5.14475e-07
4.23974 4.76913e-05 2.45502e-11 5.14773e-07
4.24464 4.76261e-05 2.45308e-11 5.15071e-07
4.24955 4.75596e-05 2.45107e-11 5.15368e-07
4.25445 4.74917e-05 2.44898e-11 5.15666e-07
4.25936 4.74224e-05 2.44682e-11 5.15963e-07
4.26426 4.73517e-05 2.44458e-11 5.1626e-07
4.26917 4.72795e-05 2.44226e-11 5.16557e-07
4.27407 4.72058e-05 2.43985e-11 5.16853e-07
4.27898 4.71306e-05 2.43736e-11 5.1715e-07
4.28388 4.70538e-05 2.43478e-11 5.17446e-07
4.28879 4.69753e-05 2.43211e-11 5.17743e-07
4.29369 4.68951e-05 2.42935e-11 5.18039e-07
4.2986 4.68132e-05 2.42649e-11 5.18334e-07
4.3035 4.67295e-05 2.42353e-11 5.1863e-07
4.30841 4.6644e-05 2.42048e-11 5.18926e-07
4.31331 4.65567e-05 2.41732e-11 5.19221e-07
4.31822 4.64674e-05 2.41405e-11 5.19516e-07
4.32312 4.63761e-05 2.41068e-11 5.19811e-07
4.32803 4.62828e-05 2.4072e-11 5.20106e-07
4.33293 4.61875e-05 2.4036e-11 5.20401e-07
4.33784 4.609e-05 2.39989e-11 5.20695e-07
4.34274 4.59904e-05 2.39605e-11 5.20989e-07
4.34765 4.58886e-05 2.3921e-11 5.21284e-07
4.35255 4.57845e-05 2.38802e-11 5.21578e-07
4.35746 4.5678e-05 2.38381e-11 5.21871e-07
4.36236 4.55692e-05 2.37947e-11 5.22165e-07
4.36727 4.5458e-05 2.37499e-11 5.22459e-07
4.37217 4.53443e-05 2.37038e-11 5.22752e-07
4.37708 4.52281e-05 2.36563e-11 5.23045e-07
4.38198 4.51093e-05 2.36074e-11 5.23338e-07
4.38689 4.49879e-05 2.3557e-11 5.23631e-07
4.39179 4.48637e-05 2.35052e-11 5.23924e-07
4.3967 4.47368e-05 2.34518e-11 5.24216e-07
4.4016 4.46072e-05 2.33968e-11 5.24509e-07
4.40651 4.44746e-05 2.33403e-11 5.24801e-07
4.41141 4.43392e-05 2.32822e-11 5.25093e-07
4.41632 4.42008e-05 2.32224e-11 5.25385e-07
4.42122 4.40594e-05 2.3161e-11 5.25676e-07
4.42613 4.3915e-05 2.30979e-11 5.25968e-07
4.43103 4.37674e-05 2.3033e-11 5.26259e-07
4.43594 4.36166e-05 2.29664e-11 5.26551e-07
4.44084 4.34626e-05 2.28979e-11 5.26842e-07
4.44575 4.33054e-05 2.28277e-11 5.27133e-07
4.45065 4.31448e-05 2.27556e-11 5.27423e-07
4.45556 4.29808e-05 2.26816e-11 5.27714e-07
4.46046 4.28133e-05 2.26056e-11 5.28004e-07
4.46537 4.26424e-05 2.25278e-11 5.28295e-07
4.47027 4.24679e-05 2.24479e-11 5.28585e-07
4.47518 4.22899e-05 2.23661e-11 5.28875e-07
4.48008 4.21082e-05 2.22822e-11 5.29165e-07
4.48498 4.19228e-05 2.21962e-11 5.29454e-07
4.48989 4.17337e-05 2.21081e-11 5.29744e-07
4.49479 4.15407e-05 2.2018e-11 5.30033e-07
4.4997 4.1344e-05 2.19256e-11 5.30322e-07
4.5046 4.11433e-05 2.18311e-11 5.30611e-07
4.50951 4.09387e-05 2.17344e-11 5.309e-07
4.51441 4.07302e-05 2.16354e-11 5.31189e-07
4.51932 4.05176e-05 2.15342e-11 5.31477e-07
4.52422 4.0301e-05 2.14307e-11 5.31766e-07
4.52913 4.00802e-05 2.13248e-11 5.32054e-07
4.53403 3.98553e-05 2.12167e-11 5.32342e-07
4.53894 3.96263e-05 2.11061e-11 5.3263e-07
4.54384 3.9393e-05 2.09932e-11 5.32918e-07
4.54875 3.91554e-05 2.08779e-11 5.33205e-07
4.55365 3.89136e-05 2.07601e-11 5.33493e-07
4.55856 3.86674e-05 2.06399e-11 5.3378e-07
4.56346 3.84168e-05 2.05172e-11 5.34067e-07
4.56837 3.81619e-05 2.0392e-11 5.34354e-07
4.57327 3.79026e-05 2.02643e-11 5.34641e-07
4.57818 3.76387e-05 2.0134e-11 5.34928e-07
4.58308 3.73705e-05 2.00012e-11 5.35214e-07
4.58799 3.70977e-05 1.98658e-11 5.35501e-07
4.59289 3.68204e-05 1.97279e-11 5.35787e-07
4.5978 3.65385e-05 1.95873e-11 5.36073e-07
4.6027 3.62521e-05 1.94441e-11 5.36359e-07
4.60761 3.59611e-05 1.92983e-11 5.36644e-07
4.61251 3.56655e-05 1.91499e-11 5.3693e-07
4.61742 3.53652e-05 1.89988e-11 5.37216e-07
4.62232 3.50604e-05 1.8845e-11 5.37501e-07
4.62723 3.47509e-05 1.86886e-11 5.37786e-07
4.63213 3.44368e-05 1.85295e-11 5.38071e-07
4.63704 3.41181e-05 1.83677e-11 5.38356e-07
4.64194 3.37947e-05 1.82032e-11 5.38641e-07
4.64685 3.34666e-05 1.8036e-11 5.38925e-07
4.65175 3.3134e-05 1.78661e-11 5.3921e-07
4.65666 3.27966e-05 1.76936e-11 5.39494e-07
4.66156 3.24547e-05 1.75183e-11 5.39778e-07
4.66647 3.21081e-05 1.73403e-11 5.40062e-07
4.67137 3.17569e-05 1.71597e-11 5.40346e-07
4.67628 3.14011e-05 1.69763e-11 5.40629e-07
4.68118 3.10407e-05 1.67903e-11 5.40913e-07
4.68609 3.06757e-05 1.66016e-11 5.41196e-07
4.69099 3.03062e-05 1.64102e-11 5.41479e-07
4.6959 2.99322e-05 1.62161e-11 5.41763e-07
4.7008 2.95537e-05 1.60194e-11 5.42045e-07
4.70571 2.91707e-05 1.58201e-11 5.42328e-07
4.71061 2.87832e-05 1.56181e-11 5.42611e-07
4.71552 2.83914e-05 1.54135e-11 5.42893e-07
4.72042 2.79952e-05 1.52063e-11 5.43176e-07
4.72533 2.75947e-05 1.49965e-11 5.43458e-07
4.73023 2.71899e-05 1.47842e-11 5.4374e-07
4.73514 2.67808e-05 1.45693e-11 5.44022e-07
4.74004 2.63676e-05 1.4352e-11 5.44304e-07
4.74494 2.59502e-05 1.41321e-11 5.44585e-07
4.74985 2.55287e-05 1.39097e-11 5.44867e-07
4.75475 2.51031e-05 1.36849e-11 5.45148e-07
4.75966 2.46736e-05 1.34577e-11 5.45429e-07
4.76456 2.42402e-05 1.32281e-11 5.4571e-07
4.76947 2.38028e-05 1.29961e-11 5.45991e-07
4.77437 2.33617e-05 1.27619e-11 5.46272e-07
4.77928 2.29169e-05 1.25253e-11 5.46552e-07
4.78418 2.24684e-05 1.22864e-11 5.46833e-07
4.78909 2.20163e-05 1.20454e-11 5.47113e-07
4.79399 2.15606e-05 1.18022e-11 5.47393e-07
4.7989 2.11016e-05 1.15568e-11 5.47673e-07
4.8038 2.06391e-05 1.13093e-11 5.47953e-07
4.80871 2.01734e-05 1.10597e-11 5.48233e-07
4.81361 1.97045e-05 1.08082e-11 5.48513e-07
4.81852 1.92325e-05 1.05546e-11 5.48792e-07
4.82342 1.87574e-05 1.02992e-11 5.49071e-07
4.82833 1.82794e-05 1.00418e-11 5.4935e-07
4.83323 1.77985e-05 9.7826e-12 5.49629e-07
4.83814 1.73149e-05 9.52163e-12 5.49908e-07
4.84304 1.68287e-05 9.25891e-12 5.50187e-07
4.84795 1.63398e-05 8.99452e-12 5.50466e-07
4.85285 1.58485e-05 8.72849e-12 5.50744e-07
4.85776 1.53549e-05 8.46088e-12 5.51023e-07
4.86266 1.4859e-05 8.19175e-12 5.51301e-07
4.86757 1.43609e-05 7.92116e-12 5.51579e-07
4.87247 1.38608e-05 7.64915e-12 5.51857e-07
4.87738 1.33587e-05 7.37579e-12 5.52134e-07
4.88228 1.28548e-05 7.10114e-12 5.52412e-07
4.88719 1.23492e-05 6.82525e-12 5.5269e-07
4.89209 1.18419e-05 6.54819e-12 5.52967e-07
4.897 1.13332e-05 6.27001e-12 5.53244e-07
4.9019 1.08231e-05 5.99079e-12 5.53521e-07
4.90681 1.03117e-05 5.71058e-12 5.53798e-07
4.91171 9.7991e-06 5.42944e-12 5.54075e-07
4.91662 9.28551e-06 5.14744e-12 5.54352e-07
4.92152 8.771e-06 4.86464e-12 5.54628e-07
4.92643 8.25568e-06 4.58112e-12 5.54904e-07
4.93133 7.73969e-06 4.29693e-12 5.55181e-07
4.93624 7.22313e-06 4.01214e-12 5.55457e-07
4.94114 6.70612e-06 3.72681e-12 5.55733e-07
4.94605 6.1888e-06 3.44103e-12 5.56009e-07
4.95095 5.67127e-06 3.15484e-12 5.56284e-07
4.95586 5.15367e-06 2.86832e-12 5.5656e-07
4.96076 4.6361e-06 2.58155e-12 5.56835e-07
4.96567 4.1187e-06 2.29457e-12 5.57111e-07
4.97057 3.60159e-06 2.00747e-12 5.57386e-07
4.97548 3.08488e-06 1.72032e-12 5.57661e-07
4.98038 2.56871e-06 1.43317e-12 5.57936e-07
4.98529 2.05318e-06 1.14611e-12 5.5821e-07
4.99019 1.53843e-06 8.59188e-13 5.58485e-07
4.9951 1.02456e-06 5.72485e-13 5.5876e-07
5 5.11716e-07 2.86067e-13 5.59034e-07
