0.1 0.000316228 2.5e-09 7.90569e-06
0.104905 0.000308747 2.5e-09 8.09726e-06
0.10981 0.000301772 2.5e-09 8.28439e-06
0.114715 0.00029525 2.5e-09 8.46739e-06
0.11962 0.000289134 2.5e-09 8.64652e-06
0.124525 0.000283382 2.5e-09 8.82201e-06
0.129429 0.000277961 2.5e-09 8.99408e-06
0.134334 0.000272839 2.5e-09 9.16291e-06
0.139239 0.00026799 2.5e-09 9.32869e-06
0.144144 0.000263391 2.5e-09 9.49158e-06
0.149049 0.000259021 2.5e-09 9.65172e-06
0.153954 0.000254862 2.5e-09 9.80924e-06
0.158859 0.000250896 2.5e-09 9.96428e-06
0.163764 0.00024711 2.5e-09 1.01169e-05
0.168669 0.000243491 2.5e-09 1.02673e-05
0.173574 0.000240026 2.5e-09 1.04155e-05
0.178478 0.000236705 2.5e-09 1.05617e-05
0.183383 0.000233518 2.5e-09 1.07058e-05
0.188288 0.000230456 2.5e-09 1.0848e-05
0.193193 0.000227512 2.5e-09 1.09884e-05
0.198098 0.000224678 2.5e-09 1.11271e-05
0.203003 0.000221947 2.5e-09 1.1264e-05
0.207908 0.000219313 2.5e-09 1.13992e-05
0.212813 0.000216771 2.5e-09 1.15329e-05
0.217718 0.000214315 2.5e-09 1.16651e-05
0.222623 0.000211941 2.5e-09 1.17957e-05
0.227528 0.000209644 2.5e-09 1.1925e-05
0.232432 0.00020742 2.5e-09 1.20528e-05
0.237337 0.000205266 2.5e-09 1.21793e-05
0.242242 0.000203177 2.5e-09 1.23045e-05
0.247147 0.000201151 2.5e-09 1.24285e-05
0.252052 0.000199184 2.5e-09 1.25512e-05
0.256957 0.000197274 2.5e-09 1.26727e-05
0.261862 0.000195418 2.5e-09 1.27931e-05
0.266767 0.000193613 2.5e-09 1.29124e-05
0.271672 0.000191857 2.5e-09 1.30305e-05
0.276577 0.000190148 2.5e-09 1.31476e-05
0.281481 0.000188484 2.5e-09 1.32637e-05
0.286386 0.000186863 2.5e-09 1.33788e-05
0.291291 0.000185283 2.5e-09 1.34928e-05
0.296196 0.000183743 2.5e-09 1.3606e-05
0.301101 0.00018224 2.5e-09 1.37182e-05
0.306006 0.000180774 2.5e-09 1.38294e-05
0.310911 0.000179342 2.5e-09 1.39398e-05
0.315816 0.000177944 2.5e-09 1.40494e-05
0.320721 0.000176578 2.5e-09 1.4158e-05
0.325626 0.000175243 2.5e-09 1.42659e-05
0.330531 0.000173938 2.5e-09 1.43729e-05
0.335435 0.000172662 2.5e-09 1.44792e-05
0.34034 0.000171413 2.5e-09 1.45846e-05
0.345245 0.000170191 2.5e-09 1.46894e-05
0.35015 0.000168995 2.49999e-09 1.47933e-05
0.355055 0.000167823 2.49999e-09 1.48966e-05
0.35996 0.000166676 2.49999e-09 1.49991e-05
0.364865 0.000165552 2.49999e-09 1.5101e-05
0.36977 0.00016445 2.49999e-09 1.52021e-05
0.374675 0.00016337 2.49999e-09 1.53026e-05
0.37958 0.000162311 2.49999e-09 1.54024e-05
0.384484 0.000161273 2.49999e-09 1.55016e-05
0.389389 0.000160254 2.49999e-09 1.56002e-05
0.394294 0.000159254 2.49999e-09 1.56981e-05
0.399199 0.000158272 2.49998e-09 1.57955e-05
0.404104 0.000157309 2.49998e-09 1.58922e-05
0.409009 0.000156363 2.49998e-09 1.59883e-05
0.413914 0.000155434 2.49998e-09 1.60839e-05
0.418819 0.000154521 2.49998e-09 1.61789e-05
0.423724 0.000153624 2.49998e-09 1.62734e-05
0.428629 0.000152742 2.49997e-09 1.63673e-05
0.433534 0.000151876 2.49997e-09 1.64606e-05
0.438438 0.000151024 2.49997e-09 1.65535e-05
0.443343 0.000150186 2.49996e-09 1.66458e-05
0.448248 0.000149362 2.49996e-09 1.67376e-05
0.453153 0.000148552 2.49996e-09 1.68289e-05
0.458058 0.000147754 2.49995e-09 1.69197e-05
0.462963 0.000146969 2.49995e-09 1.701e-05
0.467868 0.000146197 2.49994e-09 1.70998e-05
0.472773 0.000145437 2.49993e-09 1.71892e-05
0.477678 0.000144688 2.49993e-09 1.72781e-05
0.482583 0.000143951 2.49992e-09 1.73665e-05
0.487487 0.000143225 2.49991e-09 1.74545e-05
0.492392 0.00014251 2.4999e-09 1.7542e-05
0.497297 0.000141805 2.49989e-09 1.76291e-05
0.502202 0.000141111 2.49988e-09 1.77157e-05
0.507107 0.000140427 2.49987e-09 1.78019e-05
0.512012 0.000139753 2.49986e-09 1.78877e-05
0.516917 0.000139088 2.49984e-09 1.79731e-05
0.521822 0.000138433 2.49983e-09 1.80581e-05
0.526727 0.000137787 2.49981e-09 1.81426e-05
0.531632 0.00013715 2.49979e-09 1.82267e-05
0.536537 0.000136521 2.49977e-09 1.83105e-05
0.541441 0.000135902 2.49974e-09 1.83938e-05
0.546346 0.00013529 2.49972e-09 1.84767e-05
0.551251 0.000134687 2.49969e-09 1.85592e-05
0.556156 0.000134092 2.49965e-09 1.86414e-05
0.561061 0.000133504 2.49962e-09 1.87232e-05
0.565966 0.000132924 2.49958e-09 1.88045e-05
0.570871 0.000132352 2.49954e-09 1.88855e-05
0.575776 0.000131787 2.49949e-09 1.89661e-05
0.580681 0.000131229 2.49944e-09 1.90463e-05
0.585586 0.000130679 2.49938e-09 1.91261e-05
0.59049 0.000130135 2.49931e-09 1.92056e-05
0.595395 0.000129598 2.49924e-09 1.92846e-05
0.6003 0.000129067 2.49917e-09 1.93633e-05
0.605205 0.000128543 2.49908e-09 1.94416e-05
0.61011 0.000128025 2.49898e-09 1.95195e-05
0.615015 0.000127514 2.49888e-09 1.95969e-05
0.61992 0.000127008 2.49876e-09 1.9674e-05
0.624825 0.000126509 2.49864e-09 1.97507e-05
0.62973 0.000126015 2.4985e-09 1.98269e-05
0.634635 0.000125527 2.49834e-09 1.99028e-05
0.63954 0.000125045 2.49817e-09 1.99782e-05
0.644444 0.000124568 2.49798e-09 2.00531e-05
0.649349 0.000124097 2.49777e-09 2.01276e-05
0.654254 0.000123631 2.49755e-09 2.02016e-05
0.659159 0.00012317 2.49729e-09 2.02752e-05
0.664064 0.000122714 2.49701e-09 2.03482e-05
0.668969 0.000122264 2.49671e-09 2.04207e-05
0.673874 0.000121818 2.49637e-09 2.04926e-05
0.678779 0.000121377 2.49599e-09 2.0564e-05
0.683684 0.000120941 2.49558e-09 2.06348e-05
0.688589 0.000120509 2.49513e-09 2.07049e-05
0.693493 0.000120082 2.49463e-09 2.07743e-05
0.698398 0.00011966 2.49407e-09 2.0843e-05
0.703303 0.000119242 2.49346e-09 2.0911e-05
0.708208 0.000118828 2.49279e-09 2.09781e-05
0.713113 0.000118419 2.49205e-09 2.10444e-05
0.718018 0.000118014 2.49123e-09 2.11097e-05
0.722923 0.000117613 2.49033e-09 2.1174e-05
0.727828 0.000117216 2.48934e-09 2.12373e-05
0.732733 0.000116823 2.48825e-09 2.12994e-05
0.737638 0.000116434 2.48704e-09 2.13602e-05
0.742543 0.000116048 2.48572e-09 2.14197e-05
0.747447 0.000115667 2.48425e-09 2.14776e-05
0.752352 0.000115289 2.48264e-09 2.1534e-05
0.757257 0.000114915 2.48087e-09 2.15886e-05
0.762162 0.000114545 2.47891e-09 2.16414e-05
0.767067 0.000114178 2.47676e-09 2.1692e-05
0.771972 0.000113815 2.47439e-09 2.17405e-05
0.776877 0.000113455 2.47178e-09 2.17864e-05
0.781782 0.000113099 2.46891e-09 2.18297e-05
0.786687 0.000112745 2.46575e-09 2.187e-05
0.791592 0.000112396 2.46227e-09 2.19072e-05
0.796496 0.000112049 2.45845e-09 2.19408e-05
0.801401 0.000111706 2.45424e-09 2.19706e-05
0.806306 0.000111365 2.44962e-09 2.19963e-05
0.811211 0.000111028 2.44455e-09 2.20174e-05
0.816116 0.000110694 2.43897e-09 2.20335e-05
0.821021 0.000110363 2.43285e-09 2.20441e-05
0.825926 0.000110035 2.42614e-09 2.20488e-05
0.830831 0.000109709 2.41877e-09 2.20471e-05
0.835736 0.000109387 2.4107e-09 2.20383e-05
0.840641 0.000109067 2.40186e-09 2.20218e-05
0.845546 0.000108751 2.39219e-09 2.1997e-05
0.85045 0.000108437 2.38161e-09 2.19632e-05
0.855355 0.000108125 2.37005e-09 2.19195e-05
0.86026 0.000107816 2.35743e-09 2.18652e-05
0.865165 0.00010751 2.34366e-09 2.17994e-05
0.87007 0.000107207 2.32866e-09 2.17212e-05
0.874975 0.000106906 2.31234e-09 2.16296e-05
0.87988 0.000106608 2.2946e-09 2.15238e-05
0.884785 0.000106312 2.27535e-09 2.14026e-05
0.88969 0.000106018 2.25449e-09 2.12651e-05
0.894595 0.000105727 2.23193e-09 2.11103e-05
0.899499 0.000105439 2.20756e-09 2.0937e-05
0.904404 0.000105152 2.1813e-09 2.07442e-05
0.909309 0.000104868 2.15306e-09 2.05311e-05
0.914214 0.000104587 2.12275e-09 2.02966e-05
0.919119 0.000104307 2.0903e-09 2.00399e-05
0.924024 0.00010403 2.05566e-09 1.97602e-05
0.928929 0.000103755 2.01876e-09 1.9457e-05
0.933834 0.000103482 1.97959e-09 1.91298e-05
0.938739 0.000103211 1.93813e-09 1.87783e-05
0.943644 0.000102943 1.89439e-09 1.84023e-05
0.948549 0.000102676 1.8484e-09 1.80022e-05
0.953453 0.000102412 1.80023e-09 1.75783e-05
0.958358 0.000102149 1.74996e-09 1.71314e-05
0.963263 0.000101889 1.69771e-09 1.66624e-05
0.968168 0.000101631 1.64363e-09 1.61726e-05
0.973073 0.000101374 1.58789e-09 1.56637e-05
0.977978 0.00010112 1.5307e-09 1.51375e-05
0.982883 0.000100867 1.47228e-09 1.45962e-05
0.987788 0.000100616 1.41288e-09 1.40423e-05
0.992693 0.000100367 1.35277e-09 1.34782e-05
0.997598 0.00010012 1.29222e-09 1.29067e-05
1.0025 9.98751e-05 1.23154e-09 1.23308e-05
1.00741 9.96317e-05 1.171e-09 1.17533e-05
1.01231 9.939e-05 1.1109e-09 1.11772e-05
1.01722 9.91501e-05 1.05152e-09 1.06053e-05
1.02212 9.89119e-05 9.93119e-10 1.00404e-05
1.02703 9.86754e-05 9.35953e-10 9.48517e-06
1.03193 9.84407e-05 8.80248e-10 8.94191e-06
1.03684 9.82075e-05 8.26202e-10 8.41282e-06
1.04174 9.79761e-05 7.73994e-10 7.89983e-06
1.04665 9.77462e-05 7.23767e-10 7.40456e-06
1.05155 9.7518e-05 6.75638e-10 6.92835e-06
1.05646 9.72913e-05 6.29697e-10 6.47228e-06
1.06136 9.70663e-05 5.86002e-10 6.03713e-06
1.06627 9.68428e-05 5.44586e-10 5.6234e-06
1.07117 9.66208e-05 5.05461e-10 5.23139e-06
1.07608 9.64003e-05 4.68613e-10 4.86112e-06
1.08098 9.61814e-05 4.34012e-10 4.51243e-06
1.08589 9.59639e-05 4.01609e-10 4.185e-06
1.09079 9.57479e-05 3.71344e-10 3.87835e-06
1.0957 9.55334e-05 3.43141e-10 3.59184e-06
1.1006 9.53202e-05 3.1692e-10 3.32479e-06
1.10551 9.51085e-05 2.92592e-10 3.0764e-06
1.11041 9.48983e-05 2.70064e-10 2.84583e-06
1.11532 9.46894e-05 2.4924e-10 2.63219e-06
1.12022 9.44818e-05 2.30023e-10 2.43457e-06
1.12513 9.42757e-05 2.12315e-10 2.25207e-06
1.13003 9.40708e-05 1.96022e-10 2.08377e-06
1.13493 9.38673e-05 1.81049e-10 1.92878e-06
1.13984 9.36652e-05 1.67306e-10 1.78622e-06
1.14474 9.34643e-05 1.54706e-10 1.65524e-06
1.14965 9.32647e-05 1.43165e-10 1.53504e-06
1.15455 9.30664e-05 1.32604e-10 1.42483e-06
1.15946 9.28693e-05 1.22947e-10 1.32387e-06
1.16436 9.26735e-05 1.14125e-10 1.23147e-06
1.16927 9.24789e-05 1.0607e-10 1.14696e-06
1.17417 9.22856e-05 9.872e-11 1.06972e-06
1.17908 9.20934e-05 9.20182e-11 9.99183e-07
1.18398 9.19024e-05 8.59101e-11 9.34797e-07
1.18889 9.17127e-05 8.03459e-11 8.76061e-07
1.19379 9.15241e-05 7.52795e-11 8.2251e-07
1.1987 9.13366e-05 7.06681e-11 7.7371e-07
1.2036 9.11503e-05 6.64723e-11 7.2926e-07
1.20851 9.09652e-05 6.26561e-11 6.88792e-07
1.21341 9.07811e-05 5.91861e-11 6.51965e-07
1.21832 9.05982e-05 5.60318e-11 6.18465e-07
1.22322 9.04164e-05 5.31652e-11 5.88004e-07
1.22813 9.02357e-05 5.05606e-11 5.60318e-07
1.23303 9.0056e-05 4.81946e-11 5.35163e-07
1.23794 8.98774e-05 4.60457e-11 5.12317e-07
1.24284 8.96999e-05 4.40944e-11 4.91577e-07
1.24775 8.95234e-05 4.23227e-11 4.72756e-07
1.25265 8.9348e-05 4.07144e-11 4.55683e-07
1.25756 8.91736e-05 3.92545e-11 4.40203e-07
1.26246 8.90002e-05 3.79295e-11 4.26173e-07
1.26737 8.88278e-05 3.67271e-11 4.13464e-07
1.27227 8.86564e-05 3.5636e-11 4.01957e-07
1.27718 8.8486e-05 3.46461e-11 3.91543e-07
1.28208 8.83165e-05 3.37479e-11 3.82124e-07
1.28699 8.81481e-05 3.29331e-11 3.73611e-07
1.29189 8.79806e-05 3.2194e-11 3.65922e-07
1.2968 8.78141e-05 3.15236e-11 3.58981e-07
1.3017 8.76485e-05 3.09155e-11 3.52721e-07
1.30661 8.74838e-05 3.03639e-11 3.47081e-07
1.31151 8.732e-05 2.98637e-11 3.42003e-07
1.31642 8.71572e-05 2.94101e-11 3.37437e-07
1.32132 8.69953e-05 2.89987e-11 3.33336e-07
1.32623 8.68343e-05 2.86256e-11 3.29657e-07
1.33113 8.66741e-05 2.82872e-11 3.26363e-07
1.33604 8.65149e-05 2.79805e-11 3.23418e-07
1.34094 8.63565e-05 2.77023e-11 3.2079e-07
1.34585 8.6199e-05 2.745e-11 3.18449e-07
1.35075 8.60424e-05 2.72213e-11 3.16371e-07
1.35566 8.58866e-05 2.70139e-11 3.1453e-07
1.36056 8.57316e-05 2.68259e-11 3.12905e-07
1.36547 8.55775e-05 2.66554e-11 3.11476e-07
1.37037 8.54242e-05 2.65008e-11 3.10226e-07
1.37528 8.52718e-05 2.63606e-11 3.09137e-07
1.38018 8.51201e-05 2.62336e-11 3.08195e-07
1.38509 8.49692e-05 2.61184e-11 3.07386e-07
1.38999 8.48192e-05 2.60139e-11 3.06698e-07
1.39489 8.46699e-05 2.59192e-11 3.0612e-07
1.3998 8.45215e-05 2.58333e-11 3.05642e-07
1.4047 8.43738e-05 2.57555e-11 3.05255e-07
1.40961 8.42269e-05 2.56849e-11 3.04949e-07
1.41451 8.40807e-05 2.56209e-11 3.04719e-07
1.41942 8.39353e-05 2.55629e-11 3.04555e-07
1.42432 8.37906e-05 2.55104e-11 3.04453e-07
1.42923 8.36467e-05 2.54627e-11 3.04407e-07
1.43413 8.35036e-05 2.54195e-11 3.04412e-07
1.43904 8.33612e-05 2.53803e-11 3.04462e-07
1.44394 8.32194e-05 2.53447e-11 3.04553e-07
1.44885 8.30785e-05 2.53125e-11 3.04682e-07
1.45375 8.29382e-05 2.52833e-11 3.04846e-07
1.45866 8.27986e-05 2.52569e-11 3.0504e-07
1.46356 8.26598e-05 2.52329e-11 3.05262e-07
1.46847 8.25216e-05 2.52111e-11 3.05509e-07
1.47337 8.23841e-05 2.51914e-11 3.0578e-07
1.47828 8.22473e-05 2.51735e-11 3.06071e-07
1.48318 8.21112e-05 2.51573e-11 3.06381e-07
1.48809 8.19758e-05 2.51426e-11 3.06708e-07
1.49299 8.1841e-05 2.51293e-11 3.0705e-07
1.4979 8.17069e-05 2.51172e-11 3.07406e-07
1.5028 8.15735e-05 2.51063e-11 3.07775e-07
1.50771 8.14407e-05 2.50963e-11 3.08155e-07
1.51261 8.13085e-05 2.50873e-11 3.08545e-07
1.51752 8.1177e-05 2.50792e-11 3.08944e-07
1.52242 8.10462e-05 2.50718e-11 3.09352e-07
1.52733 8.09159e-05 2.50651e-11 3.09767e-07
1.53223 8.07863e-05 2.5059e-11 3.10189e-07
1.53714 8.06573e-05 2.50535e-11 3.10616e-07
1.54204 8.05289e-05 2.50485e-11 3.1105e-07
1.54695 8.04012e-05 2.5044e-11 3.11488e-07
1.55185 8.0274e-05 2.50399e-11 3.1193e-07
1.55676 8.01474e-05 2.50361e-11 3.12376e-07
1.56166 8.00215e-05 2.50328e-11 3.12826e-07
1.56657 7.98961e-05 2.50297e-11 3.13278e-07
1.57147 7.97713e-05 2.50269e-11 3.13733e-07
1.57638 7.96471e-05 2.50244e-11 3.14191e-07
1.58128 7.95235e-05 2.50221e-11 3.14651e-07
1.58619 7.94004e-05 2.50201e-11 3.15112e-07
1.59109 7.9278e-05 2.50182e-11 3.15576e-07
1.596 7.9156e-05 2.50165e-11 3.1604e-07
1.6009 7.90347e-05 2.5015e-11 3.16506e-07
1.60581 7.89139e-05 2.50136e-11 3.16973e-07
1.61071 7.87937e-05 2.50123e-11 3.17441e-07
1.61562 7.8674e-05 2.50112e-11 3.17909e-07
1.62052 7.85548e-05 2.50101e-11 3.18378e-07
1.62543 7.84362e-05 2.50092e-11 3.18847e-07
1.63033 7.83181e-05 2.50083e-11 3.19317e-07
1.63524 7.82006e-05 2.50075e-11 3.19787e-07
1.64014 7.80835e-05 2.50068e-11 3.20258e-07
1.64505 7.79671e-05 2.50062e-11 3.20728e-07
1.64995 7.78511e-05 2.50056e-11 3.21198e-07
1.65485 7.77356e-05 2.50051e-11 3.21669e-07
1.65976 7.76207e-05 2.50046e-11 3.22139e-07
1.66466 7.75062e-05 2.50042e-11 3.22609e-07
1.66957 7.73923e-05 2.50038e-11 3.23079e-07
1.67447 7.72789e-05 2.50035e-11 3.23548e-07
1.67938 7.71659e-05 2.50031e-11 3.24018e-07
1.68428 7.70535e-05 2.50028e-11 3.24487e-07
1.68919 7.69415e-05 2.50026e-11 3.24956e-07
1.69409 7.68301e-05 2.50023e-11 3.25424e-07
1.699 7.67191e-05 2.50021e-11 3.25892e-07
1.7039 7.66086e-05 2.50019e-11 3.26359e-07
1.70881 7.64986e-05 2.50018e-11 3.26826e-07
1.71371 7.6389e-05 2.50016e-11 3.27293e-07
1.71862 7.62799e-05 2.50014e-11 3.27759e-07
1.72352 7.61713e-05 2.50013e-11 3.28225e-07
1.72843 7.60631e-05 2.50012e-11 3.2869e-07
1.73333 7.59555e-05 2.50011e-11 3.29155e-07
1.73824 7.58482e-05 2.5001e-11 3.29619e-07
1.74314 7.57414e-05 2.50009e-11 3.30082e-07
1.74805 7.56351e-05 2.50008e-11 3.30545e-07
1.75295 7.55292e-05 2.50007e-11 3.31008e-07
1.75786 7.54238e-05 2.50007e-11 3.3147e-07
1.76276 7.53187e-05 2.50006e-11 3.31931e-07
1.76767 7.52142e-05 2.50006e-11 3.32392e-07
1.77257 7.511e-05 2.50005e-11 3.32852e-07
1.77748 7.50063e-05 2.50005e-11 3.33311e-07
1.78238 7.49031e-05 2.50004e-11 3.3377e-07
1.78729 7.48002e-05 2.50004e-11 3.34229e-07
1.79219 7.46978e-05 2.50004e-11 3.34687e-07
1.7971 7.45958e-05 2.50003e-11 3.35144e-07
1.802 7.44942e-05 2.50003e-11 3.35601e-07
1.80691 7.4393e-05 2.50003e-11 3.36057e-07
1.81181 7.42922e-05 2.50003e-11 3.36512e-07
1.81672 7.41919e-05 2.50002e-11 3.36967e-07
1.82162 7.40919e-05 2.50002e-11 3.37422e-07
1.82653 7.39924e-05 2.50002e-11 3.37875e-07
1.83143 7.38932e-05 2.50002e-11 3.38328e-07
1.83634 7.37945e-05 2.50002e-11 3.38781e-07
1.84124 7.36961e-05 2.50002e-11 3.39233e-07
1.84615 7.35982e-05 2.50001e-11 3.39684e-07
1.85105 7.35006e-05 2.50001e-11 3.40135e-07
1.85596 7.34034e-05 2.50001e-11 3.40585e-07
1.86086 7.33066e-05 2.50001e-11 3.41035e-07
1.86577 7.32102e-05 2.50001e-11 3.41484e-07
1.87067 7.31141e-05 2.50001e-11 3.41933e-07
1.87558 7.30185e-05 2.50001e-11 3.4238e-07
1.88048 7.29232e-05 2.50001e-11 3.42828e-07
1.88539 7.28283e-05 2.50001e-11 3.43275e-07
1.89029 7.27337e-05 2.50001e-11 3.43721e-07
1.8952 7.26395e-05 2.50001e-11 3.44166e-07
1.9001 7.25457e-05 2.50001e-11 3.44611e-07
1.905 7.24523e-05 2.50001e-11 3.45056e-07
1.90991 7.23592e-05 2.50001e-11 3.455e-07
1.91481 7.22664e-05 2.50001e-11 3.45943e-07
1.91972 7.21741e-05 2.50001e-11 3.46386e-07
1.92462 7.2082e-05 2.50001e-11 3.46828e-07
1.92953 7.19904e-05 2.50001e-11 3.4727e-07
1.93443 7.1899e-05 2.50001e-11 3.47711e-07
1.93934 7.1808e-05 2.50001e-11 3.48151e-07
1.94424 7.17174e-05 2.50001e-11 3.48591e-07
1.94915 7.16271e-05 2.50001e-11 3.49031e-07
1.95405 7.15372e-05 2.5e-11 3.49469e-07
1.95896 7.14475e-05 2.5e-11 3.49908e-07
1.96386 7.13583e-05 2.5e-11 3.50345e-07
1.96877 7.12693e-05 2.5e-11 3.50783e-07
1.97367 7.11807e-05 2.5e-11 3.51219e-07
1.97858 7.10924e-05 2.5e-11 3.51656e-07
1.98348 7.10045e-05 2.5e-11 3.52091e-07
1.98839 7.09168e-05 2.5e-11 3.52526e-07
1.99329 7.08295e-05 2.5e-11 3.52961e-07
1.9982 7.07426e-05 2.5e-11 3.53395e-07
2.0031 7.06559e-05 2.5e-11 3.53828e-07
2.00801 7.05695e-05 2.5e-11 3.54261e-07
2.01291 7.04835e-05 2.5e-11 3.54694e-07
2.01782 7.03978e-05 2.5e-11 3.55125e-07
2.02272 7.03124e-05 2.5e-11 3.55557e-07
2.02763 7.02273e-05 2.5e-11 3.55988e-07
2.03253 7.01425e-05 2.5e-11 3.56418e-07
2.03744 7.0058e-05 2.5e-11 3.56848e-07
2.04234 6.99738e-05 2.5e-11 3.57277e-07
2.04725 6.989e-05 2.5e-11 3.57706e-07
2.05215 6.98064e-05 2.5e-11 3.58134e-07
2.05706 6.97231e-05 2.5e-11 3.58562e-07
2.06196 6.96401e-05 2.5e-11 3.58989e-07
2.06687 6.95575e-05 2.5e-11 3.59416e-07
2.07177 6.94751e-05 2.5e-11 3.59842e-07
2.07668 6.9393e-05 2.5e-11 3.60268e-07
2.08158 6.93112e-05 2.5e-11 3.60693e-07
2.08649 6.92297e-05 2.5e-11 3.61118e-07
2.09139 6.91484e-05 2.5e-11 3.61542e-07
2.0963 6.90675e-05 2.5e-11 3.61965e-07
2.1012 6.89868e-05 2.5e-11 3.62389e-07
2.10611 6.89065e-05 2.5e-11 3.62811e-07
2.11101 6.88264e-05 2.5e-11 3.63234e-07
2.11592 6.87465e-05 2.5e-11 3.63655e-07
2.12082 6.8667e-05 2.5e-11 3.64077e-07
2.12573 6.85877e-05 2.5e-11 3.64497e-07
2.13063 6.85087e-05 2.5e-11 3.64918e-07
2.13554 6.843e-05 2.5e-11 3.65337e-07
2.14044 6.83516e-05 2.5e-11 3.65757e-07
2.14535 6.82734e-05 2.5e-11 3.66176e-07
2.15025 6.81955e-05 2.5e-11 3.66594e-07
2.15516 6.81178e-05 2.5e-11 3.67012e-07
2.16006 6.80404e-05 2.5e-11 3.67429e-07
2.16496 6.79633e-05 2.5e-11 3.67846e-07
2.16987 6.78865e-05 2.5e-11 3.68263e-07
2.17477 6.78099e-05 2.5e-11 3.68679e-07
2.17968 6.77335e-05 2.5e-11 3.69094e-07
2.18458 6.76574e-05 2.5e-11 3.69509e-07
2.18949 6.75816e-05 2.5e-11 3.69924e-07
2.19439 6.7506e-05 2.5e-11 3.70338e-07
2.1993 6.74307e-05 2.5e-11 3.70752e-07
2.2042 6.73557e-05 2.5e-11 3.71165e-07
2.20911 6.72808e-05 2.5e-11 3.71577e-07
2.21401 6.72063e-05 2.5e-11 3.7199e-07
2.21892 6.7132e-05 2.5e-11 3.72402e-07
2.22382 6.70579e-05 2.5e-11 3.72813e-07
2.22873 6.6984e-05 2.5e-11 3.73224e-07
2.23363 6.69105e-05 2.5e-11 3.73634e-07
2.23854 6.68371e-05 2.5e-11 3.74044e-07
2.24344 6.6764e-05 2.5e-11 3.74454e-07
2.24835 6.66911e-05 2.5e-11 3.74863e-07
2.25325 6.66185e-05 2.5e-11 3.75272e-07
2.25816 6.65461e-05 2.5e-11 3.7568e-07
2.26306 6.6474e-05 2.50001e-11 3.76088e-07
2.26797 6.64021e-05 2.5e-11 3.76495e-07
2.27287 6.63304e-05 2.50001e-11 3.76902e-07
2.27778 6.62589e-05 2.50001e-11 3.77308e-07
2.28268 6.61877e-05 2.50001e-11 3.77715e-07
2.28759 6.61167e-05 2.50001e-11 3.7812e-07
2.29249 6.60459e-05 2.50001e-11 3.78525e-07
2.2974 6.59754e-05 2.50001e-11 3.7893e-07
2.3023 6.59051e-05 2.50001e-11 3.79334e-07
2.30721 6.5835e-05 2.50001e-11 3.79738e-07
2.31211 6.57651e-05 2.50001e-11 3.80142e-07
2.31702 6.56955e-05 2.50001e-11 3.80545e-07
2.32192 6.5626e-05 2.50001e-11 3.80947e-07
2.32683 6.55568e-05 2.50001e-11 3.81349e-07
2.33173 6.54878e-05 2.50001e-11 3.81751e-07
2.33664 6.54191e-05 2.50001e-11 3.82152e-07
2.34154 6.53505e-05 2.50001e-11 3.82553e-07
2.34645 6.52822e-05 2.50001e-11 3.82954e-07
2.35135 6.52141e-05 2.50001e-11 3.83354e-07
2.35626 6.51461e-05 2.50001e-11 3.83753e-07
2.36116 6.50784e-05 2.50001e-11 3.84153e-07
2.36607 6.5011e-05 2.50001e-11 3.84551e-07
2.37097 6.49437e-05 2.50001e-11 3.8495e-07
2.37588 6.48766e-05 2.50001e-11 3.85348e-07
2.38078 6.48097e-05 2.50001e-11 3.85745e-07
2.38569 6.47431e-05 2.50001e-11 3.86143e-07
2.39059 6.46766e-05 2.50001e-11 3.86539e-07
2.3955 6.46104e-05 2.50001e-11 3.86936e-07
2.4004 6.45443e-05 2.50001e-11 3.87332e-07
2.40531 6.44785e-05 2.50001e-11 3.87727e-07
2.41021 6.44129e-05 2.50001e-11 3.88122e-07
2.41512 6.43474e-05 2.50001e-11 3.88517e-07
2.42002 6.42822e-05 2.50001e-11 3.88911e-07
2.42492 6.42171e-05 2.50001e-11 3.89305e-07
2.42983 6.41523e-05 2.50001e-11 3.89699e-07
2.43473 6.40876e-05 2.50001e-11 3.90092e-07
2.43964 6.40232e-05 2.50001e-11 3.90485e-07
2.44454 6.39589e-05 2.50001e-11 3.90877e-07
2.44945 6.38948e-05 2.50001e-11 3.91269e-07
2.45435 6.3831e-05 2.50001e-11 3.9166e-07
2.45926 6.37673e-05 2.50001e-11 3.92052e-07
2.46416 6.37038e-05 2.50001e-11 3.92442e-07
2.46907 6.36405e-05 2.50001e-11 3.92833e-07
2.47397 6.35774e-05 2.50001e-11 3.93223e-07
2.47888 6.35144e-05 2.50001e-11 3.93612e-07
2.48378 6.34517e-05 2.50001e-11 3.94002e-07
2.48869 6.33891e-05 2.50001e-11 3.9439e-07
2.49359 6.33267e-05 2.50001e-11 3.94779e-07
2.4985 6.32646e-05 2.50001e-11 3.95167e-07
2.5034 6.32025e-05 2.50001e-11 3.95555e-07
2.50831 6.31407e-05 2.50001e-11 3.95942e-07
2.51321 6.30791e-05 2.50001e-11 3.96329e-07
2.51812 6.30176e-05 2.50001e-11 3.96715e-07
2.52302 6.29563e-05 2.50001e-11 3.97102e-07
2.52793 6.28952e-05 2.50001e-11 3.97488e-07
2.53283 6.28343e-05 2.50001e-11 3.97873e-07
2.53774 6.27735e-05 2.50001e-11 3.98258e-07
2.54264 6.2713e-05 2.50001e-11 3.98643e-07
2.54755 6.26526e-05 2.50001e-11 3.99027e-07
2.55245 6.25923e-05 2.50001e-11 3.99411e-07
2.55736 6.25323e-05 2.50001e-11 3.99795e-07
2.56226 6.24724e-05 2.50001e-11 4.00178e-07
2.56717 6.24127e-05 2.50001e-11 4.00561e-07
2.57207 6.23532e-05 2.50001e-11 4.00943e-07
2.57698 6.22938e-05 2.50001e-11 4.01325e-07
2.58188 6.22346e-05 2.50001e-11 4.01707e-07
2.58679 6.21756e-05 2.50001e-11 4.02088e-07
2.59169 6.21167e-05 2.50001e-11 4.02469e-07
2.5966 6.2058e-05 2.50001e-11 4.0285e-07
2.6015 6.19995e-05 2.50001e-11 4.0323e-07
2.60641 6.19411e-05 2.50001e-11 4.0361e-07
2.61131 6.18829e-05 2.50001e-11 4.0399e-07
2.61622 6.18249e-05 2.50001e-11 4.04369e-07
2.62112 6.1767e-05 2.50001e-11 4.04748e-07
2.62603 6.17093e-05 2.50001e-11 4.05127e-07
2.63093 6.16517e-05 2.50001e-11 4.05505e-07
2.63584 6.15943e-05 2.50001e-11 4.05883e-07
2.64074 6.15371e-05 2.50001e-11 4.0626e-07
2.64565 6.148e-05 2.50001e-11 4.06637e-07
2.65055 6.14231e-05 2.50001e-11 4.07014e-07
2.65546 6.13664e-05 2.50001e-11 4.0739e-07
2.66036 6.13098e-05 2.50001e-11 4.07766e-07
2.66527 6.12533e-05 2.50001e-11 4.08142e-07
2.67017 6.11971e-05 2.50001e-11 4.08518e-07
2.67508 6.11409e-05 2.50001e-11 4.08893e-07
2.67998 6.1085e-05 2.50001e-11 4.09267e-07
2.68488 6.10291e-05 2.50001e-11 4.09642e-07
2.68979 6.09735e-05 2.50001e-11 4.10016e-07
2.69469 6.09179e-05 2.50001e-11 4.10389e-07
2.6996 6.08626e-05 2.50001e-11 4.10763e-07
2.7045 6.08074e-05 2.50001e-11 4.11136e-07
2.70941 6.07523e-05 2.50001e-11 4.11508e-07
2.71431 6.06974e-05 2.50001e-11 4.11881e-07
2.71922 6.06426e-05 2.50001e-11 4.12253e-07
2.72412 6.0588e-05 2.50001e-11 4.12624e-07
2.72903 6.05335e-05 2.50001e-11 4.12996e-07
2.73393 6.04792e-05 2.50001e-11 4.13367e-07
2.73884 6.0425e-05 2.50001e-11 4.13737e-07
2.74374 6.0371e-05 2.50001e-11 4.14108e-07
2.74865 6.03171e-05 2.50001e-11 4.14478e-07
2.75355 6.02633e-05 2.50001e-11 4.14847e-07
2.75846 6.02097e-05 2.50001e-11 4.15217e-07
2.76336 6.01563e-05 2.50001e-11 4.15586e-07
2.76827 6.0103e-05 2.50001e-11 4.15954e-07
2.77317 6.00498e-05 2.50001e-11 4.16323e-07
2.77808 5.99968e-05 2.50001e-11 4.16691e-07
2.78298 5.99439e-05 2.50001e-11 4.17058e-07
2.78789 5.98911e-05 2.50001e-11 4.17426e-07
2.79279 5.98385e-05 2.50001e-11 4.17793e-07
2.7977 5.9786e-05 2.50001e-11 4.18159e-07
2.8026 5.97337e-05 2.50001e-11 4.18526e-07
2.80751 5.96815e-05 2.50001e-11 4.18892e-07
2.81241 5.96294e-05 2.50001e-11 4.19258e-07
2.81732 5.95775e-05 2.50001e-11 4.19623e-07
2.82222 5.95257e-05 2.50001e-11 4.19988e-07
2.82713 5.9474e-05 2.50001e-11 4.20353e-07
2.83203 5.94225e-05 2.50001e-11 4.20718e-07
2.83694 5.93711e-05 2.50001e-11 4.21082e-07
2.84184 5.93199e-05 2.50001e-11 4.21446e-07
2.84675 5.92687e-05 2.50001e-11 4.21809e-07
2.85165 5.92177e-05 2.50001e-11 4.22172e-07
2.85656 5.91669e-05 2.50001e-11 4.22535e-07
2.86146 5.91161e-05 2.50001e-11 4.22898e-07
2.86637 5.90655e-05 2.50001e-11 4.2326e-07
2.87127 5.90151e-05 2.50001e-11 4.23622e-07
2.87618 5.89647e-05 2.50001e-11 4.23984e-07
2.88108 5.89145e-05 2.50001e-11 4.24345e-07
2.88599 5.88644e-05 2.50001e-11 4.24706e-07
2.89089 5.88145e-05 2.50001e-11 4.25067e-07
2.8958 5.87646e-05 2.50001e-11 4.25428e-07
2.9007 5.87149e-05 2.50001e-11 4.25788e-07
2.90561 5.86654e-05 2.50001e-11 4.26148e-07
2.91051 5.86159e-05 2.50001e-11 4.26507e-07
2.91542 5.85666e-05 2.50001e-11 4.26866e-07
2.92032 5.85174e-05 2.50001e-11 4.27225e-07
2.92523 5.84683e-05 2.50001e-11 4.27584e-07
2.93013 5.84193e-05 2.50001e-11 4.27942e-07
2.93504 5.83705e-05 2.50001e-11 4.283e-07
2.93994 5.83218e-05 2.50001e-11 4.28658e-07
2.94484 5.82732e-05 2.50001e-11 4.29015e-07
2.94975 5.82247e-05 2.50001e-11 4.29373e-07
2.95465 5.81764e-05 2.50001e-11 4.29729e-07
2.95956 5.81281e-05 2.50001e-11 4.30086e-07
2.96446 5.808e-05 2.50001e-11 4.30442e-07
2.96937 5.8032e-05 2.50001e-11 4.30798e-07
2.97427 5.79842e-05 2.50001e-11 4.31154e-07
2.97918 5.79364e-05 2.50001e-11 4.31509e-07
2.98408 5.78888e-05 2.50001e-11 4.31864e-07
2.98899 5.78413e-05 2.50001e-11 4.32219e-07
2.99389 5.77939e-05 2.50001e-11 4.32574e-07
2.9988 5.77466e-05 2.50001e-11 4.32928e-07
3.0037 5.76994e-05 2.50001e-11 4.33282e-07
3.00861 5.76524e-05 2.50001e-11 4.33635e-07
3.01351 5.76054e-05 2.50001e-11 4.33989e-07
3.01842 5.75586e-05 2.50001e-11 4.34342e-07
3.02332 5.75119e-05 2.50001e-11 4.34694e-07
3.02823 5.74653e-05 2.50001e-11 4.35047e-07
3.03313 5.74188e-05 2.50001e-11 4.35399e-07
3.03804 5.73725e-05 2.50001e-11 4.35751e-07
3.04294 5.73262e-05 2.50001e-11 4.36103e-07
3.04785 5.728e-05 2.50001e-11 4.36454e-07
3.05275 5.7234e-05 2.50001e-11 4.36805e-07
3.05766 5.71881e-05 2.50001e-11 4.37156e-07
3.06256 5.71423e-05 2.50001e-11 4.37506e-07
3.06747 5.70966e-05 2.50001e-11 4.37857e-07
3.07237 5.7051e-05 2.50001e-11 4.38207e-07
3.07728 5.70055e-05 2.50001e-11 4.38556e-07
3.08218 5.69601e-05 2.50001e-11 4.38906e-07
3.08709 5.69148e-05 2.50001e-11 4.39255e-07
3.09199 5.68697e-05 2.50001e-11 4.39604e-07
3.0969 5.68246e-05 2.50001e-11 4.39952e-07
3.1018 5.67797e-05 2.50001e-11 4.403e-07
3.10671 5.67348e-05 2.50001e-11 4.40648e-07
3.11161 5.66901e-05 2.50001e-11 4.40996e-07
3.11652 5.66455e-05 2.50001e-11 4.41344e-07
3.12142 5.6601e-05 2.50001e-11 4.41691e-07
3.12633 5.65565e-05 2.50001e-11 4.42038e-07
3.13123 5.65122e-05 2.50001e-11 4.42384e-07
3.13614 5.6468e-05 2.50001e-11 4.42731e-07
3.14104 5.64239e-05 2.50001e-11 4.43077e-07
3.14595 5.63799e-05 2.50001e-11 4.43422e-07
3.15085 5.6336e-05 2.50001e-11 4.43768e-07
3.15576 5.62922e-05 2.50001e-11 4.44113e-07
3.16066 5.62485e-05 2.50001e-11 4.44458e-07
3.16557 5.62049e-05 2.50001e-11 4.44803e-07
3.17047 5.61614e-05 2.50001e-11 4.45148e-07
3.17538 5.6118e-05 2.50001e-11 4.45492e-07
3.18028 5.60747e-05 2.50001e-11 4.45836e-07
3.18519 5.60316e-05 2.50001e-11 4.46179e-07
3.19009 5.59885e-05 2.50001e-11 4.46523e-07
3.19499 5.59455e-05 2.50001e-11 4.46866e-07
3.1999 5.59026e-05 2.50001e-11 4.47209e-07
3.2048 5.58598e-05 2.50001e-11 4.47551e-07
3.20971 5.58171e-05 2.50001e-11 4.47894e-07
3.21461 5.57745e-05 2.50001e-11 4.48236e-07
3.21952 5.5732e-05 2.50001e-11 4.48578e-07
3.22442 5.56896e-05 2.50001e-11 4.48919e-07
3.22933 5.56473e-05 2.50001e-11 4.49261e-07
3.23423 5.56051e-05 2.50001e-11 4.49602e-07
3.23914 5.55629e-05 2.50001e-11 4.49943e-07
3.24404 5.55209e-05 2.50001e-11 4.50283e-07
3.24895 5.5479e-05 2.50001e-11 4.50623e-07
3.25385 5.54372e-05 2.50001e-11 4.50963e-07
3.25876 5.53954e-05 2.50001e-11 4.51303e-07
3.26366 5.53538e-05 2.50001e-11 4.51643e-07
3.26857 5.53122e-05 2.50001e-11 4.51982e-07
3.27347 5.52708e-05 2.50001e-11 4.52321e-07
3.27838 5.52294e-05 2.50001e-11 4.5266e-07
3.28328 5.51881e-05 2.50001e-11 4.52998e-07
3.28819 5.5147e-05 2.50001e-11 4.53337e-07
3.29309 5.51059e-05 2.50001e-11 4.53675e-07
3.298 5.50649e-05 2.50001e-11 4.54012e-07
3.3029 5.5024e-05 2.50001e-11 4.5435e-07
3.30781 5.49832e-05 2.50001e-11 4.54687e-07
3.31271 5.49425e-05 2.50001e-11 4.55024e-07
3.31762 5.49018e-05 2.50001e-11 4.55361e-07
3.32252 5.48613e-05 2.50001e-11 4.55697e-07
3.32743 5.48208e-05 2.50001e-11 4.56034e-07
3.33233 5.47805e-05 2.50001e-11 4.5637e-07
3.33724 5.47402e-05 2.50001e-11 4.56705e-07
3.34214 5.47e-05 2.50001e-11 4.57041e-07
3.34705 5.46599e-05 2.50001e-11 4.57376e-07
3.35195 5.46199e-05 2.50001e-11 4.57711e-07
3.35686 5.458e-05 2.50001e-11 4.58046e-07
3.36176 5.45402e-05 2.50001e-11 4.5838e-07
3.36667 5.45004e-05 2.50001e-11 4.58715e-07
3.37157 5.44608e-05 2.50001e-11 4.59049e-07
3.37648 5.44212e-05 2.50002e-11 4.59383e-07
3.38138 5.43817e-05 2.50002e-11 4.59716e-07
3.38629 5.43423e-05 2.50002e-11 4.60049e-07
3.39119 5.4303e-05 2.50002e-11 4.60382e-07
3.3961 5.42638e-05 2.50002e-11 4.60715e-07
3.401 5.42246e-05 2.50002e-11 4.61048e-07
3.40591 5.41856e-05 2.50002e-11 4.6138e-07
3.41081 5.41466e-05 2.50002e-11 4.61712e-07
3.41572 5.41077e-05 2.50002e-11 4.62044e-07
3.42062 5.40689e-05 2.50002e-11 4.62376e-07
3.42553 5.40302e-05 2.50002e-11 4.62707e-07
3.43043 5.39915e-05 2.50002e-11 4.63038e-07
3.43534 5.3953e-05 2.50002e-11 4.63369e-07
3.44024 5.39145e-05 2.50002e-11 4.637e-07
3.44515 5.38761e-05 2.50002e-11 4.64031e-07
3.45005 5.38378e-05 2.50002e-11 4.64361e-07
3.45495 5.37996e-05 2.50002e-11 4.64691e-07
3.45986 5.37614e-05 2.50002e-11 4.6502e-07
3.46476 5.37234e-05 2.50002e-11 4.6535e-07
3.46967 5.36854e-05 2.50002e-11 4.65679e-07
3.47457 5.36475e-05 2.50002e-11 4.66008e-07
3.47948 5.36096e-05 2.50002e-11 4.66337e-07
3.48438 5.35719e-05 2.50002e-11 4.66666e-07
3.48929 5.35342e-05 2.50002e-11 4.66994e-07
3.49419 5.34966e-05 2.50002e-11 4.67322e-07
3.4991 5.34591e-05 2.50002e-11 4.6765e-07
3.504 5.34217e-05 2.50002e-11 4.67978e-07
3.50891 5.33843e-05 2.50002e-11 4.68305e-07
3.51381 5.33471e-05 2.50002e-11 4.68632e-07
3.51872 5.33099e-05 2.50002e-11 4.68959e-07
3.52362 5.32728e-05 2.50002e-11 4.69286e-07
3.52853 5.32357e-05 2.50002e-11 4.69613e-07
3.53343 5.31988e-05 2.50002e-11 4.69939e-07
3.53834 5.31619e-05 2.50002e-11 4.70265e-07
3.54324 5.31251e-05 2.50002e-11 4.70591e-07
3.54815 5.30883e-05 2.50002e-11 4.70917e-07
3.55305 5.30517e-05 2.50002e-11 4.71242e-07
3.55796 5.30151e-05 2.50002e-11 4.71567e-07
3.56286 5.29786e-05 2.50002e-11 4.71892e-07
3.56777 5.29422e-05 2.50002e-11 4.72217e-07
3.57267 5.29058e-05 2.50002e-11 4.72541e-07
3.57758 5.28695e-05 2.50002e-11 4.72866e-07
3.58248 5.28333e-05 2.50002e-11 4.7319e-07
3.58739 5.27972e-05 2.50002e-11 4.73514e-07
3.59229 5.27611e-05 2.50002e-11 4.73837e-07
3.5972 5.27252e-05 2.50002e-11 4.74161e-07
3.6021 5.26892e-05 2.50002e-11 4.74484e-07
3.60701 5.26534e-05 2.50002e-11 4.74807e-07
3.61191 5.26176e-05 2.50002e-11 4.75129e-07
3.61682 5.2582e-05 2.50002e-11 4.75452e-07
3.62172 5.25463e-05 2.50002e-11 4.75774e-07
3.62663 5.25108e-05 2.50002e-11 4.76096e-07
3.63153 5.24753e-05 2.50002e-11 4.76418e-07
3.63644 5.24399e-05 2.50002e-11 4.7674e-07
3.64134 5.24046e-05 2.50002e-11 4.77061e-07
3.64625 5.23693e-05 2.50002e-11 4.77382e-07
3.65115 5.23341e-05 2.50002e-11 4.77703e-07
3.65606 5.2299e-05 2.50002e-11 4.78024e-07
3.66096 5.2264e-05 2.50002e-11 4.78345e-07
3.66587 5.2229e-05 2.50002e-11 4.78665e-07
3.67077 5.21941e-05 2.50002e-11 4.78985e-07
3.67568 5.21593e-05 2.50002e-11 4.79305e-07
3.68058 5.21245e-05 2.50002e-11 4.79625e-07
3.68549 5.20898e-05 2.50002e-11 4.79944e-07
3.69039 5.20552e-05 2.50002e-11 4.80264e-07
3.6953 5.20206e-05 2.50002e-11 4.80583e-07
3.7002 5.19861e-05 2.50002e-11 4.80902e-07
3.70511 5.19517e-05 2.50002e-11 4.8122e-07
3.71001 5.19173e-05 2.50002e-11 4.81539e-07
3.71491 5.18831e-05 2.50002e-11 4.81857e-07
3.71982 5.18488e-05 2.50002e-11 4.82175e-07
3.72472 5.18147e-05 2.50002e-11 4.82493e-07
3.72963 5.17806e-05 2.50002e-11 4.8281e-07
3.73453 5.17466e-05 2.50002e-11 4.83128e-07
3.73944 5.17126e-05 2.50002e-11 4.83445e-07
3.74434 5.16788e-05 2.50002e-11 4.83762e-07
3.74925 5.16449e-05 2.50002e-11 4.84079e-07
3.75415 5.16112e-05 2.50002e-11 4.84395e-07
3.75906 5.15775e-05 2.50002e-11 4.84712e-07
3.76396 5.15439e-05 2.50002e-11 4.85028e-07
3.76887 5.15103e-05 2.50002e-11 4.85344e-07
3.77377 5.14769e-05 2.50002e-11 4.85659e-07
3.77868 5.14434e-05 2.50002e-11 4.85975e-07
3.78358 5.14101e-05 2.50002e-11 4.8629e-07
3.78849 5.13768e-05 2.50002e-11 4.86605e-07
3.79339 5.13436e-05 2.50002e-11 4.8692e-07
3.7983 5.13104e-05 2.50002e-11 4.87235e-07
3.8032 5.12773e-05 2.50002e-11 4.8755e-07
3.80811 5.12443e-05 2.50002e-11 4.87864e-07
3.81301 5.12113e-05 2.50002e-11 4.88178e-07
3.81792 5.11784e-05 2.50002e-11 4.88492e-07
3.82282 5.11456e-05 2.50002e-11 4.88806e-07
3.82773 5.11128e-05 2.50002e-11 4.89119e-07
3.83263 5.10801e-05 2.50002e-11 4.89432e-07
3.83754 5.10474e-05 2.50002e-11 4.89746e-07
3.84244 5.10148e-05 2.50002e-11 4.90058e-07
3.84735 5.09823e-05 2.50002e-11 4.90371e-07
3.85225 5.09498e-05 2.50002e-11 4.90684e-07
3.85716 5.09174e-05 2.50002e-11 4.90996e-07
3.86206 5.08851e-05 2.50002e-11 4.91308e-07
3.86697 5.08528e-05 2.50002e-11 4.9162e-07
3.87187 5.08206e-05 2.50002e-11 4.91932e-07
3.87678 5.07884e-05 2.50002e-11 4.92243e-07
3.88168 5.07563e-05 2.50002e-11 4.92555e-07
3.88659 5.07243e-05 2.50003e-11 4.92866e-07
3.89149 5.06923e-05 2.50003e-11 4.93177e-07
3.8964 5.06604e-05 2.50003e-11 4.93487e-07
3.9013 5.06285e-05 2.50003e-11 4.93798e-07
3.90621 5.05967e-05 2.50003e-11 4.94108e-07
3.91111 5.0565e-05 2.50003e-11 4.94418e-07
3.91602 5.05333e-05 2.50003e-11 4.94728e-07
3.92092 5.05017e-05 2.50003e-11 4.95038e-07
3.92583 5.04701e-05 2.50003e-11 4.95348e-07
3.93073 5.04386e-05 2.50003e-11 4.95657e-07
3.93564 5.04072e-05 2.50003e-11 4.95966e-07
3.94054 5.03758e-05 2.50003e-11 4.96275e-07
3.94545 5.03445e-05 2.50003e-11 4.96584e-07
3.95035 5.03132e-05 2.50003e-11 4.96892e-07
3.95526 5.0282e-05 2.50003e-11 4.97201e-07
3.96016 5.02509e-05 2.50003e-11 4.97509e-07
3.96507 5.02198e-05 2.50003e-11 4.97817e-07
3.96997 5.01888e-05 2.50003e-11 4.98125e-07
3.97487 5.01578e-05 2.50003e-11 4.98433e-07
3.97978 5.01269e-05 2.50003e-11 4.9874e-07
3.98468 5.0096e-05 2.50003e-11 4.99047e-07
3.98959 5.00652e-05 2.50003e-11 4.99354e-07
3.99449 5.00344e-05 2.50003e-11 4.99661e-07
3.9994 5.00038e-05 2.50003e-11 4.99968e-07
4.0043 4.99731e-05 2.50003e-11 5.00275e-07
4.00921 4.99425e-05 2.50003e-11 5.00581e-07
4.01411 4.9912e-05 2.50003e-11 5.00887e-07
4.01902 4.98816e-05 2.50003e-11 5.01193e-07
4.02392 4.98511e-05 2.50003e-11 5.01499e-07
4.02883 4.98208e-05 2.50003e-11 5.01804e-07
4.03373 4.97905e-05 2.50003e-11 5.0211e-07
4.03864 4.97602e-05 2.50003e-11 5.02415e-07
4.04354 4.97301e-05 2.50003e-11 5.0272e-07
4.04845 4.96999e-05 2.50003e-11 5.03025e-07
4.05335 4.96698e-05 2.50003e-11 5.03329e-07
4.05826 4.96398e-05 2.50003e-11 5.03634e-07
4.06316 4.96098e-05 2.50003e-11 5.03938e-07
4.06807 4.95799e-05 2.50003e-11 5.04242e-07
4.07297 4.95501e-05 2.50003e-11 5.04546e-07
4.07788 4.95203e-05 2.50003e-11 5.0485e-07
4.08278 4.94905e-05 2.50003e-11 5.05154e-07
4.08769 4.94608e-05 2.50003e-11 5.05457e-07
4.09259 4.94312e-05 2.50003e-11 5.0576e-07
4.0975 4.94016e-05 2.50003e-11 5.06063e-07
4.1024 4.9372e-05 2.50003e-11 5.06366e-07
4.10731 4.93425e-05 2.50003e-11 5.06669e-07
4.11221 4.93131e-05 2.50003e-11 5.06971e-07
4.11712 4.92837e-05 2.50003e-11 5.07273e-07
4.12202 4.92544e-05 2.50003e-11 5.07575e-07
4.12693 4.92251e-05 2.50003e-11 5.07877e-07
4.13183 4.91959e-05 2.50003e-11 5.08179e-07
4.13674 4.91667e-05 2.50003e-11 5.08481e-07
4.14164 4.91376e-05 2.50003e-11 5.08782e-07
4.14655 4.91085e-05 2.50003e-11 5.09083e-07
4.15145 4.90795e-05 2.50003e-11 5.09384e-07
4.15636 4.90505e-05 2.50003e-11 5.09685e-07
4.16126 4.90216e-05 2.50003e-11 5.09986e-07
4.16617 4.89927e-05 2.50003e-11 5.10286e-07
4.17107 4.89639e-05 2.50003e-11 5.10587e-07
4.17598 4.89352e-05 2.50003e-11 5.10887e-07
4.18088 4.89064e-05 2.50003e-11 5.11187e-07
4.18579 4.88778e-05 2.50003e-11 5.11487e-07
4.19069 4.88492e-05 2.50003e-11 5.11786e-07
4.1956 4.88206e-05 2.50003e-11 5.12086e-07
4.2005 4.87921e-05 2.50003e-11 5.12385e-07
4.20541 4.87636e-05 2.50003e-11 5.12684e-07
4.21031 4.87352e-05 2.50003e-11 5.12983e-07
4.21522 4.87069e-05 2.50003e-11 5.13282e-07
4.22012 4.86785e-05 2.50003e-11 5.1358e-07
4.22502 4.86503e-05 2.50004e-11 5.13879e-07
4.22993 4.86221e-05 2.50004e-11 5.14177e-07
4.23483 4.85939e-05 2.50004e-11 5.14475e-07
4.23974 4.85658e-05 2.50004e-11 5.14773e-07
4.24464 4.85377e-05 2.50004e-11 5.15071e-07
4.24955 4.85097e-05 2.50004e-11 5.15368e-07
4.25445 4.84817e-05 2.50004e-11 5.15666e-07
4.25936 4.84538e-05 2.50004e-11 5.15963e-07
4.26426 4.84259e-05 2.50004e-11 5.1626e-07
4.26917 4.83981e-05 2.50004e-11 5.16557e-07
4.27407 4.83703e-05 2.50004e-11 5.16853e-07
4.27898 4.83426e-05 2.50004e-11 5.1715e-07
4.28388 4.83149e-05 2.50004e-11 5.17446e-07
4.28879 4.82873e-05 2.50004e-11 5.17743e-07
4.29369 4.82597e-05 2.50004e-11 5.18039e-07
4.2986 4.82321e-05 2.50004e-11 5.18334e-07
4.3035 4.82046e-05 2.50004e-11 5.1863e-07
4.30841 4.81772e-05 2.50004e-11 5.18926e-07
4.31331 4.81498e-05 2.50004e-11 5.19221e-07
4.31822 4.81224e-05 2.50004e-11 5.19516e-07
4.32312 4.80951e-05 2.50004e-11 5.19811e-07
4.32803 4.80679e-05 2.50004e-11 5.20106e-07
4.33293 4.80407e-05 2.50004e-11 5.20401e-07
4.33784 4.80135e-05 2.50004e-11 5.20695e-07
4.34274 4.79864e-05 2.50004e-11 5.20989e-07
4.34765 4.79593e-05 2.50004e-11 5.21284e-07
4.35255 4.79323e-05 2.50004e-11 5.21578e-07
4.35746 4.79053e-05 2.50004e-11 5.21871e-07
4.36236 4.78783e-05 2.50004e-11 5.22165e-07
4.36727 4.78515e-05 2.50004e-11 5.22459e-07
4.37217 4.78246e-05 2.50004e-11 5.22752e-07
4.37708 4.77978e-05 2.50004e-11 5.23045e-07
4.38198 4.7771e-05 2.50004e-11 5.23338e-07
4.38689 4.77443e-05 2.50004e-11 5.23631e-07
4.39179 4.77177e-05 2.50004e-11 5.23924e-07
4.3967 4.7691e-05 2.50004e-11 5.24216e-07
4.4016 4.76645e-05 2.50004e-11 5.24509e-07
4.40651 4.76379e-05 2.50004e-11 5.24801e-07
4.41141 4.76114e-05 2.50004e-11 5.25093e-07
4.41632 4.7585e-05 2.50004e-11 5.25385e-07
4.42122 4.75586e-05 2.50004e-11 5.25676e-07
4.42613 4.75322e-05 2.50004e-11 5.25968e-07
4.43103 4.75059e-05 2.50004e-11 5.26259e-07
4.43594 4.74796e-05 2.50004e-11 5.26551e-07
4.44084 4.74534e-05 2.50004e-11 5.26842e-07
4.44575 4.74272e-05 2.50004e-11 5.27133e-07
4.45065 4.74011e-05 2.50004e-11 5.27423e-07
4.45556 4.7375e-05 2.50004e-11 5.27714e-07
4.46046 4.73489e-05 2.50004e-11 5.28004e-07
4.46537 4.73229e-05 2.50004e-11 5.28295e-07
4.47027 4.72969e-05 2.50004e-11 5.28585e-07
4.47518 4.7271e-05 2.50005e-11 5.28875e-07
4.48008 4.72451e-05 2.50005e-11 5.29165e-07
4.48498 4.72193e-05 2.50005e-11 5.29454e-07
4.48989 4.71935e-05 2.50005e-11 5.29744e-07
4.49479 4.71677e-05 2.50005e-11 5.30033e-07
4.4997 4.7142e-05 2.50005e-11 5.30322e-07
4.5046 4.71164e-05 2.50005e-11 5.30611e-07
4.50951 4.70907e-05 2.50005e-11 5.309e-07
4.51441 4.70651e-05 2.50005e-11 5.31189e-07
4.51932 4.70396e-05 2.50005e-11 5.31477e-07
4.52422 4.70141e-05 2.50005e-11 5.31766e-07
4.52913 4.69886e-05 2.50005e-11 5.32054e-07
4.53403 4.69632e-05 2.50005e-11 5.32342e-07
4.53894 4.69378e-05 2.50005e-11 5.3263e-07
4.54384 4.69125e-05 2.50005e-11 5.32918e-07
4.54875 4.68872e-05 2.50005e-11 5.33205e-07
4.55365 4.68619e-05 2.50005e-11 5.33493e-07
4.55856 4.68367e-05 2.50005e-11 5.3378e-07
4.56346 4.68115e-05 2.50005e-11 5.34067e-07
4.56837 4.67864e-05 2.50005e-11 5.34354e-07
4.57327 4.67613e-05 2.50005e-11 5.34641e-07
4.57818 4.67362e-05 2.50005e-11 5.34928e-07
4.58308 4.67112e-05 2.50005e-11 5.35214e-07
4.58799 4.66862e-05 2.50005e-11 5.35501e-07
4.59289 4.66613e-05 2.50005e-11 5.35787e-07
4.5978 4.66364e-05 2.50005e-11 5.36073e-07
4.6027 4.66115e-05 2.50005e-11 5.36359e-07
4.60761 4.65867e-05 2.50005e-11 5.36644e-07
4.61251 4.6562e-05 2.50005e-11 5.3693e-07
4.61742 4.65372e-05 2.50005e-11 5.37216e-07
4.62232 4.65125e-05 2.50005e-11 5.37501e-07
4.62723 4.64879e-05 2.50005e-11 5.37786e-07
4.63213 4.64632e-05 2.50005e-11 5.38071e-07
4.63704 4.64387e-05 2.50005e-11 5.38356e-07
4.64194 4.64141e-05 2.50005e-11 5.38641e-07
4.64685 4.63896e-05 2.50005e-11 5.38925e-07
4.65175 4.63652e-05 2.50005e-11 5.3921e-07
4.65666 4.63407e-05 2.50005e-11 5.39494e-07
4.66156 4.63163e-05 2.50005e-11 5.39778e-07
4.66647 4.6292e-05 2.50005e-11 5.40062e-07
4.67137 4.62677e-05 2.50005e-11 5.40346e-07
4.67628 4.62434e-05 2.50005e-11 5.40629e-07
4.68118 4.62192e-05 2.50006e-11 5.40913e-07
4.68609 4.6195e-05 2.50006e-11 5.41196e-07
4.69099 4.61708e-05 2.50006e-11 5.41479e-07
4.6959 4.61467e-05 2.50006e-11 5.41763e-07
4.7008 4.61226e-05 2.50006e-11 5.42045e-07
4.70571 4.60986e-05 2.50006e-11 5.42328e-07
4.71061 4.60746e-05 2.50006e-11 5.42611e-07
4.71552 4.60506e-05 2.50006e-11 5.42893e-07
4.72042 4.60267e-05 2.50006e-11 5.43176e-07
4.72533 4.60028e-05 2.50006e-11 5.43458e-07
4.73023 4.59789e-05 2.50006e-11 5.4374e-07
4.73514 4.59551e-05 2.50006e-11 5.44022e-07
4.74004 4.59313e-05 2.50006e-11 5.44304e-07
4.74494 4.59076e-05 2.50006e-11 5.44585e-07
4.74985 4.58839e-05 2.50006e-11 5.44867e-07
4.75475 4.58602e-05 2.50006e-11 5.45148e-07
4.75966 4.58366e-05 2.50006e-11 5.45429e-07
4.76456 4.5813e-05 2.50006e-11 5.4571e-07
4.76947 4.57894e-05 2.50006e-11 5.45991e-07
4.77437 4.57659e-05 2.50006e-11 5.46272e-07
4.77928 4.57424e-05 2.50006e-11 5.46552e-07
4.78418 4.57189e-05 2.50006e-11 5.46833e-07
4.78909 4.56955e-05 2.50006e-11 5.47113e-07
4.79399 4.56721e-05 2.50006e-11 5.47393e-07
4.7989 4.56488e-05 2.50006e-11 5.47673e-07
4.8038 4.56255e-05 2.50006e-11 5.47953e-07
4.80871 4.56022e-05 2.50006e-11 5.48233e-07
4.81361 4.5579e-05 2.50006e-11 5.48513e-07
4.81852 4.55558e-05 2.50006e-11 5.48792e-07
4.82342 4.55326e-05 2.50006e-11 5.49071e-07
4.82833 4.55095e-05 2.50006e-11 5.4935e-07
4.83323 4.54864e-05 2.50006e-11 5.49629e-07
4.83814 4.54633e-05 2.50006e-11 5.49908e-07
4.84304 4.54403e-05 2.50006e-11 5.50187e-07
4.84795 4.54173e-05 2.50007e-11 5.50466e-07
4.85285 4.53943e-05 2.50007e-11 5.50744e-07
4.85776 4.53714e-05 2.50007e-11 5.51023e-07
4.86266 4.53485e-05 2.50007e-11 5.51301e-07
4.86757 4.53256e-05 2.50007e-11 5.51579e-07
4.87247 4.53028e-05 2.50007e-11 5.51857e-07
4.87738 4.528e-05 2.50007e-11 5.52134e-07
4.88228 4.52573e-05 2.50007e-11 5.52412e-07
4.88719 4.52346e-05 2.50007e-11 5.5269e-07
4.89209 4.52119e-05 2.50007e-11 5.52967e-07
4.897 4.51892e-05 2.50007e-11 5.53244e-07
4.9019 4.51666e-05 2.50007e-11 5.53521e-07
4.90681 4.51441e-05 2.50007e-11 5.53798e-07
4.91171 4.51215e-05 2.50007e-11 5.54075e-07
4.91662 4.5099e-05 2.50007e-11 5.54352e-07
4.92152 4.50765e-05 2.50007e-11 5.54628e-07
4.92643 4.50541e-05 2.50007e-11 5.54904e-07
4.93133 4.50317e-05 2.50007e-11 5.55181e-07
4.93624 4.50093e-05 2.50007e-11 5.55457e-07
4.94114 4.49869e-05 2.50007e-11 5.55733e-07
4.94605 4.49646e-05 2.50007e-11 5.56009e-07
4.95095 4.49423e-05 2.50007e-11 5.56284e-07
4.95586 4.49201e-05 2.50007e-11 5.5656e-07
4.96076 4.48979e-05 2.50007e-11 5.56835e-07
4.96567 4.48757e-05 2.50007e-11 5.57111e-07
4.97057 4.48536e-05 2.50007e-11 5.57386e-07
4.97548 4.48314e-05 2.50007e-11 5.57661e-07
4.98038 4.48094e-05 2.50007e-11 5.57936e-07
4.98529 4.47873e-05 2.50007e-11 5.5821e-07
4.99019 4.47653e-05 2.50008e-11 5.58485e-07
4.9951 4.47433e-05 2.50008e-11 5.5876e-07
5 4.47214e-05 2.50008e-11 5.59034e-07
