0.0000000
20.7871517
20.7868691
20.7868693
20.7868694
20.7868695
20.7868695
20.7868695
20.7868695
20.7868695
20.7868695
20.7868695
20.7868695
20.7868695
20.7868695
20.7868695
20.7868695
20.7868695
20.7868695
20.7868695
20.7868695
20.7868695
20.7868695
20.7868695
20.7868695
20.7868695
20.7868695
20.7868695
20.7868695
20.7868695
20.7868695
20.7868695
20.7868695
20.7868695
20.7868695
20.7868695
20.7868695
20.7868695
20.7868695
20.7868695
20.7868695
20.7868695
20.7868695
20.7868695
20.7868695
20.7868695
20.7868695
20.7868695
20.7868695
20.7868695
20.7868695
20.7868695
20.7868695
20.7868695
20.7868695
20.7868695
20.7868695
20.7868695
20.7868695
20.7868695
20.7868695
20.7868695
20.7868695
20.7868695
20.7868695
20.7868695
20.7868695
20.7868695
20.7868695
20.7868695
20.7868695
20.7868695
20.7868695
20.7868695
20.7868695
20.7868695
20.7868695
20.7868695
20.7868695
20.7868695
20.7868695
20.7868695
20.7868695
20.7868695
20.7868695
20.7868695
20.7868695
20.7868695
20.7868695
20.7868695
20.7868695
20.7868695
20.7868695
20.7868695
20.7868695
20.7868695
20.7868695
20.7868695
20.7868695
20.7868695
