0.1 1
0.109991 2
0.119982 3
0.129973 3
0.139964 6
0.149955 5
0.159946 2
0.169937 4
0.179928 6
0.189919 2
0.19991 3
0.209901 3
0.219892 6
0.229883 6
0.239874 5
0.249865 2
0.259856 1
0.269847 6
0.279838 4
0.289829 5
0.29982 3
0.309811 6
0.319802 2
0.329793 4
0.339784 2
0.349775 8
0.359766 8
0.369757 0
0.379748 1
0.389739 10
0.39973 1
0.409721 4
0.419712 6
0.429703 3
0.439694 3
0.449685 4
0.459676 4
0.469667 8
0.479658 7
0.489649 5
0.49964 3
0.509631 6
0.519622 8
0.529613 4
0.539604 2
0.549595 4
0.559586 5
0.569577 3
0.579568 2
0.589559 4
0.59955 3
0.609541 3
0.619532 5
0.629523 3
0.639514 3
0.649505 5
0.659496 3
0.669487 2
0.679478 1
0.689469 4
0.69946 8
0.709451 5
0.719442 6
0.729433 0
0.739424 7
0.749415 4
0.759406 5
0.769397 6
0.779388 2
0.789379 2
0.79937 3
0.809361 1
0.819352 5
0.829343 2
0.839334 4
0.849325 3
0.859316 3
0.869307 3
0.879298 1
0.889289 2
0.89928 2
0.909271 3
0.919262 5
0.929253 1
0.939244 5
0.949235 3
0.959226 2
0.969217 4
0.979208 5
0.989199 4
0.99919 1
1.00918 3
1.01917 5
1.02916 3
1.03915 1
1.04914 3
1.05914 1
1.06913 5
1.07912 6
1.08911 6
1.0991 1
1.10909 1
1.11908 3
1.12907 1
1.13906 1
1.14905 1
1.15905 6
1.16904 1
1.17903 1
1.18902 0
1.19901 2
1.209 3
1.21899 3
1.22898 0
1.23897 0
1.24896 4
1.25896 1
1.26895 1
1.27894 6
1.28893 2
1.29892 6
1.30891 1
1.3189 1
1.32889 2
1.33888 0
1.34887 5
1.35887 2
1.36886 0
1.37885 2
1.38884 1
1.39883 0
1.40882 0
1.41881 1
1.4288 5
1.43879 5
1.44878 3
1.45878 3
1.46877 1
1.47876 3
1.48875 1
1.49874 1
1.50873 4
1.51872 2
1.52871 5
1.5387 5
1.54869 1
1.55869 5
1.56868 1
1.57867 1
1.58866 2
1.59865 1
1.60864 1
1.61863 3
1.62862 3
1.63861 4
1.6486 1
1.6586 1
1.66859 2
1.67858 2
1.68857 2
1.69856 0
1.70855 2
1.71854 3
1.72853 1
1.73852 3
1.74851 2
1.75851 2
1.7685 0
1.77849 2
1.78848 5
1.79847 3
1.80846 3
1.81845 0
1.82844 1
1.83843 6
1.84842 3
1.85842 3
1.86841 2
1.8784 3
1.88839 2
1.89838 1
1.90837 3
1.91836 2
1.92835 1
1.93834 1
1.94833 1
1.95833 0
1.96832 1
1.97831 2
1.9883 0
1.99829 3
2.00828 2
2.01827 1
2.02826 1
2.03825 2
2.04824 1
2.05824 2
2.06823 2
2.07822 1
2.08821 0
2.0982 0
2.10819 2
2.11818 1
2.12817 4
2.13816 2
2.14815 1
2.15815 1
2.16814 5
2.17813 5
2.18812 2
2.19811 1
2.2081 2
2.21809 4
2.22808 4
2.23807 1
2.24806 1
2.25806 1
2.26805 0
2.27804 4
2.28803 5
2.29802 1
2.30801 1
2.318 0
2.32799 1
2.33798 2
2.34797 3
2.35797 1
2.36796 1
2.37795 3
2.38794 2
2.39793 0
2.40792 4
2.41791 0
2.4279 1
2.43789 2
2.44788 3
2.45788 1
2.46787 2
2.47786 2
2.48785 5
2.49784 1
2.50783 3
2.51782 1
2.52781 1
2.5378 1
2.54779 5
2.55779 2
2.56778 1
2.57777 3
2.58776 2
2.59775 2
2.60774 3
2.61773 1
2.62772 5
2.63771 2
2.6477 0
2.6577 3
2.66769 0
2.67768 1
2.68767 5
2.69766 2
2.70765 2
2.71764 1
2.72763 1
2.73762 4
2.74761 3
2.75761 0
2.7676 4
2.77759 1
2.78758 3
2.79757 4
2.80756 3
2.81755 3
2.82754 5
2.83753 7
2.84752 2
2.85752 2
2.86751 3
2.8775 2
2.88749 2
2.89748 2
2.90747 3
2.91746 2
2.92745 2
2.93744 4
2.94743 3
2.95743 3
2.96742 2
2.97741 1
2.9874 3
2.99739 3
3.00738 1
3.01737 2
3.02736 0
3.03735 0
3.04734 1
3.05734 3
3.06733 1
3.07732 0
3.08731 2
3.0973 1
3.10729 0
3.11728 2
3.12727 2
3.13726 5
3.14725 0
3.15725 1
3.16724 1
3.17723 0
3.18722 3
3.19721 0
3.2072 4
3.21719 3
3.22718 1
3.23717 2
3.24716 4
3.25716 1
3.26715 0
3.27714 3
3.28713 1
3.29712 2
3.30711 5
3.3171 4
3.32709 2
3.33708 0
3.34707 2
3.35707 0
3.36706 1
3.37705 2
3.38704 2
3.39703 0
3.40702 2
3.41701 1
3.427 0
3.43699 1
3.44698 2
3.45698 0
3.46697 3
3.47696 3
3.48695 2
3.49694 3
3.50693 3
3.51692 3
3.52691 2
3.5369 1
3.54689 1
3.55689 2
3.56688 2
3.57687 2
3.58686 2
3.59685 1
3.60684 1
3.61683 3
3.62682 0
3.63681 0
3.6468 2
3.6568 3
3.66679 2
3.67678 2
3.68677 0
3.69676 3
3.70675 0
3.71674 1
3.72673 3
3.73672 0
3.74671 2
3.75671 3
3.7667 2
3.77669 2
3.78668 1
3.79667 2
3.80666 3
3.81665 0
3.82664 3
3.83663 1
3.84662 1
3.85662 2
3.86661 1
3.8766 2
3.88659 2
3.89658 3
3.90657 1
3.91656 2
3.92655 4
3.93654 0
3.94653 2
3.95653 2
3.96652 2
3.97651 2
3.9865 1
3.99649 4
4.00648 1
4.01647 1
4.02646 2
4.03645 4
4.04644 3
4.05644 2
4.06643 4
4.07642 2
4.08641 4
4.0964 3
4.10639 0
4.11638 1
4.12637 5
4.13636 1
4.14635 0
4.15635 5
4.16634 2
4.17633 2
4.18632 2
4.19631 5
4.2063 3
4.21629 2
4.22628 1
4.23627 2
4.24626 3
4.25626 1
4.26625 3
4.27624 1
4.28623 0
4.29622 2
4.30621 2
4.3162 0
4.32619 0
4.33618 1
4.34617 2
4.35617 0
4.36616 3
4.37615 2
4.38614 4
4.39613 1
4.40612 5
4.41611 1
4.4261 3
4.43609 1
4.44608 3
4.45608 0
4.46607 3
4.47606 0
4.48605 1
4.49604 2
4.50603 0
4.51602 2
4.52601 1
4.536 6
4.54599 0
4.55599 2
4.56598 1
4.57597 1
4.58596 2
4.59595 1
4.60594 3
4.61593 3
4.62592 1
4.63591 2
4.6459 1
4.6559 5
4.66589 2
4.67588 4
4.68587 2
4.69586 0
4.70585 2
4.71584 1
4.72583 2
4.73582 1
4.74581 2
4.75581 1
4.7658 2
4.77579 2
4.78578 7
4.79577 1
4.80576 0
4.81575 2
4.82574 4
4.83573 3
4.84572 2
4.85572 2
4.86571 1
4.8757 1
4.88569 2
4.89568 2
4.90567 1
4.91566 2
4.92565 5
4.93564 1
4.94563 0
4.95563 1
4.96562 2
4.97561 2
4.9856 2
4.99559 1
5.00558 0
5.01557 2
5.02556 1
5.03555 1
5.04554 2
5.05554 2
5.06553 4
5.07552 1
5.08551 2
5.0955 1
5.10549 0
5.11548 6
5.12547 0
5.13546 3
5.14545 1
5.15545 6
5.16544 4
5.17543 3
5.18542 2
5.19541 0
5.2054 1
5.21539 1
5.22538 2
5.23537 1
5.24536 2
5.25536 3
5.26535 1
5.27534 4
5.28533 0
5.29532 0
5.30531 2
5.3153 2
5.32529 2
5.33528 1
5.34527 3
5.35527 3
5.36526 0
5.37525 2
5.38524 3
5.39523 6
5.40522 1
5.41521 2
5.4252 2
5.43519 1
5.44518 2
5.45518 5
5.46517 2
5.47516 2
5.48515 2
5.49514 4
5.50513 0
5.51512 2
5.52511 0
5.5351 0
5.54509 2
5.55509 6
5.56508 1
5.57507 2
5.58506 2
5.59505 0
5.60504 2
5.61503 1
5.62502 0
5.63501 1
5.645 0
5.655 6
5.66499 1
5.67498 1
5.68497 4
5.69496 3
5.70495 1
5.71494 1
5.72493 2
5.73492 0
5.74491 2
5.75491 0
5.7649 2
5.77489 5
5.78488 3
5.79487 2
5.80486 2
5.81485 0
5.82484 3
5.83483 1
5.84482 3
5.85482 1
5.86481 3
5.8748 3
5.88479 1
5.89478 1
5.90477 3
5.91476 0
5.92475 2
5.93474 1
5.94473 2
5.95473 3
5.96472 2
5.97471 4
5.9847 1
5.99469 1
6.00468 0
6.01467 3
6.02466 2
6.03465 3
6.04464 2
6.05464 0
6.06463 2
6.07462 1
6.08461 1
6.0946 2
6.10459 2
6.11458 1
6.12457 0
6.13456 2
6.14455 2
6.15455 1
6.16454 3
6.17453 1
6.18452 1
6.19451 0
6.2045 4
6.21449 6
6.22448 5
6.23447 2
6.24446 5
6.25446 1
6.26445 2
6.27444 2
6.28443 4
6.29442 5
6.30441 6
6.3144 2
6.32439 1
6.33438 1
6.34437 0
6.35437 3
6.36436 0
6.37435 3
6.38434 2
6.39433 1
6.40432 1
6.41431 2
6.4243 4
6.43429 0
6.44428 3
6.45428 2
6.46427 2
6.47426 0
6.48425 2
6.49424 1
6.50423 1
6.51422 3
6.52421 1
6.5342 1
6.54419 3
6.55419 1
6.56418 2
6.57417 0
6.58416 4
6.59415 2
6.60414 4
6.61413 2
6.62412 4
6.63411 3
6.6441 2
6.6541 1
6.66409 6
6.67408 1
6.68407 2
6.69406 2
6.70405 1
6.71404 0
6.72403 0
6.73402 4
6.74401 0
6.75401 2
6.764 1
6.77399 0
6.78398 1
6.79397 2
6.80396 2
6.81395 2
6.82394 2
6.83393 0
6.84392 3
6.85392 1
6.86391 1
6.8739 1
6.88389 3
6.89388 1
6.90387 0
6.91386 2
6.92385 4
6.93384 0
6.94383 3
6.95383 0
6.96382 3
6.97381 1
6.9838 1
6.99379 3
7.00378 2
7.01377 1
7.02376 2
7.03375 2
7.04374 1
7.05374 1
7.06373 2
7.07372 2
7.08371 3
7.0937 1
7.10369 3
7.11368 2
7.12367 2
7.13366 0
7.14365 3
7.15365 3
7.16364 0
7.17363 1
7.18362 0
7.19361 2
7.2036 1
7.21359 1
7.22358 1
7.23357 2
7.24356 2
7.25356 3
7.26355 3
7.27354 2
7.28353 2
7.29352 6
7.30351 4
7.3135 2
7.32349 3
7.33348 0
7.34347 2
7.35347 1
7.36346 1
7.37345 1
7.38344 3
7.39343 1
7.40342 1
7.41341 2
7.4234 2
7.43339 3
7.44338 1
7.45338 0
7.46337 0
7.47336 3
7.48335 0
7.49334 0
7.50333 2
7.51332 2
7.52331 3
7.5333 0
7.54329 1
7.55329 0
7.56328 1
7.57327 4
7.58326 5
7.59325 1
7.60324 1
7.61323 3
7.62322 2
7.63321 2
7.6432 3
7.6532 1
7.66319 1
7.67318 0
7.68317 5
7.69316 0
7.70315 1
7.71314 3
7.72313 3
7.73312 3
7.74311 1
7.75311 1
7.7631 3
7.77309 2
7.78308 2
7.79307 1
7.80306 0
7.81305 2
7.82304 1
7.83303 4
7.84302 5
7.85302 0
7.86301 3
7.873 5
7.88299 2
7.89298 2
7.90297 2
7.91296 2
7.92295 1
7.93294 1
7.94293 4
7.95293 2
7.96292 4
7.97291 1
7.9829 2
7.99289 1
8.00288 2
8.01287 2
8.02286 4
8.03285 1
8.04284 1
8.05284 2
8.06283 3
8.07282 2
8.08281 2
8.0928 4
8.10279 2
8.11278 1
8.12277 4
8.13276 2
8.14275 2
8.15275 2
8.16274 3
8.17273 3
8.18272 2
8.19271 0
8.2027 0
8.21269 4
8.22268 0
8.23267 1
8.24266 0
8.25266 4
8.26265 1
8.27264 0
8.28263 2
8.29262 2
8.30261 2
8.3126 1
8.32259 2
8.33258 5
8.34257 3
8.35257 2
8.36256 2
8.37255 5
8.38254 1
8.39253 4
8.40252 3
8.41251 1
8.4225 1
8.43249 2
8.44248 4
8.45248 1
8.46247 3
8.47246 2
8.48245 3
8.49244 3
8.50243 0
8.51242 5
8.52241 2
8.5324 2
8.54239 3
8.55239 3
8.56238 1
8.57237 2
8.58236 1
8.59235 1
8.60234 1
8.61233 1
8.62232 1
8.63231 0
8.6423 1
8.6523 0
8.66229 1
8.67228 2
8.68227 0
8.69226 1
8.70225 2
8.71224 0
8.72223 3
8.73222 2
8.74221 1
8.75221 2
8.7622 1
8.77219 3
8.78218 0
8.79217 4
8.80216 1
8.81215 3
8.82214 4
8.83213 1
8.84212 1
8.85212 3
8.86211 3
8.8721 3
8.88209 1
8.89208 5
8.90207 0
8.91206 0
8.92205 0
8.93204 1
8.94203 2
8.95203 3
8.96202 5
8.97201 1
8.982 0
8.99199 3
9.00198 2
9.01197 1
9.02196 1
9.03195 1
9.04194 5
9.05194 1
9.06193 2
9.07192 2
9.08191 0
9.0919 1
9.10189 1
9.11188 1
9.12187 3
9.13186 2
9.14185 1
9.15185 2
9.16184 0
9.17183 2
9.18182 6
9.19181 3
9.2018 0
9.21179 5
9.22178 0
9.23177 5
9.24176 2
9.25176 1
9.26175 3
9.27174 0
9.28173 1
9.29172 3
9.30171 2
9.3117 2
9.32169 2
9.33168 3
9.34167 5
9.35167 2
9.36166 1
9.37165 2
9.38164 1
9.39163 2
9.40162 3
9.41161 1
9.4216 0
9.43159 2
9.44158 4
9.45158 4
9.46157 3
9.47156 1
9.48155 3
9.49154 2
9.50153 2
9.51152 0
9.52151 2
9.5315 0
9.54149 1
9.55149 0
9.56148 2
9.57147 3
9.58146 6
9.59145 1
9.60144 1
9.61143 1
9.62142 2
9.63141 3
9.6414 5
9.6514 2
9.66139 1
9.67138 3
9.68137 2
9.69136 0
9.70135 2
9.71134 3
9.72133 3
9.73132 8
9.74131 3
9.75131 2
9.7613 4
9.77129 3
9.78128 3
9.79127 0
9.80126 0
9.81125 2
9.82124 3
9.83123 0
9.84122 1
9.85122 1
9.86121 0
9.8712 3
9.88119 1
9.89118 3
9.90117 3
9.91116 5
9.92115 3
9.93114 1
9.94113 0
9.95113 4
9.96112 1
9.97111 1
9.9811 1
9.99109 2
10.0011 2
10.0111 2
10.0211 1
10.0311 1
10.041 1
10.051 5
10.061 0
10.071 1
10.081 6
10.091 2
10.101 4
10.111 2
10.121 0
10.131 1
10.141 1
10.1509 4
10.1609 3
10.1709 1
10.1809 0
10.1909 1
10.2009 3
10.2109 4
10.2209 1
10.2309 2
10.2409 3
10.2509 2
10.2608 1
10.2708 1
10.2808 3
10.2908 1
10.3008 2
10.3108 3
10.3208 0
10.3308 3
10.3408 1
10.3508 1
10.3608 2
10.3707 2
10.3807 3
10.3907 3
10.4007 1
10.4107 2
10.4207 2
10.4307 2
10.4407 0
10.4507 3
10.4607 1
10.4707 2
10.4806 0
10.4906 0
10.5006 0
10.5106 1
10.5206 1
10.5306 2
10.5406 2
10.5506 0
10.5606 1
10.5706 3
10.5806 2
10.5905 2
10.6005 2
10.6105 5
10.6205 3
10.6305 3
10.6405 3
10.6505 3
10.6605 1
10.6705 1
10.6805 1
10.6905 2
10.7005 2
10.7104 3
10.7204 2
10.7304 1
10.7404 0
10.7504 4
10.7604 0
10.7704 2
10.7804 1
10.7904 4
10.8004 2
10.8104 1
10.8203 3
10.8303 7
10.8403 1
10.8503 3
10.8603 2
10.8703 1
10.8803 1
10.8903 0
10.9003 1
10.9103 2
10.9203 2
10.9302 4
10.9402 1
10.9502 4
10.9602 3
10.9702 2
10.9802 3
10.9902 0
11.0002 6
11.0102 0
11.0202 4
11.0302 4
11.0401 2
11.0501 2
11.0601 1
11.0701 2
11.0801 2
11.0901 0
11.1001 0
11.1101 1
11.1201 1
11.1301 3
11.1401 1
11.15 3
11.16 0
11.17 2
11.18 3
11.19 3
11.2 0
11.21 6
11.22 3
11.23 2
11.24 0
11.25 3
11.2599 2
11.2699 0
11.2799 4
11.2899 5
11.2999 3
11.3099 3
11.3199 4
11.3299 1
11.3399 1
11.3499 1
11.3599 0
11.3698 3
11.3798 6
11.3898 3
11.3998 1
11.4098 2
11.4198 1
11.4298 5
11.4398 2
11.4498 2
11.4598 1
11.4698 1
11.4797 4
11.4897 0
11.4997 1
11.5097 2
11.5197 1
11.5297 0
11.5397 2
11.5497 2
11.5597 2
11.5697 3
11.5797 2
11.5896 1
11.5996 1
11.6096 3
11.6196 2
11.6296 3
11.6396 4
11.6496 3
11.6596 3
11.6696 4
11.6796 0
11.6896 1
11.6995 2
11.7095 1
11.7195 2
11.7295 3
11.7395 5
11.7495 2
11.7595 2
11.7695 3
11.7795 0
11.7895 3
11.7995 4
11.8095 3
11.8194 1
11.8294 2
11.8394 3
11.8494 2
11.8594 3
11.8694 1
11.8794 4
11.8894 3
11.8994 1
11.9094 2
11.9194 1
11.9293 3
11.9393 0
11.9493 1
11.9593 1
11.9693 1
11.9793 2
11.9893 2
11.9993 2
12.0093 2
12.0193 2
12.0293 3
12.0392 1
12.0492 3
12.0592 3
12.0692 2
12.0792 3
12.0892 1
12.0992 1
12.1092 2
12.1192 3
12.1292 2
12.1392 2
12.1491 2
12.1591 4
12.1691 1
12.1791 1
12.1891 2
12.1991 2
12.2091 2
12.2191 0
12.2291 2
12.2391 2
12.2491 1
12.259 2
12.269 3
12.279 1
12.289 1
12.299 5
12.309 0
12.319 2
12.329 5
12.339 6
12.349 2
12.359 0
12.3689 1
12.3789 2
12.3889 0
12.3989 5
12.4089 3
12.4189 4
12.4289 0
12.4389 1
12.4489 1
12.4589 0
12.4689 0
12.4788 5
12.4888 3
12.4988 3
12.5088 7
12.5188 1
12.5288 1
12.5388 0
12.5488 3
12.5588 3
12.5688 1
12.5788 3
12.5887 2
12.5987 3
12.6087 3
12.6187 1
12.6287 2
12.6387 2
12.6487 2
12.6587 2
12.6687 2
12.6787 3
12.6887 1
12.6986 1
12.7086 3
12.7186 1
12.7286 0
12.7386 1
12.7486 1
12.7586 5
12.7686 5
12.7786 2
12.7886 4
12.7986 0
12.8086 1
12.8185 0
12.8285 2
12.8385 0
12.8485 0
12.8585 1
12.8685 2
12.8785 3
12.8885 5
12.8985 4
12.9085 1
12.9185 1
12.9284 2
12.9384 1
12.9484 1
12.9584 3
12.9684 2
12.9784 1
12.9884 3
12.9984 4
13.0084 3
13.0184 3
13.0284 4
13.0383 1
13.0483 5
13.0583 2
13.0683 2
13.0783 2
13.0883 4
13.0983 2
13.1083 1
13.1183 0
13.1283 1
13.1383 1
13.1482 2
13.1582 4
13.1682 4
13.1782 2
13.1882 2
13.1982 0
13.2082 1
13.2182 3
13.2282 4
13.2382 3
13.2482 2
13.2581 1
13.2681 3
13.2781 2
13.2881 1
13.2981 3
13.3081 1
13.3181 1
13.3281 4
13.3381 1
13.3481 0
13.3581 5
13.368 3
13.378 2
13.388 3
13.398 3
13.408 2
13.418 1
13.428 0
13.438 2
13.448 4
13.458 2
13.468 0
13.4779 6
13.4879 5
13.4979 1
13.5079 1
13.5179 5
13.5279 0
13.5379 1
13.5479 1
13.5579 2
13.5679 2
13.5779 0
13.5878 2
13.5978 3
13.6078 3
13.6178 1
13.6278 2
13.6378 4
13.6478 1
13.6578 2
13.6678 2
13.6778 1
13.6878 3
13.6977 2
13.7077 4
13.7177 3
13.7277 4
13.7377 1
13.7477 3
13.7577 1
13.7677 1
13.7777 1
13.7877 4
13.7977 1
13.8077 5
13.8176 4
13.8276 2
13.8376 1
13.8476 2
13.8576 4
13.8676 2
13.8776 2
13.8876 3
13.8976 4
13.9076 4
13.9176 2
13.9275 2
13.9375 2
13.9475 1
13.9575 2
13.9675 4
13.9775 1
13.9875 1
13.9975 2
14.0075 1
14.0175 1
14.0275 1
14.0374 1
14.0474 1
14.0574 4
14.0674 3
14.0774 3
14.0874 0
14.0974 4
14.1074 8
14.1174 6
14.1274 1
14.1374 3
14.1473 7
14.1573 1
14.1673 2
14.1773 0
14.1873 1
14.1973 2
14.2073 0
14.2173 0
14.2273 2
14.2373 3
14.2473 2
14.2572 2
14.2672 2
14.2772 1
14.2872 5
14.2972 2
14.3072 0
14.3172 1
14.3272 3
14.3372 4
14.3472 2
14.3572 1
14.3671 2
14.3771 1
14.3871 5
14.3971 2
14.4071 2
14.4171 2
14.4271 2
14.4371 3
14.4471 3
14.4571 2
14.4671 0
14.477 7
14.487 3
14.497 1
14.507 3
14.517 0
14.527 3
14.537 1
14.547 1
14.557 3
14.567 1
14.577 4
14.5869 2
14.5969 2
14.6069 3
14.6169 3
14.6269 3
14.6369 2
14.6469 2
14.6569 2
14.6669 4
14.6769 4
14.6869 4
14.6968 1
14.7068 1
14.7168 0
14.7268 4
14.7368 2
14.7468 6
14.7568 2
14.7668 3
14.7768 2
14.7868 1
14.7968 1
14.8068 4
14.8167 1
14.8267 1
14.8367 0
14.8467 0
14.8567 1
14.8667 2
14.8767 1
14.8867 1
14.8967 1
14.9067 1
14.9167 3
14.9266 2
14.9366 0
14.9466 2
14.9566 2
14.9666 4
14.9766 1
14.9866 1
14.9966 1
15.0066 2
15.0166 1
15.0266 3
15.0365 0
15.0465 2
15.0565 1
15.0665 1
15.0765 1
15.0865 2
15.0965 5
15.1065 2
15.1165 2
15.1265 4
15.1365 7
15.1464 2
15.1564 2
15.1664 1
15.1764 1
15.1864 2
15.1964 3
15.2064 3
15.2164 1
15.2264 1
15.2364 0
15.2464 2
15.2563 3
15.2663 0
15.2763 1
15.2863 4
15.2963 0
15.3063 4
15.3163 0
15.3263 0
15.3363 2
15.3463 3
15.3563 1
15.3662 1
15.3762 2
15.3862 2
15.3962 2
15.4062 3
15.4162 0
15.4262 4
15.4362 1
15.4462 0
15.4562 0
15.4662 6
15.4761 0
15.4861 4
15.4961 0
15.5061 5
15.5161 0
15.5261 0
15.5361 1
15.5461 4
15.5561 2
15.5661 0
15.5761 1
15.586 0
15.596 3
15.606 1
15.616 0
15.626 3
15.636 3
15.646 1
15.656 1
15.666 3
15.676 4
15.686 0
15.6959 0
15.7059 1
15.7159 1
15.7259 1
15.7359 1
15.7459 0
15.7559 4
15.7659 1
15.7759 2
15.7859 1
15.7959 2
15.8059 3
15.8158 2
15.8258 2
15.8358 0
15.8458 3
15.8558 1
15.8658 0
15.8758 4
15.8858 3
15.8958 0
15.9058 2
15.9158 2
15.9257 2
15.9357 1
15.9457 3
15.9557 0
15.9657 3
15.9757 4
15.9857 3
15.9957 1
16.0057 2
16.0157 2
16.0257 2
16.0356 3
16.0456 0
16.0556 3
16.0656 4
16.0756 3
16.0856 2
16.0956 4
16.1056 3
16.1156 1
16.1256 4
16.1356 0
16.1455 1
16.1555 1
16.1655 1
16.1755 2
16.1855 1
16.1955 3
16.2055 2
16.2155 3
16.2255 2
16.2355 1
16.2455 3
16.2554 3
16.2654 0
16.2754 1
16.2854 0
16.2954 5
16.3054 2
16.3154 1
16.3254 0
16.3354 4
16.3454 1
16.3554 1
16.3653 0
16.3753 0
16.3853 1
16.3953 1
16.4053 1
16.4153 1
16.4253 4
16.4353 4
16.4453 1
16.4553 1
16.4653 4
16.4752 3
16.4852 2
16.4952 2
16.5052 0
16.5152 1
16.5252 1
16.5352 3
16.5452 0
16.5552 1
16.5652 4
16.5752 1
16.5851 1
16.5951 2
16.6051 2
16.6151 1
16.6251 2
16.6351 4
16.6451 4
16.6551 3
16.6651 1
16.6751 3
16.6851 3
16.695 2
16.705 3
16.715 1
16.725 1
16.735 2
16.745 3
16.755 3
16.765 3
16.775 4
16.785 2
16.795 0
16.805 3
16.8149 4
16.8249 0
16.8349 2
16.8449 3
16.8549 2
16.8649 3
16.8749 1
16.8849 3
16.8949 3
16.9049 5
16.9149 1
16.9248 1
16.9348 1
16.9448 1
16.9548 1
16.9648 0
16.9748 2
16.9848 2
16.9948 0
17.0048 0
17.0148 2
17.0248 2
17.0347 1
17.0447 4
17.0547 0
17.0647 1
17.0747 1
17.0847 2
17.0947 0
17.1047 0
17.1147 4
17.1247 2
17.1347 4
17.1446 1
17.1546 3
17.1646 2
17.1746 4
17.1846 2
17.1946 3
17.2046 2
17.2146 0
17.2246 5
17.2346 1
17.2446 4
17.2545 3
17.2645 2
17.2745 2
17.2845 0
17.2945 1
17.3045 2
17.3145 2
17.3245 2
17.3345 3
17.3445 1
17.3545 3
17.3644 2
17.3744 3
17.3844 3
17.3944 4
17.4044 3
17.4144 3
17.4244 1
17.4344 0
17.4444 2
17.4544 6
17.4644 0
17.4743 4
17.4843 3
17.4943 2
17.5043 3
17.5143 4
17.5243 3
17.5343 1
17.5443 1
17.5543 0
17.5643 2
17.5743 2
17.5842 2
17.5942 3
17.6042 1
17.6142 2
17.6242 1
17.6342 0
17.6442 3
17.6542 1
17.6642 0
17.6742 2
17.6842 0
17.6941 3
17.7041 2
17.7141 0
17.7241 1
17.7341 4
17.7441 2
17.7541 3
17.7641 0
17.7741 2
17.7841 2
17.7941 2
17.8041 4
17.814 1
17.824 5
17.834 6
17.844 0
17.854 2
17.864 2
17.874 3
17.884 2
17.894 5
17.904 0
17.914 1
17.9239 0
17.9339 2
17.9439 0
17.9539 8
17.9639 1
17.9739 1
17.9839 2
17.9939 0
18.0039 3
18.0139 1
18.0239 2
18.0338 4
18.0438 2
18.0538 1
18.0638 2
18.0738 0
18.0838 1
18.0938 3
18.1038 1
18.1138 2
18.1238 1
18.1338 5
18.1437 0
18.1537 1
18.1637 5
18.1737 2
18.1837 4
18.1937 1
18.2037 2
18.2137 2
18.2237 3
18.2337 2
18.2437 1
18.2536 3
18.2636 0
18.2736 2
18.2836 1
18.2936 4
18.3036 4
18.3136 3
18.3236 2
18.3336 2
18.3436 3
18.3536 1
18.3635 0
18.3735 0
18.3835 2
18.3935 2
18.4035 0
18.4135 1
18.4235 2
18.4335 1
18.4435 3
18.4535 5
18.4635 3
18.4734 2
18.4834 5
18.4934 1
18.5034 4
18.5134 1
18.5234 3
18.5334 2
18.5434 4
18.5534 2
18.5634 1
18.5734 2
18.5833 4
18.5933 1
18.6033 0
18.6133 0
18.6233 5
18.6333 3
18.6433 3
18.6533 2
18.6633 1
18.6733 3
18.6833 2
18.6932 1
18.7032 2
18.7132 1
18.7232 2
18.7332 2
18.7432 0
18.7532 1
18.7632 6
18.7732 1
18.7832 2
18.7932 2
18.8032 2
18.8131 4
18.8231 4
18.8331 5
18.8431 4
18.8531 1
18.8631 2
18.8731 1
18.8831 2
18.8931 1
18.9031 0
18.9131 2
18.923 2
18.933 3
18.943 4
18.953 3
18.963 2
18.973 3
18.983 1
18.993 1
19.003 2
19.013 3
19.023 3
19.0329 2
19.0429 6
19.0529 2
19.0629 3
19.0729 3
19.0829 2
19.0929 1
19.1029 3
19.1129 2
19.1229 1
19.1329 2
19.1428 0
19.1528 2
19.1628 1
19.1728 3
19.1828 3
19.1928 2
19.2028 2
19.2128 3
19.2228 2
19.2328 1
19.2428 2
19.2527 6
19.2627 5
19.2727 1
19.2827 1
19.2927 3
19.3027 1
19.3127 4
19.3227 1
19.3327 3
19.3427 4
19.3527 2
19.3626 3
19.3726 4
19.3826 1
19.3926 1
19.4026 2
19.4126 4
19.4226 1
19.4326 1
19.4426 4
19.4526 2
19.4626 5
19.4725 3
19.4825 0
19.4925 1
19.5025 3
19.5125 2
19.5225 3
19.5325 2
19.5425 3
19.5525 3
19.5625 2
19.5725 2
19.5824 3
19.5924 1
19.6024 2
19.6124 3
19.6224 2
19.6324 0
19.6424 3
19.6524 1
19.6624 1
19.6724 3
19.6824 4
19.6923 3
19.7023 1
19.7123 0
19.7223 2
19.7323 2
19.7423 2
19.7523 3
19.7623 2
19.7723 1
19.7823 4
19.7923 4
19.8023 4
19.8122 3
19.8222 3
19.8322 1
19.8422 2
19.8522 6
19.8622 2
19.8722 2
19.8822 2
19.8922 5
19.9022 0
19.9122 1
19.9221 3
19.9321 3
19.9421 2
19.9521 2
19.9621 2
19.9721 0
19.9821 3
19.9921 1
20.0021 1
20.0121 3
20.0221 2
20.032 4
20.042 2
20.052 1
20.062 2
20.072 2
20.082 1
20.092 1
20.102 3
20.112 1
20.122 1
20.132 0
20.1419 3
20.1519 2
20.1619 2
20.1719 1
20.1819 2
20.1919 2
20.2019 3
20.2119 4
20.2219 3
20.2319 3
20.2419 1
20.2518 1
20.2618 1
20.2718 1
20.2818 3
20.2918 0
20.3018 4
20.3118 0
20.3218 2
20.3318 1
20.3418 1
20.3518 0
20.3617 1
20.3717 1
20.3817 0
20.3917 3
20.4017 4
20.4117 1
20.4217 4
20.4317 2
20.4417 4
20.4517 3
20.4617 2
20.4716 4
20.4816 2
20.4916 2
20.5016 0
20.5116 2
20.5216 3
20.5316 2
20.5416 2
20.5516 2
20.5616 3
20.5716 2
20.5815 2
20.5915 2
20.6015 2
20.6115 5
20.6215 5
20.6315 0
20.6415 0
20.6515 2
20.6615 2
20.6715 3
20.6815 1
20.6914 2
20.7014 2
20.7114 1
20.7214 2
20.7314 3
20.7414 3
20.7514 2
20.7614 1
20.7714 1
20.7814 2
20.7914 0
20.8014 3
20.8113 1
20.8213 1
20.8313 2
20.8413 2
20.8513 0
20.8613 3
20.8713 1
20.8813 2
20.8913 5
20.9013 2
20.9113 2
20.9212 0
20.9312 3
20.9412 1
20.9512 4
20.9612 3
20.9712 3
20.9812 2
20.9912 1
21.0012 2
21.0112 2
21.0212 1
21.0311 1
21.0411 1
21.0511 2
21.0611 3
21.0711 1
21.0811 0
21.0911 3
21.1011 3
21.1111 2
21.1211 3
21.1311 4
21.141 1
21.151 3
21.161 1
21.171 2
21.181 2
21.191 7
21.201 4
21.211 1
21.221 0
21.231 1
21.241 1
21.2509 1
21.2609 1
21.2709 1
21.2809 2
21.2909 3
21.3009 1
21.3109 4
21.3209 2
21.3309 3
21.3409 2
21.3509 2
21.3608 1
21.3708 1
21.3808 1
21.3908 1
21.4008 3
21.4108 1
21.4208 3
21.4308 0
21.4408 2
21.4508 0
21.4608 1
21.4707 3
21.4807 3
21.4907 2
21.5007 0
21.5107 3
21.5207 2
21.5307 3
21.5407 2
21.5507 3
21.5607 0
21.5707 0
21.5806 3
21.5906 3
21.6006 0
21.6106 2
21.6206 1
21.6306 1
21.6406 2
21.6506 2
21.6606 1
21.6706 0
21.6806 2
21.6905 0
21.7005 1
21.7105 3
21.7205 4
21.7305 1
21.7405 4
21.7505 0
21.7605 1
21.7705 0
21.7805 0
21.7905 2
21.8005 2
21.8104 3
21.8204 3
21.8304 1
21.8404 5
21.8504 2
21.8604 4
21.8704 4
21.8804 0
21.8904 1
21.9004 0
21.9104 1
21.9203 2
21.9303 0
21.9403 0
21.9503 3
21.9603 3
21.9703 3
21.9803 3
21.9903 1
22.0003 0
22.0103 0
22.0203 3
22.0302 2
22.0402 2
22.0502 3
22.0602 2
22.0702 0
22.0802 3
22.0902 0
22.1002 0
22.1102 1
22.1202 1
22.1302 0
22.1401 4
22.1501 1
22.1601 1
22.1701 1
22.1801 2
22.1901 2
22.2001 0
22.2101 2
22.2201 0
22.2301 0
22.2401 1
22.25 6
22.26 2
22.27 1
22.28 3
22.29 2
22.3 2
22.31 4
22.32 1
22.33 1
22.34 1
22.35 6
22.3599 2
22.3699 0
22.3799 4
22.3899 0
22.3999 1
22.4099 2
22.4199 1
22.4299 1
22.4399 0
22.4499 2
22.4599 0
22.4698 4
22.4798 0
22.4898 3
22.4998 2
22.5098 5
22.5198 1
22.5298 2
22.5398 2
22.5498 3
22.5598 3
22.5698 1
22.5797 2
22.5897 0
22.5997 4
22.6097 1
22.6197 2
22.6297 2
22.6397 0
22.6497 3
22.6597 1
22.6697 2
22.6797 3
22.6896 3
22.6996 2
22.7096 1
22.7196 1
22.7296 1
22.7396 2
22.7496 1
22.7596 2
22.7696 3
22.7796 4
22.7896 4
22.7995 5
22.8095 1
22.8195 3
22.8295 0
22.8395 2
22.8495 4
22.8595 4
22.8695 3
22.8795 1
22.8895 1
22.8995 2
22.9095 0
22.9194 1
22.9294 0
22.9394 2
22.9494 0
22.9594 0
22.9694 2
22.9794 7
22.9894 2
22.9994 2
23.0094 2
23.0194 2
23.0293 1
23.0393 1
23.0493 1
23.0593 0
23.0693 4
23.0793 2
23.0893 1
23.0993 3
23.1093 1
23.1193 0
23.1293 2
23.1392 1
23.1492 2
23.1592 4
23.1692 1
23.1792 2
23.1892 3
23.1992 4
23.2092 2
23.2192 3
23.2292 2
23.2392 3
23.2491 3
23.2591 3
23.2691 1
23.2791 2
23.2891 1
23.2991 3
23.3091 2
23.3191 3
23.3291 2
23.3391 3
23.3491 3
23.359 2
23.369 3
23.379 2
23.389 3
23.399 1
23.409 3
23.419 1
23.429 1
23.439 2
23.449 2
23.459 2
23.4689 1
23.4789 3
23.4889 0
23.4989 4
23.5089 0
23.5189 4
23.5289 3
23.5389 0
23.5489 3
23.5589 5
23.5689 3
23.5788 5
23.5888 1
23.5988 0
23.6088 0
23.6188 2
23.6288 0
23.6388 5
23.6488 3
23.6588 0
23.6688 2
23.6788 3
23.6887 1
23.6987 2
23.7087 1
23.7187 2
23.7287 1
23.7387 0
23.7487 1
23.7587 1
23.7687 1
23.7787 2
23.7887 1
23.7986 0
23.8086 3
23.8186 3
23.8286 5
23.8386 1
23.8486 1
23.8586 0
23.8686 1
23.8786 3
23.8886 0
23.8986 3
23.9086 6
23.9185 6
23.9285 3
23.9385 4
23.9485 5
23.9585 1
23.9685 3
23.9785 1
23.9885 1
23.9985 5
24.0085 1
24.0185 0
24.0284 2
24.0384 4
24.0484 1
24.0584 1
24.0684 2
24.0784 1
24.0884 1
24.0984 1
24.1084 1
24.1184 0
24.1284 2
24.1383 3
24.1483 3
24.1583 2
24.1683 1
24.1783 3
24.1883 4
24.1983 0
24.2083 2
24.2183 4
24.2283 1
24.2383 1
24.2482 1
24.2582 2
24.2682 2
24.2782 1
24.2882 1
24.2982 3
24.3082 2
24.3182 2
24.3282 2
24.3382 4
24.3482 1
24.3581 1
24.3681 1
24.3781 5
24.3881 2
24.3981 2
24.4081 1
24.4181 4
24.4281 1
24.4381 2
24.4481 2
24.4581 0
24.468 1
24.478 2
24.488 2
24.498 1
24.508 2
24.518 2
24.528 2
24.538 4
24.548 2
24.558 2
24.568 2
24.5779 4
24.5879 3
24.5979 1
24.6079 3
24.6179 0
24.6279 3
24.6379 3
24.6479 4
24.6579 0
24.6679 2
24.6779 0
24.6878 2
24.6978 2
24.7078 1
24.7178 0
24.7278 1
24.7378 1
24.7478 3
24.7578 2
24.7678 5
24.7778 0
24.7878 2
24.7977 4
24.8077 2
24.8177 3
24.8277 6
24.8377 1
24.8477 3
24.8577 1
24.8677 2
24.8777 2
24.8877 0
24.8977 3
24.9077 3
24.9176 1
24.9276 1
24.9376 1
24.9476 0
24.9576 5
24.9676 2
24.9776 0
24.9876 4
24.9976 2
25.0076 1
25.0176 2
25.0275 2
25.0375 1
25.0475 2
25.0575 3
25.0675 2
25.0775 1
25.0875 3
25.0975 4
25.1075 1
25.1175 3
25.1275 2
25.1374 2
25.1474 1
25.1574 2
25.1674 3
25.1774 2
25.1874 5
25.1974 1
25.2074 4
25.2174 1
25.2274 1
25.2374 2
25.2473 2
25.2573 2
25.2673 7
25.2773 1
25.2873 1
25.2973 5
25.3073 0
25.3173 1
25.3273 1
25.3373 7
25.3473 3
25.3572 4
25.3672 2
25.3772 3
25.3872 1
25.3972 0
25.4072 2
25.4172 4
25.4272 0
25.4372 1
25.4472 0
25.4572 2
25.4671 2
25.4771 1
25.4871 1
25.4971 3
25.5071 4
25.5171 4
25.5271 1
25.5371 2
25.5471 0
25.5571 3
25.5671 3
25.577 1
25.587 1
25.597 1
25.607 3
25.617 4
25.627 1
25.637 4
25.647 0
25.657 5
25.667 4
25.677 2
25.6869 6
25.6969 2
25.7069 2
25.7169 3
25.7269 3
25.7369 3
25.7469 1
25.7569 1
25.7669 0
25.7769 1
25.7869 5
25.7968 4
25.8068 1
25.8168 0
25.8268 1
25.8368 7
25.8468 0
25.8568 0
25.8668 3
25.8768 0
25.8868 1
25.8968 1
25.9068 2
25.9167 3
25.9267 2
25.9367 0
25.9467 1
25.9567 3
25.9667 1
25.9767 3
25.9867 4
25.9967 0
26.0067 0
26.0167 4
26.0266 4
26.0366 0
26.0466 0
26.0566 2
26.0666 2
26.0766 1
26.0866 0
26.0966 3
26.1066 1
26.1166 2
26.1266 6
26.1365 2
26.1465 0
26.1565 2
26.1665 2
26.1765 1
26.1865 2
26.1965 5
26.2065 1
26.2165 1
26.2265 3
26.2365 3
26.2464 3
26.2564 2
26.2664 1
26.2764 2
26.2864 0
26.2964 2
26.3064 1
26.3164 2
26.3264 1
26.3364 2
26.3464 1
26.3563 2
26.3663 2
26.3763 1
26.3863 4
26.3963 2
26.4063 1
26.4163 1
26.4263 2
26.4363 0
26.4463 1
26.4563 2
26.4662 1
26.4762 0
26.4862 1
26.4962 4
26.5062 2
26.5162 2
26.5262 2
26.5362 2
26.5462 1
26.5562 1
26.5662 0
26.5761 3
26.5861 1
26.5961 0
26.6061 1
26.6161 0
26.6261 0
26.6361 2
26.6461 1
26.6561 2
26.6661 1
26.6761 5
26.686 1
26.696 2
26.706 0
26.716 2
26.726 1
26.736 3
26.746 1
26.756 0
26.766 1
26.776 3
26.786 0
26.7959 2
26.8059 2
26.8159 2
26.8259 4
26.8359 2
26.8459 1
26.8559 2
26.8659 1
26.8759 1
26.8859 2
26.8959 2
26.9059 1
26.9158 2
26.9258 4
26.9358 4
26.9458 2
26.9558 1
26.9658 1
26.9758 2
26.9858 2
26.9958 1
27.0058 5
27.0158 4
27.0257 0
27.0357 3
27.0457 2
27.0557 1
27.0657 2
27.0757 1
27.0857 2
27.0957 3
27.1057 1
27.1157 3
27.1257 2
27.1356 3
27.1456 2
27.1556 2
27.1656 2
27.1756 1
27.1856 1
27.1956 0
27.2056 3
27.2156 2
27.2256 3
27.2356 0
27.2455 2
27.2555 0
27.2655 1
27.2755 1
27.2855 3
27.2955 5
27.3055 3
27.3155 2
27.3255 1
27.3355 2
27.3455 1
27.3554 1
27.3654 0
27.3754 4
27.3854 5
27.3954 1
27.4054 1
27.4154 2
27.4254 2
27.4354 2
27.4454 2
27.4554 0
27.4653 3
27.4753 2
27.4853 2
27.4953 1
27.5053 0
27.5153 4
27.5253 1
27.5353 3
27.5453 2
27.5553 1
27.5653 3
27.5752 2
27.5852 2
27.5952 1
27.6052 1
27.6152 1
27.6252 4
27.6352 1
27.6452 3
27.6552 4
27.6652 2
27.6752 3
27.6851 0
27.6951 0
27.7051 2
27.7151 1
27.7251 5
27.7351 1
27.7451 1
27.7551 2
27.7651 1
27.7751 2
27.7851 1
27.795 5
27.805 2
27.815 2
27.825 1
27.835 2
27.845 2
27.855 2
27.865 3
27.875 1
27.885 1
27.895 1
27.905 3
27.9149 2
27.9249 1
27.9349 3
27.9449 2
27.9549 1
27.9649 2
27.9749 1
27.9849 2
27.9949 2
28.0049 3
28.0149 1
28.0248 2
28.0348 2
28.0448 2
28.0548 3
28.0648 1
28.0748 1
28.0848 5
28.0948 0
28.1048 1
28.1148 2
28.1248 3
28.1347 2
28.1447 2
28.1547 0
28.1647 1
28.1747 3
28.1847 2
28.1947 2
28.2047 1
28.2147 3
28.2247 0
28.2347 2
28.2446 1
28.2546 1
28.2646 3
28.2746 2
28.2846 5
28.2946 0
28.3046 4
28.3146 3
28.3246 2
28.3346 2
28.3446 2
28.3545 3
28.3645 0
28.3745 0
28.3845 4
28.3945 1
28.4045 2
28.4145 2
28.4245 2
28.4345 0
28.4445 3
28.4545 0
28.4644 0
28.4744 1
28.4844 2
28.4944 1
28.5044 1
28.5144 2
28.5244 1
28.5344 2
28.5444 2
28.5544 3
28.5644 0
28.5743 0
28.5843 3
28.5943 4
28.6043 1
28.6143 3
28.6243 0
28.6343 4
28.6443 2
28.6543 3
28.6643 0
28.6743 4
28.6842 2
28.6942 1
28.7042 1
28.7142 4
28.7242 1
28.7342 1
28.7442 0
28.7542 0
28.7642 2
28.7742 0
28.7842 1
28.7941 1
28.8041 0
28.8141 2
28.8241 3
28.8341 1
28.8441 1
28.8541 2
28.8641 2
28.8741 3
28.8841 1
28.8941 2
28.9041 2
28.914 1
28.924 2
28.934 2
28.944 2
28.954 2
28.964 0
28.974 2
28.984 5
28.994 2
29.004 4
29.014 1
29.0239 1
29.0339 2
29.0439 5
29.0539 6
29.0639 1
29.0739 3
29.0839 1
29.0939 0
29.1039 5
29.1139 7
29.1239 4
29.1338 2
29.1438 2
29.1538 1
29.1638 4
29.1738 1
29.1838 2
29.1938 2
29.2038 2
29.2138 2
29.2238 1
29.2338 4
29.2437 1
29.2537 2
29.2637 1
29.2737 1
29.2837 2
29.2937 2
29.3037 1
29.3137 3
29.3237 0
29.3337 0
29.3437 3
29.3536 1
29.3636 3
29.3736 1
29.3836 5
29.3936 2
29.4036 4
29.4136 3
29.4236 1
29.4336 2
29.4436 2
29.4536 4
29.4635 1
29.4735 1
29.4835 3
29.4935 0
29.5035 0
29.5135 2
29.5235 3
29.5335 3
29.5435 5
29.5535 1
29.5635 2
29.5734 1
29.5834 2
29.5934 4
29.6034 0
29.6134 2
29.6234 0
29.6334 0
29.6434 1
29.6534 2
29.6634 3
29.6734 2
29.6833 2
29.6933 4
29.7033 2
29.7133 4
29.7233 5
29.7333 2
29.7433 3
29.7533 2
29.7633 6
29.7733 2
29.7833 7
29.7932 1
29.8032 1
29.8132 2
29.8232 4
29.8332 3
29.8432 4
29.8532 2
29.8632 2
29.8732 1
29.8832 7
29.8932 4
29.9032 0
29.9131 0
29.9231 2
29.9331 1
29.9431 2
29.9531 1
29.9631 2
29.9731 3
29.9831 2
29.9931 1
30.0031 2
30.0131 3
30.023 2
30.033 2
30.043 1
30.053 3
30.063 4
30.073 1
30.083 2
30.093 3
30.103 0
30.113 1
30.123 3
30.1329 3
30.1429 1
30.1529 1
30.1629 1
30.1729 1
30.1829 1
30.1929 3
30.2029 2
30.2129 2
30.2229 2
30.2329 0
30.2428 2
30.2528 4
30.2628 3
30.2728 1
30.2828 0
30.2928 4
30.3028 6
30.3128 0
30.3228 0
30.3328 4
30.3428 4
30.3527 0
30.3627 1
30.3727 2
30.3827 0
30.3927 4
30.4027 2
30.4127 2
30.4227 1
30.4327 1
30.4427 2
30.4527 1
30.4626 1
30.4726 7
30.4826 2
30.4926 2
30.5026 1
30.5126 3
30.5226 0
30.5326 2
30.5426 3
30.5526 1
30.5626 1
30.5725 3
30.5825 0
30.5925 2
30.6025 2
30.6125 3
30.6225 6
30.6325 5
30.6425 3
30.6525 1
30.6625 2
30.6725 3
30.6824 2
30.6924 1
30.7024 2
30.7124 1
30.7224 3
30.7324 2
30.7424 3
30.7524 2
30.7624 3
30.7724 5
30.7824 1
30.7923 3
30.8023 4
30.8123 2
30.8223 1
30.8323 0
30.8423 1
30.8523 1
30.8623 2
30.8723 4
30.8823 2
30.8923 1
30.9023 0
30.9122 2
30.9222 1
30.9322 2
30.9422 0
30.9522 2
30.9622 1
30.9722 2
30.9822 2
30.9922 0
31.0022 2
31.0122 2
31.0221 5
31.0321 2
31.0421 3
31.0521 4
31.0621 2
31.0721 3
31.0821 0
31.0921 3
31.1021 1
31.1121 2
31.1221 3
31.132 0
31.142 1
31.152 0
31.162 2
31.172 2
31.182 4
31.192 1
31.202 0
31.212 2
31.222 2
31.232 4
31.2419 2
31.2519 1
31.2619 3
31.2719 0
31.2819 2
31.2919 1
31.3019 3
31.3119 1
31.3219 4
31.3319 2
31.3419 3
31.3518 3
31.3618 3
31.3718 1
31.3818 2
31.3918 1
31.4018 2
31.4118 1
31.4218 0
31.4318 2
31.4418 5
31.4518 1
31.4617 3
31.4717 2
31.4817 2
31.4917 3
31.5017 2
31.5117 3
31.5217 2
31.5317 0
31.5417 1
31.5517 1
31.5617 0
31.5716 0
31.5816 0
31.5916 2
31.6016 3
31.6116 3
31.6216 1
31.6316 2
31.6416 4
31.6516 1
31.6616 1
31.6716 4
31.6815 1
31.6915 2
31.7015 2
31.7115 2
31.7215 4
31.7315 1
31.7415 2
31.7515 1
31.7615 4
31.7715 2
31.7815 1
31.7914 0
31.8014 4
31.8114 2
31.8214 3
31.8314 2
31.8414 4
31.8514 1
31.8614 2
31.8714 1
31.8814 4
31.8914 0
31.9014 4
31.9113 2
31.9213 1
31.9313 1
31.9413 4
31.9513 0
31.9613 4
31.9713 0
31.9813 0
31.9913 0
32.0013 1
32.0113 2
32.0212 1
32.0312 3
32.0412 1
32.0512 0
32.0612 0
32.0712 5
32.0812 1
32.0912 3
32.1012 2
32.1112 3
32.1212 2
32.1311 4
32.1411 3
32.1511 1
32.1611 2
32.1711 0
32.1811 0
32.1911 2
32.2011 1
32.2111 4
32.2211 2
32.2311 4
32.241 0
32.251 1
32.261 2
32.271 0
32.281 1
32.291 1
32.301 3
32.311 4
32.321 1
32.331 3
32.341 2
32.3509 2
32.3609 2
32.3709 0
32.3809 3
32.3909 2
32.4009 1
32.4109 1
32.4209 1
32.4309 0
32.4409 4
32.4509 2
32.4608 3
32.4708 1
32.4808 0
32.4908 3
32.5008 1
32.5108 2
32.5208 2
32.5308 1
32.5408 3
32.5508 1
32.5608 1
32.5707 3
32.5807 2
32.5907 1
32.6007 2
32.6107 1
32.6207 3
32.6307 2
32.6407 2
32.6507 2
32.6607 1
32.6707 1
32.6806 5
32.6906 1
32.7006 2
32.7106 4
32.7206 1
32.7306 1
32.7406 2
32.7506 2
32.7606 1
32.7706 1
32.7806 0
32.7905 1
32.8005 3
32.8105 0
32.8205 1
32.8305 1
32.8405 4
32.8505 1
32.8605 4
32.8705 3
32.8805 4
32.8905 1
32.9005 3
32.9104 0
32.9204 3
32.9304 1
32.9404 3
32.9504 1
32.9604 3
32.9704 1
32.9804 1
32.9904 2
33.0004 3
33.0104 0
33.0203 1
33.0303 4
33.0403 0
33.0503 0
33.0603 1
33.0703 1
33.0803 0
33.0903 3
33.1003 4
33.1103 4
33.1203 3
33.1302 2
33.1402 1
33.1502 0
33.1602 2
33.1702 1
33.1802 1
33.1902 3
33.2002 2
33.2102 7
33.2202 1
33.2302 5
33.2401 3
33.2501 3
33.2601 2
33.2701 4
33.2801 2
33.2901 2
33.3001 5
33.3101 3
33.3201 2
33.3301 1
33.3401 1
33.35 2
33.36 0
33.37 0
33.38 1
33.39 2
33.4 2
33.41 1
33.42 2
33.43 4
33.44 4
33.45 2
33.4599 7
33.4699 3
33.4799 2
33.4899 3
33.4999 1
33.5099 2
33.5199 3
33.5299 1
33.5399 3
33.5499 3
33.5599 3
33.5698 2
33.5798 1
33.5898 3
33.5998 2
33.6098 3
33.6198 1
33.6298 8
33.6398 1
33.6498 3
33.6598 2
33.6698 0
33.6797 0
33.6897 1
33.6997 2
33.7097 3
33.7197 2
33.7297 1
33.7397 2
33.7497 4
33.7597 0
33.7697 2
33.7797 2
33.7896 1
33.7996 2
33.8096 0
33.8196 1
33.8296 0
33.8396 2
33.8496 7
33.8596 5
33.8696 2
33.8796 3
33.8896 2
33.8995 2
33.9095 2
33.9195 3
33.9295 4
33.9395 2
33.9495 0
33.9595 2
33.9695 2
33.9795 2
33.9895 0
33.9995 3
34.0095 1
34.0194 3
34.0294 2
34.0394 0
34.0494 1
34.0594 2
34.0694 1
34.0794 4
34.0894 0
34.0994 1
34.1094 1
34.1194 1
34.1293 1
34.1393 2
34.1493 2
34.1593 1
34.1693 2
34.1793 1
34.1893 0
34.1993 4
34.2093 3
34.2193 0
34.2293 3
34.2392 2
34.2492 2
34.2592 0
34.2692 0
34.2792 0
34.2892 2
34.2992 1
34.3092 0
34.3192 1
34.3292 4
34.3392 1
34.3491 2
34.3591 1
34.3691 2
34.3791 1
34.3891 5
34.3991 3
34.4091 3
34.4191 4
34.4291 1
34.4391 1
34.4491 1
34.459 2
34.469 0
34.479 4
34.489 3
34.499 3
34.509 2
34.519 2
34.529 1
34.539 3
34.549 3
34.559 2
34.5689 1
34.5789 1
34.5889 1
34.5989 0
34.6089 4
34.6189 2
34.6289 1
34.6389 1
34.6489 2
34.6589 0
34.6689 1
34.6788 5
34.6888 0
34.6988 3
34.7088 0
34.7188 0
34.7288 1
34.7388 2
34.7488 2
34.7588 0
34.7688 4
34.7788 0
34.7887 2
34.7987 0
34.8087 2
34.8187 1
34.8287 3
34.8387 4
34.8487 3
34.8587 2
34.8687 3
34.8787 2
34.8887 3
34.8986 2
34.9086 6
34.9186 2
34.9286 1
34.9386 0
34.9486 1
34.9586 2
34.9686 2
34.9786 2
34.9886 0
34.9986 3
35.0086 2
35.0185 4
35.0285 2
35.0385 1
35.0485 3
35.0585 3
35.0685 3
35.0785 2
35.0885 3
35.0985 3
35.1085 3
35.1185 1
35.1284 3
35.1384 0
35.1484 1
35.1584 0
35.1684 1
35.1784 2
35.1884 2
35.1984 1
35.2084 3
35.2184 2
35.2284 3
35.2383 4
35.2483 0
35.2583 3
35.2683 1
35.2783 1
35.2883 3
35.2983 0
35.3083 1
35.3183 5
35.3283 3
35.3383 0
35.3482 1
35.3582 0
35.3682 4
35.3782 1
35.3882 4
35.3982 2
35.4082 2
35.4182 3
35.4282 2
35.4382 2
35.4482 0
35.4581 0
35.4681 2
35.4781 2
35.4881 2
35.4981 5
35.5081 2
35.5181 4
35.5281 2
35.5381 0
35.5481 0
35.5581 3
35.568 0
35.578 2
35.588 1
35.598 3
35.608 5
35.618 3
35.628 1
35.638 1
35.648 0
35.658 3
35.668 3
35.6779 1
35.6879 2
35.6979 2
35.7079 3
35.7179 2
35.7279 3
35.7379 1
35.7479 3
35.7579 0
35.7679 4
35.7779 5
35.7878 3
35.7978 0
35.8078 1
35.8178 2
35.8278 3
35.8378 1
35.8478 3
35.8578 0
35.8678 1
35.8778 1
35.8878 1
35.8977 3
35.9077 0
35.9177 0
35.9277 2
35.9377 3
35.9477 2
35.9577 1
35.9677 2
35.9777 2
35.9877 3
35.9977 1
36.0077 2
36.0176 2
36.0276 2
36.0376 3
36.0476 3
36.0576 2
36.0676 5
36.0776 3
36.0876 0
36.0976 2
36.1076 3
36.1176 0
36.1275 0
36.1375 0
36.1475 1
36.1575 1
36.1675 0
36.1775 2
36.1875 4
36.1975 1
36.2075 3
36.2175 2
36.2275 2
36.2374 1
36.2474 2
36.2574 2
36.2674 3
36.2774 0
36.2874 1
36.2974 2
36.3074 3
36.3174 3
36.3274 2
36.3374 4
36.3473 0
36.3573 2
36.3673 5
36.3773 1
36.3873 2
36.3973 3
36.4073 1
36.4173 4
36.4273 3
36.4373 2
36.4473 3
36.4572 0
36.4672 1
36.4772 1
36.4872 1
36.4972 1
36.5072 2
36.5172 2
36.5272 3
36.5372 2
36.5472 3
36.5572 3
36.5671 1
36.5771 1
36.5871 1
36.5971 0
36.6071 1
36.6171 1
36.6271 0
36.6371 0
36.6471 2
36.6571 5
36.6671 2
36.677 4
36.687 5
36.697 1
36.707 0
36.717 3
36.727 4
36.737 5
36.747 3
36.757 0
36.767 3
36.777 2
36.7869 2
36.7969 0
36.8069 6
36.8169 1
36.8269 4
36.8369 3
36.8469 0
36.8569 0
36.8669 4
36.8769 1
36.8869 4
36.8968 1
36.9068 1
36.9168 3
36.9268 3
36.9368 2
36.9468 2
36.9568 1
36.9668 2
36.9768 1
36.9868 3
36.9968 3
37.0068 4
37.0167 5
37.0267 0
37.0367 1
37.0467 1
37.0567 1
37.0667 3
37.0767 3
37.0867 2
37.0967 0
37.1067 0
37.1167 3
37.1266 0
37.1366 3
37.1466 2
37.1566 9
37.1666 4
37.1766 2
37.1866 1
37.1966 3
37.2066 2
37.2166 3
37.2266 3
37.2365 3
37.2465 0
37.2565 2
37.2665 0
37.2765 1
37.2865 2
37.2965 1
37.3065 2
37.3165 2
37.3265 1
37.3365 1
37.3464 2
37.3564 4
37.3664 2
37.3764 1
37.3864 3
37.3964 2
37.4064 0
37.4164 1
37.4264 2
37.4364 1
37.4464 5
37.4563 5
37.4663 4
37.4763 1
37.4863 2
37.4963 1
37.5063 0
37.5163 2
37.5263 0
37.5363 2
37.5463 2
37.5563 0
37.5662 1
37.5762 1
37.5862 1
37.5962 0
37.6062 2
37.6162 2
37.6262 1
37.6362 1
37.6462 3
37.6562 1
37.6662 0
37.6761 2
37.6861 2
37.6961 1
37.7061 1
37.7161 2
37.7261 1
37.7361 1
37.7461 0
37.7561 3
37.7661 0
37.7761 1
37.786 2
37.796 2
37.806 1
37.816 4
37.826 0
37.836 1
37.846 0
37.856 4
37.866 3
37.876 2
37.886 2
37.8959 3
37.9059 3
37.9159 2
37.9259 3
37.9359 0
37.9459 2
37.9559 1
37.9659 3
37.9759 0
37.9859 3
37.9959 1
38.0059 0
38.0158 3
38.0258 1
38.0358 4
38.0458 1
38.0558 3
38.0658 2
38.0758 2
38.0858 3
38.0958 2
38.1058 1
38.1158 0
38.1257 5
38.1357 4
38.1457 3
38.1557 4
38.1657 3
38.1757 1
38.1857 1
38.1957 3
38.2057 1
38.2157 1
38.2257 2
38.2356 3
38.2456 2
38.2556 4
38.2656 3
38.2756 3
38.2856 3
38.2956 1
38.3056 0
38.3156 2
38.3256 2
38.3356 1
38.3455 2
38.3555 4
38.3655 4
38.3755 3
38.3855 1
38.3955 2
38.4055 4
38.4155 3
38.4255 2
38.4355 1
38.4455 0
38.4554 2
38.4654 2
38.4754 3
38.4854 1
38.4954 1
38.5054 1
38.5154 0
38.5254 2
38.5354 3
38.5454 5
38.5554 4
38.5653 3
38.5753 0
38.5853 0
38.5953 3
38.6053 3
38.6153 5
38.6253 2
38.6353 0
38.6453 0
38.6553 2
38.6653 2
38.6752 4
38.6852 1
38.6952 2
38.7052 3
38.7152 3
38.7252 2
38.7352 0
38.7452 3
38.7552 1
38.7652 2
38.7752 1
38.7851 1
38.7951 2
38.8051 2
38.8151 3
38.8251 0
38.8351 1
38.8451 3
38.8551 2
38.8651 1
38.8751 2
38.8851 0
38.895 0
38.905 4
38.915 9
38.925 0
38.935 3
38.945 5
38.955 2
38.965 1
38.975 2
38.985 1
38.995 0
39.005 2
39.0149 2
39.0249 2
39.0349 2
39.0449 4
39.0549 1
39.0649 4
39.0749 3
39.0849 3
39.0949 3
39.1049 3
39.1149 2
39.1248 3
39.1348 1
39.1448 2
39.1548 2
39.1648 2
39.1748 1
39.1848 1
39.1948 3
39.2048 1
39.2148 0
39.2248 2
39.2347 2
39.2447 3
39.2547 2
39.2647 0
39.2747 1
39.2847 2
39.2947 3
39.3047 2
39.3147 1
39.3247 3
39.3347 0
39.3446 1
39.3546 3
39.3646 3
39.3746 4
39.3846 0
39.3946 1
39.4046 3
39.4146 4
39.4246 3
39.4346 3
39.4446 3
39.4545 2
39.4645 2
39.4745 1
39.4845 1
39.4945 2
39.5045 0
39.5145 0
39.5245 1
39.5345 4
39.5445 2
39.5545 4
39.5644 1
39.5744 3
39.5844 3
39.5944 2
39.6044 2
39.6144 1
39.6244 3
39.6344 1
39.6444 1
39.6544 1
39.6644 1
39.6743 1
39.6843 6
39.6943 0
39.7043 0
39.7143 4
39.7243 4
39.7343 1
39.7443 0
39.7543 0
39.7643 0
39.7743 4
39.7842 3
39.7942 3
39.8042 1
39.8142 3
39.8242 4
39.8342 2
39.8442 2
39.8542 2
39.8642 3
39.8742 4
39.8842 0
39.8941 1
39.9041 0
39.9141 6
39.9241 0
39.9341 1
39.9441 3
39.9541 2
39.9641 2
39.9741 3
39.9841 0
39.9941 4
40.0041 3
40.014 3
40.024 0
40.034 3
40.044 3
40.054 3
40.064 2
40.074 5
40.084 0
40.094 4
40.104 3
40.114 0
40.1239 0
40.1339 3
40.1439 0
40.1539 4
40.1639 0
40.1739 0
40.1839 5
40.1939 3
40.2039 2
40.2139 2
40.2239 2
40.2338 1
40.2438 0
40.2538 5
40.2638 1
40.2738 2
40.2838 1
40.2938 2
40.3038 2
40.3138 1
40.3238 0
40.3338 3
40.3437 5
40.3537 4
40.3637 1
40.3737 4
40.3837 2
40.3937 3
40.4037 4
40.4137 2
40.4237 1
40.4337 1
40.4437 3
40.4536 0
40.4636 1
40.4736 3
40.4836 3
40.4936 1
40.5036 4
40.5136 0
40.5236 5
40.5336 6
40.5436 0
40.5536 3
40.5635 1
40.5735 2
40.5835 2
40.5935 1
40.6035 2
40.6135 2
40.6235 5
40.6335 2
40.6435 1
40.6535 1
40.6635 2
40.6734 1
40.6834 2
40.6934 3
40.7034 1
40.7134 0
40.7234 1
40.7334 1
40.7434 0
40.7534 1
40.7634 1
40.7734 1
40.7833 3
40.7933 1
40.8033 4
40.8133 2
40.8233 2
40.8333 3
40.8433 3
40.8533 0
40.8633 1
40.8733 2
40.8833 3
40.8932 4
40.9032 3
40.9132 1
40.9232 1
40.9332 1
40.9432 2
40.9532 2
40.9632 3
40.9732 1
40.9832 3
40.9932 2
41.0032 3
41.0131 3
41.0231 1
41.0331 2
41.0431 0
41.0531 6
41.0631 0
41.0731 2
41.0831 1
41.0931 5
41.1031 1
41.1131 3
41.123 1
41.133 2
41.143 2
41.153 2
41.163 4
41.173 2
41.183 1
41.193 3
41.203 3
41.213 2
41.223 6
41.2329 0
41.2429 1
41.2529 0
41.2629 1
41.2729 2
41.2829 2
41.2929 1
41.3029 1
41.3129 4
41.3229 0
41.3329 4
41.3428 2
41.3528 0
41.3628 1
41.3728 4
41.3828 3
41.3928 1
41.4028 1
41.4128 1
41.4228 1
41.4328 4
41.4428 1
41.4527 0
41.4627 4
41.4727 1
41.4827 1
41.4927 2
41.5027 2
41.5127 1
41.5227 1
41.5327 1
41.5427 2
41.5527 2
41.5626 2
41.5726 1
41.5826 2
41.5926 3
41.6026 1
41.6126 2
41.6226 2
41.6326 2
41.6426 3
41.6526 1
41.6626 2
41.6725 0
41.6825 1
41.6925 3
41.7025 3
41.7125 2
41.7225 1
41.7325 2
41.7425 3
41.7525 4
41.7625 1
41.7725 5
41.7824 3
41.7924 1
41.8024 2
41.8124 1
41.8224 1
41.8324 2
41.8424 5
41.8524 3
41.8624 2
41.8724 0
41.8824 1
41.8923 0
41.9023 2
41.9123 0
41.9223 1
41.9323 0
41.9423 3
41.9523 0
41.9623 3
41.9723 3
41.9823 1
41.9923 1
42.0023 4
42.0122 2
42.0222 5
42.0322 0
42.0422 5
42.0522 2
42.0622 1
42.0722 1
42.0822 0
42.0922 2
42.1022 3
42.1122 0
42.1221 2
42.1321 1
42.1421 4
42.1521 2
42.1621 4
42.1721 2
42.1821 2
42.1921 1
42.2021 1
42.2121 2
42.2221 1
42.232 3
42.242 3
42.252 2
42.262 3
42.272 4
42.282 2
42.292 4
42.302 3
42.312 2
42.322 1
42.332 2
42.3419 0
42.3519 3
42.3619 4
42.3719 1
42.3819 2
42.3919 2
42.4019 1
42.4119 1
42.4219 2
42.4319 4
42.4419 1
42.4518 1
42.4618 0
42.4718 1
42.4818 1
42.4918 1
42.5018 4
42.5118 2
42.5218 1
42.5318 2
42.5418 2
42.5518 1
42.5617 3
42.5717 1
42.5817 2
42.5917 2
42.6017 1
42.6117 1
42.6217 3
42.6317 1
42.6417 1
42.6517 1
42.6617 2
42.6716 3
42.6816 1
42.6916 0
42.7016 2
42.7116 4
42.7216 2
42.7316 0
42.7416 2
42.7516 0
42.7616 3
42.7716 2
42.7815 0
42.7915 0
42.8015 5
42.8115 3
42.8215 4
42.8315 2
42.8415 2
42.8515 0
42.8615 5
42.8715 2
42.8815 4
42.8914 3
42.9014 3
42.9114 1
42.9214 2
42.9314 0
42.9414 2
42.9514 2
42.9614 0
42.9714 3
42.9814 3
42.9914 2
43.0014 4
43.0113 5
43.0213 1
43.0313 0
43.0413 2
43.0513 0
43.0613 3
43.0713 1
43.0813 0
43.0913 1
43.1013 1
43.1113 2
43.1212 5
43.1312 2
43.1412 3
43.1512 4
43.1612 3
43.1712 2
43.1812 2
43.1912 1
43.2012 5
43.2112 4
43.2212 3
43.2311 1
43.2411 3
43.2511 5
43.2611 1
43.2711 0
43.2811 3
43.2911 0
43.3011 3
43.3111 3
43.3211 1
43.3311 5
43.341 0
43.351 1
43.361 0
43.371 2
43.381 2
43.391 4
43.401 2
43.411 0
43.421 1
43.431 2
43.441 0
43.4509 1
43.4609 2
43.4709 2
43.4809 2
43.4909 0
43.5009 0
43.5109 1
43.5209 3
43.5309 1
43.5409 3
43.5509 1
43.5608 0
43.5708 4
43.5808 2
43.5908 3
43.6008 2
43.6108 2
43.6208 2
43.6308 2
43.6408 4
43.6508 3
43.6608 2
43.6707 0
43.6807 0
43.6907 1
43.7007 2
43.7107 0
43.7207 5
43.7307 2
43.7407 4
43.7507 4
43.7607 3
43.7707 0
43.7806 3
43.7906 2
43.8006 2
43.8106 1
43.8206 2
43.8306 2
43.8406 2
43.8506 2
43.8606 5
43.8706 3
43.8806 2
43.8905 1
43.9005 1
43.9105 0
43.9205 2
43.9305 2
43.9405 1
43.9505 2
43.9605 1
43.9705 1
43.9805 2
43.9905 0
44.0005 5
44.0104 1
44.0204 2
44.0304 2
44.0404 2
44.0504 2
44.0604 3
44.0704 0
44.0804 2
44.0904 2
44.1004 2
44.1104 2
44.1203 2
44.1303 3
44.1403 1
44.1503 3
44.1603 4
44.1703 2
44.1803 2
44.1903 2
44.2003 1
44.2103 1
44.2203 0
44.2302 4
44.2402 0
44.2502 0
44.2602 5
44.2702 2
44.2802 4
44.2902 1
44.3002 2
44.3102 3
44.3202 4
44.3302 1
44.3401 4
44.3501 1
44.3601 0
44.3701 2
44.3801 2
44.3901 1
44.4001 1
44.4101 0
44.4201 1
44.4301 2
44.4401 2
44.45 0
44.46 3
44.47 2
44.48 3
44.49 2
44.5 2
44.51 1
44.52 2
44.53 1
44.54 1
44.55 3
44.5599 5
44.5699 2
44.5799 2
44.5899 0
44.5999 3
44.6099 2
44.6199 3
44.6299 2
44.6399 2
44.6499 2
44.6599 0
44.6698 0
44.6798 3
44.6898 1
44.6998 1
44.7098 1
44.7198 1
44.7298 1
44.7398 0
44.7498 1
44.7598 1
44.7698 1
44.7797 0
44.7897 6
44.7997 5
44.8097 2
44.8197 3
44.8297 2
44.8397 4
44.8497 2
44.8597 0
44.8697 1
44.8797 4
44.8896 5
44.8996 2
44.9096 2
44.9196 3
44.9296 0
44.9396 2
44.9496 0
44.9596 3
44.9696 2
44.9796 1
44.9896 1
44.9995 3
45.0095 1
45.0195 4
45.0295 3
45.0395 1
45.0495 4
45.0595 5
45.0695 4
45.0795 2
45.0895 1
45.0995 5
45.1095 3
45.1194 2
45.1294 0
45.1394 0
45.1494 3
45.1594 2
45.1694 1
45.1794 4
45.1894 1
45.1994 0
45.2094 1
45.2194 2
45.2293 1
45.2393 1
45.2493 0
45.2593 0
45.2693 2
45.2793 3
45.2893 2
45.2993 3
45.3093 0
45.3193 1
45.3293 2
45.3392 3
45.3492 1
45.3592 0
45.3692 2
45.3792 1
45.3892 2
45.3992 0
45.4092 2
45.4192 2
45.4292 1
45.4392 2
45.4491 2
45.4591 4
45.4691 2
45.4791 3
45.4891 1
45.4991 1
45.5091 3
45.5191 2
45.5291 3
45.5391 1
45.5491 1
45.559 1
45.569 2
45.579 0
45.589 2
45.599 0
45.609 3
45.619 4
45.629 1
45.639 0
45.649 2
45.659 4
45.6689 0
45.6789 2
45.6889 1
45.6989 3
45.7089 2
45.7189 1
45.7289 0
45.7389 2
45.7489 0
45.7589 2
45.7689 0
45.7788 1
45.7888 0
45.7988 4
45.8088 0
45.8188 5
45.8288 1
45.8388 2
45.8488 3
45.8588 2
45.8688 3
45.8788 4
45.8887 2
45.8987 4
45.9087 0
45.9187 1
45.9287 1
45.9387 1
45.9487 1
45.9587 5
45.9687 1
45.9787 1
45.9887 1
45.9986 3
46.0086 1
46.0186 0
46.0286 1
46.0386 2
46.0486 3
46.0586 4
46.0686 1
46.0786 1
46.0886 0
46.0986 3
46.1086 3
46.1185 2
46.1285 4
46.1385 0
46.1485 1
46.1585 2
46.1685 3
46.1785 5
46.1885 3
46.1985 3
46.2085 1
46.2185 1
46.2284 1
46.2384 1
46.2484 1
46.2584 1
46.2684 2
46.2784 3
46.2884 3
46.2984 0
46.3084 0
46.3184 0
46.3284 3
46.3383 1
46.3483 1
46.3583 0
46.3683 7
46.3783 1
46.3883 3
46.3983 4
46.4083 3
46.4183 3
46.4283 6
46.4383 3
46.4482 1
46.4582 2
46.4682 1
46.4782 0
46.4882 0
46.4982 2
46.5082 0
46.5182 0
46.5282 3
46.5382 5
46.5482 3
46.5581 3
46.5681 1
46.5781 1
46.5881 2
46.5981 2
46.6081 0
46.6181 4
46.6281 7
46.6381 6
46.6481 1
46.6581 2
46.668 1
46.678 0
46.688 3
46.698 1
46.708 1
46.718 4
46.728 1
46.738 0
46.748 1
46.758 2
46.768 1
46.7779 2
46.7879 1
46.7979 1
46.8079 3
46.8179 4
46.8279 2
46.8379 4
46.8479 1
46.8579 1
46.8679 3
46.8779 2
46.8878 2
46.8978 1
46.9078 3
46.9178 2
46.9278 2
46.9378 4
46.9478 1
46.9578 3
46.9678 2
46.9778 3
46.9878 2
46.9977 2
47.0077 0
47.0177 1
47.0277 1
47.0377 1
47.0477 0
47.0577 4
47.0677 2
47.0777 4
47.0877 2
47.0977 1
47.1077 2
47.1176 4
47.1276 2
47.1376 2
47.1476 1
47.1576 0
47.1676 1
47.1776 1
47.1876 2
47.1976 2
47.2076 2
47.2176 0
47.2275 3
47.2375 2
47.2475 2
47.2575 2
47.2675 2
47.2775 3
47.2875 3
47.2975 1
47.3075 0
47.3175 1
47.3275 3
47.3374 1
47.3474 5
47.3574 2
47.3674 2
47.3774 1
47.3874 2
47.3974 2
47.4074 1
47.4174 5
47.4274 3
47.4374 1
47.4473 1
47.4573 0
47.4673 3
47.4773 2
47.4873 2
47.4973 1
47.5073 2
47.5173 1
47.5273 1
47.5373 4
47.5473 0
47.5572 2
47.5672 3
47.5772 2
47.5872 2
47.5972 3
47.6072 1
47.6172 4
47.6272 0
47.6372 1
47.6472 3
47.6572 1
47.6671 6
47.6771 2
47.6871 2
47.6971 3
47.7071 1
47.7171 1
47.7271 0
47.7371 2
47.7471 1
47.7571 3
47.7671 1
47.777 3
47.787 3
47.797 0
47.807 4
47.817 5
47.827 1
47.837 2
47.847 1
47.857 2
47.867 0
47.877 3
47.8869 1
47.8969 1
47.9069 1
47.9169 3
47.9269 2
47.9369 3
47.9469 1
47.9569 2
47.9669 2
47.9769 2
47.9869 2
47.9968 3
48.0068 1
48.0168 3
48.0268 2
48.0368 2
48.0468 3
48.0568 2
48.0668 1
48.0768 0
48.0868 5
48.0968 3
48.1068 4
48.1167 4
48.1267 2
48.1367 1
48.1467 2
48.1567 3
48.1667 5
48.1767 1
48.1867 1
48.1967 2
48.2067 1
48.2167 2
48.2266 2
48.2366 0
48.2466 3
48.2566 3
48.2666 4
48.2766 2
48.2866 2
48.2966 2
48.3066 2
48.3166 4
48.3266 1
48.3365 0
48.3465 4
48.3565 0
48.3665 0
48.3765 2
48.3865 1
48.3965 0
48.4065 1
48.4165 2
48.4265 1
48.4365 0
48.4464 4
48.4564 1
48.4664 4
48.4764 0
48.4864 7
48.4964 1
48.5064 1
48.5164 1
48.5264 4
48.5364 3
48.5464 0
48.5563 1
48.5663 2
48.5763 2
48.5863 1
48.5963 1
48.6063 0
48.6163 2
48.6263 2
48.6363 2
48.6463 1
48.6563 1
48.6662 1
48.6762 2
48.6862 1
48.6962 2
48.7062 4
48.7162 2
48.7262 3
48.7362 2
48.7462 0
48.7562 2
48.7662 3
48.7761 1
48.7861 1
48.7961 1
48.8061 1
48.8161 2
48.8261 3
48.8361 1
48.8461 2
48.8561 1
48.8661 0
48.8761 3
48.886 4
48.896 1
48.906 2
48.916 0
48.926 1
48.936 6
48.946 4
48.956 1
48.966 3
48.976 4
48.986 0
48.9959 1
49.0059 4
49.0159 1
49.0259 1
49.0359 3
49.0459 0
49.0559 1
49.0659 2
49.0759 3
49.0859 1
49.0959 1
49.1059 2
49.1158 1
49.1258 1
49.1358 2
49.1458 2
49.1558 3
49.1658 5
49.1758 2
49.1858 2
49.1958 2
49.2058 0
49.2158 2
49.2257 1
49.2357 2
49.2457 1
49.2557 2
49.2657 2
49.2757 1
49.2857 1
49.2957 5
49.3057 2
49.3157 4
49.3257 3
49.3356 4
49.3456 2
49.3556 0
49.3656 1
49.3756 2
49.3856 2
49.3956 2
49.4056 0
49.4156 1
49.4256 2
49.4356 0
49.4455 1
49.4555 4
49.4655 1
49.4755 1
49.4855 3
49.4955 2
49.5055 1
49.5155 2
49.5255 1
49.5355 1
49.5455 3
49.5554 5
49.5654 2
49.5754 2
49.5854 3
49.5954 1
49.6054 1
49.6154 1
49.6254 1
49.6354 1
49.6454 0
49.6554 2
49.6653 2
49.6753 2
49.6853 0
49.6953 2
49.7053 2
49.7153 2
49.7253 1
49.7353 4
49.7453 0
49.7553 4
49.7653 2
49.7752 1
49.7852 2
49.7952 3
49.8052 0
49.8152 2
49.8252 1
49.8352 4
49.8452 2
49.8552 2
49.8652 2
49.8752 3
49.8851 2
49.8951 2
49.9051 4
49.9151 1
49.9251 2
49.9351 3
49.9451 3
49.9551 3
49.9651 0
49.9751 3
49.9851 0
49.995 1
50.005 1
50.015 0
50.025 0
50.035 2
50.045 5
50.055 2
50.065 0
50.075 1
50.085 0
50.095 2
50.105 1
50.1149 3
50.1249 3
50.1349 0
50.1449 3
50.1549 3
50.1649 3
50.1749 0
50.1849 1
50.1949 2
50.2049 4
50.2149 5
50.2248 2
50.2348 3
50.2448 0
50.2548 2
50.2648 0
50.2748 2
50.2848 2
50.2948 2
50.3048 4
50.3148 4
50.3248 1
50.3347 2
50.3447 3
50.3547 2
50.3647 3
50.3747 0
50.3847 2
50.3947 3
50.4047 3
50.4147 7
50.4247 3
50.4347 3
50.4446 4
50.4546 1
50.4646 8
50.4746 3
50.4846 2
50.4946 4
50.5046 2
50.5146 2
50.5246 2
50.5346 5
50.5446 1
50.5545 1
50.5645 3
50.5745 2
50.5845 1
50.5945 0
50.6045 0
50.6145 1
50.6245 2
50.6345 2
50.6445 0
50.6545 1
50.6644 1
50.6744 1
50.6844 3
50.6944 0
50.7044 2
50.7144 1
50.7244 1
50.7344 2
50.7444 1
50.7544 2
50.7644 2
50.7743 2
50.7843 1
50.7943 1
50.8043 1
50.8143 2
50.8243 0
50.8343 3
50.8443 2
50.8543 2
50.8643 1
50.8743 2
50.8842 3
50.8942 3
50.9042 2
50.9142 2
50.9242 1
50.9342 4
50.9442 2
50.9542 3
50.9642 1
50.9742 1
50.9842 1
50.9941 3
51.0041 1
51.0141 2
51.0241 3
51.0341 3
51.0441 0
51.0541 2
51.0641 2
51.0741 5
51.0841 5
51.0941 2
51.1041 1
51.114 0
51.124 1
51.134 1
51.144 1
51.154 3
51.164 5
51.174 3
51.184 2
51.194 1
51.204 2
51.214 0
51.2239 2
51.2339 1
51.2439 3
51.2539 1
51.2639 1
51.2739 4
51.2839 1
51.2939 0
51.3039 2
51.3139 2
51.3239 4
51.3338 2
51.3438 2
51.3538 3
51.3638 3
51.3738 2
51.3838 2
51.3938 1
51.4038 2
51.4138 2
51.4238 3
51.4338 4
51.4437 3
51.4537 5
51.4637 0
51.4737 2
51.4837 3
51.4937 1
51.5037 3
51.5137 4
51.5237 3
51.5337 1
51.5437 1
51.5536 1
51.5636 1
51.5736 3
51.5836 2
51.5936 2
51.6036 0
51.6136 1
51.6236 1
51.6336 2
51.6436 0
51.6536 4
51.6635 4
51.6735 2
51.6835 2
51.6935 2
51.7035 3
51.7135 2
51.7235 4
51.7335 1
51.7435 3
51.7535 7
51.7635 3
51.7734 0
51.7834 1
51.7934 1
51.8034 0
51.8134 1
51.8234 3
51.8334 1
51.8434 2
51.8534 1
51.8634 0
51.8734 0
51.8833 2
51.8933 1
51.9033 2
51.9133 0
51.9233 0
51.9333 2
51.9433 0
51.9533 2
51.9633 2
51.9733 3
51.9833 1
51.9932 4
52.0032 2
52.0132 1
52.0232 1
52.0332 4
52.0432 3
52.0532 2
52.0632 3
52.0732 1
52.0832 2
52.0932 2
52.1032 2
52.1131 6
52.1231 2
52.1331 3
52.1431 0
52.1531 3
52.1631 3
52.1731 1
52.1831 1
52.1931 3
52.2031 0
52.2131 3
52.223 6
52.233 4
52.243 3
52.253 0
52.263 1
52.273 2
52.283 3
52.293 3
52.303 4
52.313 3
52.323 2
52.3329 2
52.3429 1
52.3529 4
52.3629 1
52.3729 0
52.3829 1
52.3929 1
52.4029 1
52.4129 1
52.4229 0
52.4329 3
52.4428 3
52.4528 2
52.4628 0
52.4728 0
52.4828 2
52.4928 2
52.5028 3
52.5128 6
52.5228 1
52.5328 0
52.5428 4
52.5527 4
52.5627 3
52.5727 3
52.5827 3
52.5927 1
52.6027 4
52.6127 1
52.6227 2
52.6327 4
52.6427 4
52.6527 3
52.6626 1
52.6726 6
52.6826 4
52.6926 4
52.7026 2
52.7126 2
52.7226 2
52.7326 3
52.7426 4
52.7526 0
52.7626 0
52.7725 3
52.7825 0
52.7925 1
52.8025 3
52.8125 2
52.8225 3
52.8325 3
52.8425 1
52.8525 1
52.8625 2
52.8725 5
52.8824 2
52.8924 5
52.9024 4
52.9124 3
52.9224 5
52.9324 2
52.9424 1
52.9524 1
52.9624 3
52.9724 0
52.9824 0
52.9923 0
53.0023 3
53.0123 0
53.0223 4
53.0323 3
53.0423 3
53.0523 1
53.0623 2
53.0723 3
53.0823 2
53.0923 2
53.1023 0
53.1122 2
53.1222 3
53.1322 0
53.1422 1
53.1522 1
53.1622 1
53.1722 1
53.1822 1
53.1922 1
53.2022 1
53.2122 1
53.2221 3
53.2321 3
53.2421 2
53.2521 0
53.2621 2
53.2721 0
53.2821 2
53.2921 2
53.3021 0
53.3121 3
53.3221 3
53.332 1
53.342 1
53.352 2
53.362 1
53.372 2
53.382 5
53.392 4
53.402 2
53.412 4
53.422 2
53.432 1
53.4419 3
53.4519 1
53.4619 2
53.4719 5
53.4819 2
53.4919 2
53.5019 1
53.5119 1
53.5219 3
53.5319 3
53.5419 1
53.5518 2
53.5618 1
53.5718 0
53.5818 1
53.5918 0
53.6018 4
53.6118 0
53.6218 2
53.6318 4
53.6418 3
53.6518 5
53.6617 2
53.6717 1
53.6817 1
53.6917 5
53.7017 3
53.7117 3
53.7217 0
53.7317 1
53.7417 0
53.7517 2
53.7617 1
53.7716 2
53.7816 2
53.7916 1
53.8016 1
53.8116 2
53.8216 3
53.8316 0
53.8416 0
53.8516 1
53.8616 0
53.8716 8
53.8815 2
53.8915 1
53.9015 2
53.9115 0
53.9215 0
53.9315 2
53.9415 5
53.9515 6
53.9615 0
53.9715 3
53.9815 1
53.9914 2
54.0014 1
54.0114 2
54.0214 2
54.0314 4
54.0414 4
54.0514 2
54.0614 1
54.0714 1
54.0814 2
54.0914 1
54.1014 1
54.1113 3
54.1213 0
54.1313 2
54.1413 1
54.1513 0
54.1613 0
54.1713 2
54.1813 3
54.1913 3
54.2013 3
54.2113 2
54.2212 2
54.2312 1
54.2412 0
54.2512 3
54.2612 3
54.2712 2
54.2812 1
54.2912 7
54.3012 3
54.3112 3
54.3212 1
54.3311 4
54.3411 4
54.3511 4
54.3611 0
54.3711 3
54.3811 3
54.3911 1
54.4011 2
54.4111 1
54.4211 1
54.4311 2
54.441 3
54.451 2
54.461 3
54.471 3
54.481 1
54.491 7
54.501 5
54.511 0
54.521 4
54.531 2
54.541 2
54.5509 2
54.5609 4
54.5709 2
54.5809 1
54.5909 1
54.6009 1
54.6109 2
54.6209 2
54.6309 2
54.6409 2
54.6509 1
54.6608 0
54.6708 3
54.6808 0
54.6908 0
54.7008 1
54.7108 2
54.7208 3
54.7308 2
54.7408 2
54.7508 2
54.7608 3
54.7707 1
54.7807 2
54.7907 4
54.8007 1
54.8107 3
54.8207 3
54.8307 1
54.8407 1
54.8507 1
54.8607 2
54.8707 1
54.8806 2
54.8906 3
54.9006 3
54.9106 1
54.9206 6
54.9306 2
54.9406 5
54.9506 0
54.9606 0
54.9706 3
54.9806 2
54.9905 7
55.0005 2
55.0105 2
55.0205 1
55.0305 2
55.0405 1
55.0505 4
55.0605 3
55.0705 4
55.0805 0
55.0905 2
55.1005 6
55.1104 3
55.1204 2
55.1304 2
55.1404 0
55.1504 3
55.1604 4
55.1704 2
55.1804 1
55.1904 3
55.2004 3
55.2104 1
55.2203 0
55.2303 3
55.2403 3
55.2503 3
55.2603 2
55.2703 1
55.2803 1
55.2903 2
55.3003 0
55.3103 1
55.3203 0
55.3302 3
55.3402 4
55.3502 2
55.3602 3
55.3702 0
55.3802 1
55.3902 3
55.4002 2
55.4102 1
55.4202 1
55.4302 3
55.4401 3
55.4501 2
55.4601 3
55.4701 1
55.4801 2
55.4901 0
55.5001 2
55.5101 3
55.5201 3
55.5301 0
55.5401 3
55.55 1
55.56 4
55.57 1
55.58 1
55.59 0
55.6 1
55.61 3
55.62 2
55.63 2
55.64 1
55.65 6
55.6599 3
55.6699 7
55.6799 1
55.6899 4
55.6999 0
55.7099 1
55.7199 3
55.7299 3
55.7399 0
55.7499 3
55.7599 2
55.7698 2
55.7798 4
55.7898 3
55.7998 1
55.8098 2
55.8198 1
55.8298 3
55.8398 0
55.8498 4
55.8598 2
55.8698 3
55.8797 2
55.8897 1
55.8997 3
55.9097 1
55.9197 1
55.9297 0
55.9397 2
55.9497 2
55.9597 1
55.9697 4
55.9797 0
55.9896 1
55.9996 2
56.0096 1
56.0196 2
56.0296 3
56.0396 0
56.0496 3
56.0596 1
56.0696 4
56.0796 4
56.0896 5
56.0995 1
56.1095 6
56.1195 2
56.1295 1
56.1395 2
56.1495 3
56.1595 2
56.1695 3
56.1795 5
56.1895 1
56.1995 2
56.2095 0
56.2194 3
56.2294 2
56.2394 2
56.2494 1
56.2594 2
56.2694 2
56.2794 3
56.2894 2
56.2994 5
56.3094 1
56.3194 0
56.3293 1
56.3393 2
56.3493 2
56.3593 0
56.3693 1
56.3793 0
56.3893 3
56.3993 1
56.4093 1
56.4193 1
56.4293 3
56.4392 1
56.4492 4
56.4592 6
56.4692 0
56.4792 1
56.4892 3
56.4992 3
56.5092 3
56.5192 0
56.5292 2
56.5392 2
56.5491 3
56.5591 1
56.5691 0
56.5791 3
56.5891 1
56.5991 3
56.6091 2
56.6191 4
56.6291 0
56.6391 2
56.6491 5
56.659 3
56.669 2
56.679 3
56.689 4
56.699 2
56.709 2
56.719 2
56.729 1
56.739 0
56.749 0
56.759 1
56.7689 2
56.7789 0
56.7889 0
56.7989 2
56.8089 2
56.8189 2
56.8289 3
56.8389 1
56.8489 1
56.8589 3
56.8689 3
56.8788 2
56.8888 1
56.8988 0
56.9088 1
56.9188 1
56.9288 2
56.9388 3
56.9488 3
56.9588 4
56.9688 0
56.9788 5
56.9887 3
56.9987 4
57.0087 2
57.0187 2
57.0287 0
57.0387 1
57.0487 2
57.0587 3
57.0687 3
57.0787 2
57.0887 1
57.0986 1
57.1086 2
57.1186 3
57.1286 3
57.1386 2
57.1486 2
57.1586 2
57.1686 3
57.1786 2
57.1886 3
57.1986 2
57.2086 2
57.2185 2
57.2285 1
57.2385 0
57.2485 1
57.2585 0
57.2685 2
57.2785 2
57.2885 1
57.2985 2
57.3085 1
57.3185 2
57.3284 1
57.3384 2
57.3484 4
57.3584 3
57.3684 6
57.3784 2
57.3884 2
57.3984 3
57.4084 3
57.4184 1
57.4284 1
57.4383 1
57.4483 2
57.4583 3
57.4683 2
57.4783 1
57.4883 2
57.4983 3
57.5083 2
57.5183 1
57.5283 2
57.5383 2
57.5482 1
57.5582 2
57.5682 0
57.5782 1
57.5882 3
57.5982 0
57.6082 2
57.6182 1
57.6282 3
57.6382 4
57.6482 0
57.6581 3
57.6681 1
57.6781 1
57.6881 1
57.6981 2
57.7081 4
57.7181 5
57.7281 1
57.7381 4
57.7481 2
57.7581 1
57.768 1
57.778 2
57.788 0
57.798 1
57.808 3
57.818 0
57.828 4
57.838 0
57.848 3
57.858 4
57.868 2
57.8779 2
57.8879 2
57.8979 1
57.9079 3
57.9179 3
57.9279 0
57.9379 3
57.9479 1
57.9579 3
57.9679 5
57.9779 1
57.9878 2
57.9978 1
58.0078 1
58.0178 1
58.0278 3
58.0378 1
58.0478 2
58.0578 1
58.0678 0
58.0778 1
58.0878 1
58.0977 0
58.1077 3
58.1177 2
58.1277 1
58.1377 2
58.1477 4
58.1577 0
58.1677 2
58.1777 2
58.1877 4
58.1977 3
58.2077 1
58.2176 3
58.2276 0
58.2376 1
58.2476 0
58.2576 0
58.2676 2
58.2776 2
58.2876 1
58.2976 3
58.3076 1
58.3176 3
58.3275 1
58.3375 2
58.3475 0
58.3575 4
58.3675 3
58.3775 3
58.3875 3
58.3975 1
58.4075 2
58.4175 0
58.4275 3
58.4374 2
58.4474 0
58.4574 4
58.4674 0
58.4774 1
58.4874 2
58.4974 3
58.5074 0
58.5174 1
58.5274 2
58.5374 1
58.5473 3
58.5573 1
58.5673 1
58.5773 5
58.5873 4
58.5973 1
58.6073 1
58.6173 1
58.6273 2
58.6373 1
58.6473 9
58.6572 4
58.6672 3
58.6772 1
58.6872 1
58.6972 2
58.7072 0
58.7172 4
58.7272 2
58.7372 1
58.7472 2
58.7572 1
58.7671 2
58.7771 2
58.7871 0
58.7971 4
58.8071 4
58.8171 2
58.8271 3
58.8371 1
58.8471 2
58.8571 2
58.8671 0
58.877 1
58.887 5
58.897 4
58.907 1
58.917 3
58.927 2
58.937 2
58.947 3
58.957 1
58.967 2
58.977 2
58.9869 0
58.9969 0
59.0069 2
59.0169 4
59.0269 2
59.0369 0
59.0469 2
59.0569 3
59.0669 3
59.0769 2
59.0869 3
59.0968 3
59.1068 1
59.1168 3
59.1268 1
59.1368 1
59.1468 2
59.1568 3
59.1668 4
59.1768 2
59.1868 1
59.1968 0
59.2068 3
59.2167 0
59.2267 1
59.2367 3
59.2467 4
59.2567 2
59.2667 2
59.2767 2
59.2867 1
59.2967 3
59.3067 2
59.3167 2
59.3266 3
59.3366 1
59.3466 3
59.3566 1
59.3666 5
59.3766 3
59.3866 0
59.3966 1
59.4066 1
59.4166 0
59.4266 2
59.4365 2
59.4465 3
59.4565 1
59.4665 0
59.4765 1
59.4865 2
59.4965 1
59.5065 0
59.5165 4
59.5265 2
59.5365 1
59.5464 3
59.5564 3
59.5664 1
59.5764 1
59.5864 2
59.5964 3
59.6064 3
59.6164 2
59.6264 3
59.6364 1
59.6464 2
59.6563 1
59.6663 0
59.6763 2
59.6863 2
59.6963 2
59.7063 2
59.7163 3
59.7263 2
59.7363 2
59.7463 2
59.7563 0
59.7662 2
59.7762 2
59.7862 0
59.7962 2
59.8062 0
59.8162 2
59.8262 4
59.8362 4
59.8462 1
59.8562 4
59.8662 2
59.8761 2
59.8861 1
59.8961 2
59.9061 5
59.9161 2
59.9261 3
59.9361 2
59.9461 3
59.9561 2
59.9661 3
59.9761 2
59.986 2
59.996 3
60.006 1
60.016 1
60.026 4
60.036 4
60.046 2
60.056 4
60.066 3
60.076 1
60.086 1
60.0959 2
60.1059 1
60.1159 1
60.1259 0
60.1359 1
60.1459 3
60.1559 1
60.1659 2
60.1759 4
60.1859 3
60.1959 0
60.2059 5
60.2158 2
60.2258 3
60.2358 0
60.2458 2
60.2558 2
60.2658 6
60.2758 4
60.2858 3
60.2958 1
60.3058 0
60.3158 2
60.3257 1
60.3357 4
60.3457 4
60.3557 2
60.3657 1
60.3757 1
60.3857 0
60.3957 2
60.4057 1
60.4157 7
60.4257 3
60.4356 2
60.4456 1
60.4556 2
60.4656 3
60.4756 2
60.4856 1
60.4956 1
60.5056 3
60.5156 0
60.5256 2
60.5356 2
60.5455 1
60.5555 1
60.5655 1
60.5755 3
60.5855 3
60.5955 1
60.6055 2
60.6155 3
60.6255 3
60.6355 2
60.6455 3
60.6554 1
60.6654 3
60.6754 4
60.6854 1
60.6954 2
60.7054 0
60.7154 0
60.7254 1
60.7354 5
60.7454 0
60.7554 4
60.7653 0
60.7753 2
60.7853 5
60.7953 0
60.8053 2
60.8153 2
60.8253 1
60.8353 4
60.8453 1
60.8553 1
60.8653 2
60.8752 2
60.8852 2
60.8952 2
60.9052 3
60.9152 1
60.9252 4
60.9352 2
60.9452 2
60.9552 1
60.9652 3
60.9752 4
60.9851 0
60.9951 2
61.0051 3
61.0151 3
61.0251 4
61.0351 0
61.0451 3
61.0551 3
61.0651 2
61.0751 3
61.0851 1
61.095 1
61.105 2
61.115 3
61.125 4
61.135 1
61.145 2
61.155 2
61.165 2
61.175 2
61.185 1
61.195 3
61.205 0
61.2149 3
61.2249 2
61.2349 1
61.2449 2
61.2549 3
61.2649 1
61.2749 0
61.2849 1
61.2949 2
61.3049 0
61.3149 3
61.3248 4
61.3348 2
61.3448 2
61.3548 3
61.3648 2
61.3748 2
61.3848 1
61.3948 1
61.4048 5
61.4148 8
61.4248 5
61.4347 3
61.4447 1
61.4547 1
61.4647 0
61.4747 2
61.4847 1
61.4947 3
61.5047 2
61.5147 3
61.5247 2
61.5347 1
61.5446 3
61.5546 0
61.5646 1
61.5746 0
61.5846 2
61.5946 2
61.6046 2
61.6146 1
61.6246 1
61.6346 1
61.6446 1
61.6545 7
61.6645 1
61.6745 1
61.6845 1
61.6945 1
61.7045 2
61.7145 3
61.7245 2
61.7345 1
61.7445 1
61.7545 1
61.7644 4
61.7744 2
61.7844 0
61.7944 1
61.8044 2
61.8144 3
61.8244 4
61.8344 5
61.8444 3
61.8544 1
61.8644 2
61.8743 1
61.8843 1
61.8943 0
61.9043 2
61.9143 2
61.9243 2
61.9343 2
61.9443 0
61.9543 4
61.9643 0
61.9743 0
61.9842 1
61.9942 0
62.0042 3
62.0142 3
62.0242 4
62.0342 1
62.0442 2
62.0542 3
62.0642 2
62.0742 1
62.0842 0
62.0941 1
62.1041 1
62.1141 2
62.1241 4
62.1341 2
62.1441 3
62.1541 2
62.1641 4
62.1741 4
62.1841 3
62.1941 2
62.2041 1
62.214 1
62.224 2
62.234 1
62.244 3
62.254 5
62.264 1
62.274 2
62.284 2
62.294 5
62.304 2
62.314 2
62.3239 1
62.3339 1
62.3439 0
62.3539 2
62.3639 1
62.3739 3
62.3839 2
62.3939 2
62.4039 3
62.4139 1
62.4239 2
62.4338 2
62.4438 3
62.4538 2
62.4638 0
62.4738 2
62.4838 1
62.4938 5
62.5038 3
62.5138 0
62.5238 2
62.5338 2
62.5437 1
62.5537 0
62.5637 4
62.5737 2
62.5837 1
62.5937 0
62.6037 4
62.6137 4
62.6237 1
62.6337 3
62.6437 1
62.6536 1
62.6636 2
62.6736 3
62.6836 0
62.6936 2
62.7036 0
62.7136 2
62.7236 4
62.7336 2
62.7436 3
62.7536 4
62.7635 3
62.7735 1
62.7835 1
62.7935 3
62.8035 2
62.8135 3
62.8235 3
62.8335 1
62.8435 1
62.8535 2
62.8635 3
62.8734 2
62.8834 5
62.8934 1
62.9034 2
62.9134 2
62.9234 1
62.9334 3
62.9434 0
62.9534 2
62.9634 0
62.9734 1
62.9833 4
62.9933 2
63.0033 0
63.0133 4
63.0233 2
63.0333 4
63.0433 4
63.0533 3
63.0633 3
63.0733 1
63.0833 2
63.0932 2
63.1032 6
63.1132 2
63.1232 1
63.1332 1
63.1432 1
63.1532 2
63.1632 2
63.1732 1
63.1832 4
63.1932 0
63.2032 0
63.2131 2
63.2231 4
63.2331 2
63.2431 1
63.2531 2
63.2631 1
63.2731 2
63.2831 2
63.2931 0
63.3031 4
63.3131 1
63.323 3
63.333 3
63.343 1
63.353 2
63.363 1
63.373 0
63.383 1
63.393 1
63.403 3
63.413 3
63.423 0
63.4329 2
63.4429 5
63.4529 2
63.4629 4
63.4729 1
63.4829 1
63.4929 2
63.5029 2
63.5129 2
63.5229 2
63.5329 1
63.5428 2
63.5528 0
63.5628 2
63.5728 2
63.5828 1
63.5928 2
63.6028 0
63.6128 1
63.6228 0
63.6328 1
63.6428 2
63.6527 3
63.6627 2
63.6727 7
63.6827 6
63.6927 4
63.7027 2
63.7127 1
63.7227 1
63.7327 1
63.7427 0
63.7527 1
63.7626 1
63.7726 3
63.7826 1
63.7926 3
63.8026 1
63.8126 4
63.8226 1
63.8326 3
63.8426 0
63.8526 0
63.8626 1
63.8725 1
63.8825 2
63.8925 4
63.9025 1
63.9125 1
63.9225 0
63.9325 3
63.9425 0
63.9525 5
63.9625 2
63.9725 3
63.9824 1
63.9924 2
64.0024 1
64.0124 1
64.0224 1
64.0324 1
64.0424 1
64.0524 3
64.0624 2
64.0724 2
64.0824 2
64.0923 2
64.1023 2
64.1123 3
64.1223 1
64.1323 3
64.1423 4
64.1523 1
64.1623 4
64.1723 2
64.1823 0
64.1923 2
64.2023 4
64.2122 3
64.2222 2
64.2322 0
64.2422 1
64.2522 5
64.2622 1
64.2722 3
64.2822 3
64.2922 0
64.3022 1
64.3122 0
64.3221 2
64.3321 1
64.3421 4
64.3521 2
64.3621 5
64.3721 1
64.3821 3
64.3921 1
64.4021 1
64.4121 1
64.4221 3
64.432 6
64.442 2
64.452 1
64.462 2
64.472 1
64.482 3
64.492 1
64.502 4
64.512 4
64.522 4
64.532 2
64.5419 2
64.5519 3
64.5619 0
64.5719 1
64.5819 1
64.5919 2
64.6019 1
64.6119 2
64.6219 2
64.6319 1
64.6419 0
64.6518 0
64.6618 1
64.6718 0
64.6818 2
64.6918 1
64.7018 3
64.7118 4
64.7218 2
64.7318 1
64.7418 1
64.7518 3
64.7617 3
64.7717 3
64.7817 1
64.7917 1
64.8017 0
64.8117 0
64.8217 2
64.8317 0
64.8417 4
64.8517 1
64.8617 1
64.8716 1
64.8816 1
64.8916 1
64.9016 2
64.9116 2
64.9216 1
64.9316 3
64.9416 2
64.9516 2
64.9616 1
64.9716 1
64.9815 5
64.9915 3
65.0015 1
65.0115 4
65.0215 2
65.0315 3
65.0415 2
65.0515 2
65.0615 1
65.0715 0
65.0815 1
65.0914 2
65.1014 3
65.1114 2
65.1214 1
65.1314 1
65.1414 1
65.1514 4
65.1614 6
65.1714 0
65.1814 2
65.1914 1
65.2014 2
65.2113 1
65.2213 4
65.2313 0
65.2413 2
65.2513 2
65.2613 2
65.2713 2
65.2813 1
65.2913 1
65.3013 1
65.3113 3
65.3212 1
65.3312 5
65.3412 3
65.3512 1
65.3612 0
65.3712 0
65.3812 1
65.3912 0
65.4012 1
65.4112 2
65.4212 0
65.4311 2
65.4411 2
65.4511 1
65.4611 0
65.4711 2
65.4811 1
65.4911 2
65.5011 5
65.5111 2
65.5211 2
65.5311 1
65.541 1
65.551 0
65.561 1
65.571 4
65.581 2
65.591 1
65.601 1
65.611 2
65.621 3
65.631 0
65.641 1
65.6509 3
65.6609 1
65.6709 4
65.6809 0
65.6909 2
65.7009 5
65.7109 2
65.7209 2
65.7309 2
65.7409 2
65.7509 2
65.7608 2
65.7708 0
65.7808 0
65.7908 3
65.8008 3
65.8108 0
65.8208 3
65.8308 0
65.8408 2
65.8508 3
65.8608 0
65.8707 0
65.8807 2
65.8907 1
65.9007 2
65.9107 1
65.9207 0
65.9307 1
65.9407 2
65.9507 1
65.9607 3
65.9707 5
65.9806 2
65.9906 1
66.0006 0
66.0106 2
66.0206 3
66.0306 2
66.0406 0
66.0506 4
66.0606 2
66.0706 2
66.0806 1
66.0905 2
66.1005 3
66.1105 4
66.1205 2
66.1305 0
66.1405 0
66.1505 2
66.1605 3
66.1705 0
66.1805 1
66.1905 2
66.2005 4
66.2104 4
66.2204 0
66.2304 2
66.2404 2
66.2504 2
66.2604 1
66.2704 2
66.2804 1
66.2904 1
66.3004 2
66.3104 2
66.3203 3
66.3303 1
66.3403 4
66.3503 3
66.3603 0
66.3703 3
66.3803 1
66.3903 2
66.4003 1
66.4103 3
66.4203 1
66.4302 1
66.4402 1
66.4502 2
66.4602 3
66.4702 1
66.4802 2
66.4902 1
66.5002 2
66.5102 1
66.5202 2
66.5302 1
66.5401 1
66.5501 2
66.5601 1
66.5701 1
66.5801 5
66.5901 1
66.6001 2
66.6101 1
66.6201 3
66.6301 2
66.6401 1
66.65 1
66.66 2
66.67 4
66.68 0
66.69 2
66.7 3
66.71 0
66.72 4
66.73 2
66.74 1
66.75 5
66.7599 3
66.7699 1
66.7799 0
66.7899 0
66.7999 2
66.8099 1
66.8199 3
66.8299 2
66.8399 3
66.8499 2
66.8599 3
66.8698 0
66.8798 2
66.8898 0
66.8998 2
66.9098 2
66.9198 0
66.9298 1
66.9398 1
66.9498 1
66.9598 2
66.9698 0
66.9797 0
66.9897 2
66.9997 1
67.0097 2
67.0197 3
67.0297 1
67.0397 1
67.0497 3
67.0597 6
67.0697 4
67.0797 3
67.0896 2
67.0996 1
67.1096 1
67.1196 2
67.1296 5
67.1396 4
67.1496 2
67.1596 2
67.1696 2
67.1796 6
67.1896 2
67.1995 1
67.2095 0
67.2195 3
67.2295 1
67.2395 2
67.2495 0
67.2595 1
67.2695 2
67.2795 0
67.2895 1
67.2995 1
67.3095 2
67.3194 2
67.3294 1
67.3394 1
67.3494 4
67.3594 1
67.3694 1
67.3794 1
67.3894 2
67.3994 3
67.4094 2
67.4194 1
67.4293 3
67.4393 2
67.4493 1
67.4593 3
67.4693 1
67.4793 0
67.4893 1
67.4993 1
67.5093 2
67.5193 4
67.5293 1
67.5392 1
67.5492 2
67.5592 0
67.5692 2
67.5792 1
67.5892 2
67.5992 6
67.6092 2
67.6192 5
67.6292 1
67.6392 3
67.6491 1
67.6591 1
67.6691 3
67.6791 4
67.6891 2
67.6991 4
67.7091 1
67.7191 2
67.7291 0
67.7391 1
67.7491 1
67.759 0
67.769 0
67.779 3
67.789 1
67.799 0
67.809 2
67.819 2
67.829 1
67.839 1
67.849 2
67.859 0
67.8689 2
67.8789 3
67.8889 1
67.8989 4
67.9089 2
67.9189 0
67.9289 1
67.9389 1
67.9489 1
67.9589 3
67.9689 2
67.9788 2
67.9888 2
67.9988 2
68.0088 2
68.0188 4
68.0288 3
68.0388 2
68.0488 1
68.0588 1
68.0688 2
68.0788 2
68.0887 3
68.0987 3
68.1087 1
68.1187 3
68.1287 3
68.1387 3
68.1487 1
68.1587 2
68.1687 1
68.1787 1
68.1887 0
68.1986 1
68.2086 2
68.2186 0
68.2286 4
68.2386 2
68.2486 2
68.2586 2
68.2686 1
68.2786 1
68.2886 0
68.2986 3
68.3086 1
68.3185 0
68.3285 2
68.3385 3
68.3485 3
68.3585 2
68.3685 1
68.3785 4
68.3885 5
68.3985 2
68.4085 2
68.4185 0
68.4284 1
68.4384 2
68.4484 1
68.4584 1
68.4684 1
68.4784 2
68.4884 2
68.4984 3
68.5084 0
68.5184 1
68.5284 1
68.5383 5
68.5483 2
68.5583 2
68.5683 1
68.5783 4
68.5883 0
68.5983 0
68.6083 1
68.6183 0
68.6283 2
68.6383 1
68.6482 3
68.6582 2
68.6682 1
68.6782 0
68.6882 0
68.6982 2
68.7082 1
68.7182 0
68.7282 3
68.7382 0
68.7482 4
68.7581 1
68.7681 2
68.7781 3
68.7881 2
68.7981 4
68.8081 2
68.8181 3
68.8281 2
68.8381 0
68.8481 4
68.8581 3
68.868 0
68.878 1
68.888 0
68.898 1
68.908 3
68.918 2
68.928 2
68.938 1
68.948 6
68.958 1
68.968 1
68.9779 1
68.9879 2
68.9979 2
69.0079 2
69.0179 3
69.0279 2
69.0379 2
69.0479 0
69.0579 4
69.0679 1
69.0779 2
69.0878 0
69.0978 2
69.1078 0
69.1178 8
69.1278 0
69.1378 3
69.1478 2
69.1578 2
69.1678 0
69.1778 0
69.1878 1
69.1977 1
69.2077 1
69.2177 4
69.2277 2
69.2377 7
69.2477 1
69.2577 1
69.2677 2
69.2777 2
69.2877 1
69.2977 1
69.3077 3
69.3176 2
69.3276 3
69.3376 2
69.3476 2
69.3576 0
69.3676 1
69.3776 4
69.3876 2
69.3976 0
69.4076 5
69.4176 1
69.4275 0
69.4375 1
69.4475 1
69.4575 2
69.4675 4
69.4775 3
69.4875 4
69.4975 2
69.5075 1
69.5175 2
69.5275 1
69.5374 1
69.5474 2
69.5574 2
69.5674 4
69.5774 0
69.5874 1
69.5974 3
69.6074 1
69.6174 2
69.6274 1
69.6374 4
69.6473 2
69.6573 1
69.6673 3
69.6773 3
69.6873 2
69.6973 3
69.7073 2
69.7173 2
69.7273 1
69.7373 3
69.7473 0
69.7572 1
69.7672 2
69.7772 0
69.7872 4
69.7972 2
69.8072 2
69.8172 3
69.8272 2
69.8372 1
69.8472 3
69.8572 1
69.8671 2
69.8771 4
69.8871 2
69.8971 1
69.9071 2
69.9171 1
69.9271 0
69.9371 3
69.9471 4
69.9571 3
69.9671 3
69.977 2
69.987 0
69.997 2
70.007 1
70.017 1
70.027 2
70.037 1
70.047 1
70.057 2
70.067 2
70.077 1
70.0869 1
70.0969 7
70.1069 4
70.1169 3
70.1269 3
70.1369 1
70.1469 3
70.1569 1
70.1669 2
70.1769 1
70.1869 4
70.1968 2
70.2068 2
70.2168 1
70.2268 0
70.2368 3
70.2468 4
70.2568 1
70.2668 5
70.2768 1
70.2868 0
70.2968 3
70.3068 3
70.3167 3
70.3267 0
70.3367 0
70.3467 2
70.3567 1
70.3667 1
70.3767 3
70.3867 3
70.3967 1
70.4067 4
70.4167 1
70.4266 1
70.4366 2
70.4466 1
70.4566 1
70.4666 2
70.4766 1
70.4866 3
70.4966 1
70.5066 2
70.5166 3
70.5266 2
70.5365 1
70.5465 1
70.5565 2
70.5665 6
70.5765 1
70.5865 1
70.5965 0
70.6065 2
70.6165 0
70.6265 0
70.6365 3
70.6464 1
70.6564 4
70.6664 3
70.6764 3
70.6864 3
70.6964 3
70.7064 2
70.7164 2
70.7264 2
70.7364 3
70.7464 1
70.7563 3
70.7663 0
70.7763 3
70.7863 4
70.7963 3
70.8063 2
70.8163 0
70.8263 0
70.8363 0
70.8463 1
70.8563 4
70.8662 1
70.8762 1
70.8862 1
70.8962 0
70.9062 0
70.9162 2
70.9262 4
70.9362 3
70.9462 1
70.9562 2
70.9662 1
70.9761 0
70.9861 3
70.9961 3
71.0061 1
71.0161 0
71.0261 3
71.0361 0
71.0461 3
71.0561 1
71.0661 7
71.0761 3
71.086 1
71.096 1
71.106 2
71.116 1
71.126 3
71.136 1
71.146 0
71.156 0
71.166 2
71.176 1
71.186 0
71.1959 3
71.2059 2
71.2159 2
71.2259 2
71.2359 2
71.2459 4
71.2559 2
71.2659 1
71.2759 3
71.2859 2
71.2959 2
71.3059 2
71.3158 3
71.3258 3
71.3358 2
71.3458 2
71.3558 2
71.3658 1
71.3758 4
71.3858 3
71.3958 0
71.4058 3
71.4158 4
71.4257 1
71.4357 1
71.4457 3
71.4557 3
71.4657 0
71.4757 3
71.4857 3
71.4957 1
71.5057 2
71.5157 0
71.5257 0
71.5356 2
71.5456 2
71.5556 4
71.5656 1
71.5756 0
71.5856 3
71.5956 3
71.6056 0
71.6156 1
71.6256 1
71.6356 2
71.6455 1
71.6555 3
71.6655 1
71.6755 4
71.6855 4
71.6955 0
71.7055 0
71.7155 1
71.7255 2
71.7355 7
71.7455 3
71.7554 3
71.7654 1
71.7754 5
71.7854 3
71.7954 4
71.8054 3
71.8154 3
71.8254 3
71.8354 1
71.8454 2
71.8554 2
71.8653 1
71.8753 1
71.8853 4
71.8953 1
71.9053 1
71.9153 3
71.9253 2
71.9353 0
71.9453 0
71.9553 4
71.9653 0
71.9752 2
71.9852 1
71.9952 1
72.0052 1
72.0152 0
72.0252 3
72.0352 3
72.0452 0
72.0552 0
72.0652 3
72.0752 2
72.0851 2
72.0951 5
72.1051 2
72.1151 1
72.1251 3
72.1351 2
72.1451 2
72.1551 0
72.1651 3
72.1751 3
72.1851 0
72.195 0
72.205 3
72.215 4
72.225 0
72.235 2
72.245 2
72.255 0
72.265 2
72.275 1
72.285 2
72.295 2
72.305 1
72.3149 3
72.3249 0
72.3349 1
72.3449 3
72.3549 4
72.3649 1
72.3749 3
72.3849 1
72.3949 1
72.4049 4
72.4149 1
72.4248 1
72.4348 2
72.4448 3
72.4548 2
72.4648 2
72.4748 1
72.4848 0
72.4948 4
72.5048 0
72.5148 3
72.5248 1
72.5347 2
72.5447 2
72.5547 1
72.5647 1
72.5747 2
72.5847 2
72.5947 2
72.6047 2
72.6147 4
72.6247 4
72.6347 1
72.6446 5
72.6546 1
72.6646 3
72.6746 2
72.6846 4
72.6946 3
72.7046 2
72.7146 1
72.7246 1
72.7346 4
72.7446 3
72.7545 1
72.7645 2
72.7745 2
72.7845 1
72.7945 2
72.8045 1
72.8145 1
72.8245 3
72.8345 2
72.8445 2
72.8545 0
72.8644 1
72.8744 3
72.8844 0
72.8944 1
72.9044 1
72.9144 4
72.9244 4
72.9344 4
72.9444 4
72.9544 1
72.9644 3
72.9743 3
72.9843 2
72.9943 1
73.0043 1
73.0143 3
73.0243 1
73.0343 3
73.0443 3
73.0543 0
73.0643 3
73.0743 2
73.0842 2
73.0942 1
73.1042 0
73.1142 1
73.1242 2
73.1342 2
73.1442 4
73.1542 0
73.1642 6
73.1742 4
73.1842 1
73.1941 4
73.2041 2
73.2141 2
73.2241 2
73.2341 2
73.2441 0
73.2541 3
73.2641 3
73.2741 5
73.2841 4
73.2941 2
73.3041 2
73.314 2
73.324 1
73.334 1
73.344 2
73.354 2
73.364 1
73.374 3
73.384 0
73.394 1
73.404 1
73.414 2
73.4239 3
73.4339 2
73.4439 2
73.4539 5
73.4639 2
73.4739 2
73.4839 3
73.4939 3
73.5039 4
73.5139 2
73.5239 5
73.5338 2
73.5438 3
73.5538 2
73.5638 1
73.5738 0
73.5838 1
73.5938 0
73.6038 1
73.6138 2
73.6238 3
73.6338 2
73.6437 0
73.6537 1
73.6637 4
73.6737 2
73.6837 3
73.6937 2
73.7037 4
73.7137 5
73.7237 0
73.7337 3
73.7437 1
73.7536 2
73.7636 5
73.7736 3
73.7836 2
73.7936 2
73.8036 1
73.8136 2
73.8236 2
73.8336 3
73.8436 2
73.8536 1
73.8635 3
73.8735 0
73.8835 1
73.8935 3
73.9035 3
73.9135 2
73.9235 2
73.9335 0
73.9435 4
73.9535 4
73.9635 3
73.9734 2
73.9834 4
73.9934 2
74.0034 1
74.0134 1
74.0234 0
74.0334 2
74.0434 2
74.0534 1
74.0634 2
74.0734 1
74.0833 4
74.0933 3
74.1033 0
74.1133 3
74.1233 1
74.1333 0
74.1433 0
74.1533 2
74.1633 0
74.1733 3
74.1833 2
74.1932 3
74.2032 2
74.2132 1
74.2232 0
74.2332 1
74.2432 4
74.2532 0
74.2632 3
74.2732 3
74.2832 3
74.2932 4
74.3032 2
74.3131 3
74.3231 5
74.3331 1
74.3431 2
74.3531 3
74.3631 3
74.3731 0
74.3831 1
74.3931 1
74.4031 2
74.4131 3
74.423 2
74.433 1
74.443 2
74.453 0
74.463 3
74.473 3
74.483 2
74.493 2
74.503 3
74.513 3
74.523 2
74.5329 1
74.5429 3
74.5529 2
74.5629 1
74.5729 5
74.5829 2
74.5929 3
74.6029 1
74.6129 4
74.6229 3
74.6329 3
74.6428 2
74.6528 2
74.6628 0
74.6728 1
74.6828 4
74.6928 4
74.7028 2
74.7128 1
74.7228 4
74.7328 3
74.7428 2
74.7527 1
74.7627 1
74.7727 4
74.7827 2
74.7927 2
74.8027 1
74.8127 5
74.8227 2
74.8327 4
74.8427 0
74.8527 2
74.8626 2
74.8726 4
74.8826 4
74.8926 2
74.9026 1
74.9126 3
74.9226 1
74.9326 4
74.9426 1
74.9526 3
74.9626 3
74.9725 2
74.9825 4
74.9925 1
75.0025 2
75.0125 3
75.0225 1
75.0325 2
75.0425 2
75.0525 2
75.0625 0
75.0725 2
75.0824 4
75.0924 0
75.1024 2
75.1124 4
75.1224 2
75.1324 3
75.1424 1
75.1524 0
75.1624 0
75.1724 2
75.1824 1
75.1923 2
75.2023 3
75.2123 1
75.2223 0
75.2323 2
75.2423 2
75.2523 0
75.2623 1
75.2723 2
75.2823 2
75.2923 0
75.3023 3
75.3122 3
75.3222 2
75.3322 1
75.3422 3
75.3522 1
75.3622 4
75.3722 2
75.3822 3
75.3922 0
75.4022 3
75.4122 2
75.4221 4
75.4321 1
75.4421 1
75.4521 7
75.4621 3
75.4721 1
75.4821 4
75.4921 2
75.5021 1
75.5121 2
75.5221 2
75.532 4
75.542 1
75.552 1
75.562 1
75.572 3
75.582 1
75.592 3
75.602 1
75.612 1
75.622 0
75.632 3
75.6419 2
75.6519 0
75.6619 0
75.6719 2
75.6819 4
75.6919 3
75.7019 0
75.7119 2
75.7219 1
75.7319 1
75.7419 4
75.7518 2
75.7618 2
75.7718 1
75.7818 2
75.7918 2
75.8018 2
75.8118 4
75.8218 3
75.8318 1
75.8418 2
75.8518 0
75.8617 0
75.8717 3
75.8817 1
75.8917 2
75.9017 4
75.9117 0
75.9217 1
75.9317 3
75.9417 3
75.9517 1
75.9617 4
75.9716 3
75.9816 1
75.9916 2
76.0016 4
76.0116 0
76.0216 4
76.0316 4
76.0416 2
76.0516 2
76.0616 3
76.0716 1
76.0815 2
76.0915 3
76.1015 2
76.1115 3
76.1215 1
76.1315 4
76.1415 4
76.1515 4
76.1615 2
76.1715 3
76.1815 1
76.1914 1
76.2014 2
76.2114 0
76.2214 0
76.2314 4
76.2414 2
76.2514 2
76.2614 7
76.2714 2
76.2814 1
76.2914 1
76.3014 1
76.3113 4
76.3213 1
76.3313 1
76.3413 1
76.3513 3
76.3613 4
76.3713 0
76.3813 3
76.3913 2
76.4013 2
76.4113 1
76.4212 1
76.4312 5
76.4412 3
76.4512 1
76.4612 2
76.4712 1
76.4812 0
76.4912 2
76.5012 1
76.5112 1
76.5212 3
76.5311 4
76.5411 4
76.5511 1
76.5611 2
76.5711 0
76.5811 3
76.5911 0
76.6011 2
76.6111 3
76.6211 0
76.6311 1
76.641 1
76.651 1
76.661 4
76.671 2
76.681 1
76.691 1
76.701 2
76.711 2
76.721 5
76.731 2
76.741 5
76.7509 3
76.7609 4
76.7709 1
76.7809 1
76.7909 1
76.8009 2
76.8109 3
76.8209 0
76.8309 3
76.8409 3
76.8509 1
76.8608 3
76.8708 2
76.8808 4
76.8908 2
76.9008 3
76.9108 2
76.9208 2
76.9308 3
76.9408 2
76.9508 2
76.9608 2
76.9707 3
76.9807 2
76.9907 2
77.0007 0
77.0107 4
77.0207 1
77.0307 3
77.0407 3
77.0507 2
77.0607 2
77.0707 1
77.0806 1
77.0906 2
77.1006 2
77.1106 2
77.1206 3
77.1306 1
77.1406 4
77.1506 2
77.1606 1
77.1706 1
77.1806 3
77.1905 2
77.2005 2
77.2105 2
77.2205 2
77.2305 1
77.2405 3
77.2505 6
77.2605 1
77.2705 2
77.2805 4
77.2905 1
77.3005 3
77.3104 4
77.3204 2
77.3304 1
77.3404 1
77.3504 4
77.3604 1
77.3704 1
77.3804 3
77.3904 0
77.4004 2
77.4104 1
77.4203 3
77.4303 6
77.4403 3
77.4503 2
77.4603 2
77.4703 2
77.4803 5
77.4903 1
77.5003 4
77.5103 4
77.5203 3
77.5302 2
77.5402 1
77.5502 1
77.5602 4
77.5702 3
77.5802 2
77.5902 1
77.6002 5
77.6102 4
77.6202 1
77.6302 0
77.6401 1
77.6501 2
77.6601 0
77.6701 0
77.6801 0
77.6901 1
77.7001 2
77.7101 4
77.7201 4
77.7301 1
77.7401 2
77.75 4
77.76 2
77.77 1
77.78 2
77.79 2
77.8 3
77.81 3
77.82 3
77.83 1
77.84 3
77.85 2
77.8599 5
77.8699 2
77.8799 1
77.8899 5
77.8999 1
77.9099 1
77.9199 1
77.9299 2
77.9399 1
77.9499 0
77.9599 1
77.9698 3
77.9798 2
77.9898 0
77.9998 3
78.0098 2
78.0198 2
78.0298 2
78.0398 1
78.0498 1
78.0598 3
78.0698 1
78.0797 3
78.0897 4
78.0997 0
78.1097 1
78.1197 0
78.1297 2
78.1397 2
78.1497 3
78.1597 0
78.1697 2
78.1797 1
78.1896 2
78.1996 0
78.2096 1
78.2196 4
78.2296 0
78.2396 0
78.2496 0
78.2596 2
78.2696 4
78.2796 2
78.2896 0
78.2995 2
78.3095 2
78.3195 3
78.3295 0
78.3395 0
78.3495 2
78.3595 3
78.3695 0
78.3795 3
78.3895 1
78.3995 1
78.4095 3
78.4194 3
78.4294 3
78.4394 3
78.4494 2
78.4594 5
78.4694 3
78.4794 4
78.4894 3
78.4994 2
78.5094 3
78.5194 2
78.5293 2
78.5393 4
78.5493 2
78.5593 2
78.5693 3
78.5793 2
78.5893 3
78.5993 2
78.6093 3
78.6193 0
78.6293 2
78.6392 2
78.6492 2
78.6592 2
78.6692 3
78.6792 1
78.6892 4
78.6992 3
78.7092 5
78.7192 1
78.7292 4
78.7392 2
78.7491 3
78.7591 3
78.7691 3
78.7791 0
78.7891 3
78.7991 2
78.8091 0
78.8191 2
78.8291 5
78.8391 1
78.8491 1
78.859 3
78.869 1
78.879 2
78.889 3
78.899 2
78.909 2
78.919 3
78.929 2
78.939 0
78.949 0
78.959 1
78.9689 3
78.9789 0
78.9889 4
78.9989 4
79.0089 2
79.0189 4
79.0289 0
79.0389 0
79.0489 3
79.0589 4
79.0689 4
79.0788 2
79.0888 3
79.0988 3
79.1088 2
79.1188 2
79.1288 1
79.1388 2
79.1488 2
79.1588 3
79.1688 2
79.1788 0
79.1887 2
79.1987 2
79.2087 2
79.2187 1
79.2287 0
79.2387 3
79.2487 2
79.2587 2
79.2687 2
79.2787 2
79.2887 3
79.2986 2
79.3086 1
79.3186 2
79.3286 4
79.3386 0
79.3486 2
79.3586 1
79.3686 2
79.3786 2
79.3886 1
79.3986 4
79.4086 3
79.4185 1
79.4285 2
79.4385 3
79.4485 3
79.4585 3
79.4685 2
79.4785 4
79.4885 4
79.4985 4
79.5085 2
79.5185 3
79.5284 4
79.5384 1
79.5484 3
79.5584 3
79.5684 2
79.5784 4
79.5884 4
79.5984 5
79.6084 3
79.6184 2
79.6284 1
79.6383 1
79.6483 2
79.6583 3
79.6683 1
79.6783 3
79.6883 2
79.6983 1
79.7083 3
79.7183 2
79.7283 2
79.7383 0
79.7482 3
79.7582 1
79.7682 1
79.7782 2
79.7882 0
79.7982 0
79.8082 3
79.8182 3
79.8282 3
79.8382 0
79.8482 0
79.8581 3
79.8681 1
79.8781 1
79.8881 1
79.8981 3
79.9081 0
79.9181 1
79.9281 3
79.9381 1
79.9481 2
79.9581 2
79.968 0
79.978 0
79.988 3
79.998 0
80.008 1
80.018 3
80.028 2
80.038 1
80.048 1
80.058 0
80.068 3
80.0779 6
80.0879 2
80.0979 3
80.1079 1
80.1179 1
80.1279 0
80.1379 3
80.1479 1
80.1579 1
80.1679 1
80.1779 2
80.1878 1
80.1978 0
80.2078 2
80.2178 5
80.2278 1
80.2378 2
80.2478 1
80.2578 3
80.2678 0
80.2778 1
80.2878 3
80.2977 2
80.3077 2
80.3177 0
80.3277 2
80.3377 4
80.3477 5
80.3577 2
80.3677 3
80.3777 5
80.3877 0
80.3977 3
80.4077 3
80.4176 3
80.4276 1
80.4376 4
80.4476 1
80.4576 2
80.4676 2
80.4776 1
80.4876 1
80.4976 1
80.5076 2
80.5176 4
80.5275 1
80.5375 5
80.5475 2
80.5575 3
80.5675 0
80.5775 1
80.5875 2
80.5975 4
80.6075 2
80.6175 2
80.6275 2
80.6374 2
80.6474 5
80.6574 5
80.6674 3
80.6774 3
80.6874 4
80.6974 3
80.7074 4
80.7174 0
80.7274 2
80.7374 1
80.7473 4
80.7573 0
80.7673 0
80.7773 1
80.7873 3
80.7973 3
80.8073 3
80.8173 2
80.8273 0
80.8373 1
80.8473 0
80.8572 1
80.8672 2
80.8772 0
80.8872 2
80.8972 3
80.9072 4
80.9172 2
80.9272 0
80.9372 3
80.9472 6
80.9572 2
80.9671 3
80.9771 2
80.9871 3
80.9971 6
81.0071 1
81.0171 1
81.0271 2
81.0371 1
81.0471 2
81.0571 2
81.0671 2
81.077 0
81.087 3
81.097 0
81.107 2
81.117 2
81.127 3
81.137 5
81.147 2
81.157 2
81.167 3
81.177 4
81.1869 1
81.1969 2
81.2069 2
81.2169 1
81.2269 3
81.2369 4
81.2469 3
81.2569 0
81.2669 5
81.2769 0
81.2869 2
81.2968 4
81.3068 1
81.3168 2
81.3268 3
81.3368 3
81.3468 2
81.3568 2
81.3668 0
81.3768 1
81.3868 3
81.3968 1
81.4068 0
81.4167 3
81.4267 1
81.4367 0
81.4467 2
81.4567 2
81.4667 3
81.4767 1
81.4867 2
81.4967 1
81.5067 0
81.5167 0
81.5266 0
81.5366 3
81.5466 3
81.5566 4
81.5666 2
81.5766 4
81.5866 1
81.5966 0
81.6066 3
81.6166 0
81.6266 0
81.6365 4
81.6465 3
81.6565 1
81.6665 1
81.6765 2
81.6865 2
81.6965 3
81.7065 3
81.7165 1
81.7265 2
81.7365 2
81.7464 3
81.7564 3
81.7664 6
81.7764 6
81.7864 4
81.7964 0
81.8064 2
81.8164 2
81.8264 3
81.8364 1
81.8464 0
81.8563 1
81.8663 0
81.8763 0
81.8863 3
81.8963 2
81.9063 2
81.9163 3
81.9263 1
81.9363 1
81.9463 2
81.9563 1
81.9662 2
81.9762 6
81.9862 0
81.9962 2
82.0062 4
82.0162 3
82.0262 2
82.0362 1
82.0462 4
82.0562 3
82.0662 2
82.0761 2
82.0861 5
82.0961 2
82.1061 2
82.1161 3
82.1261 3
82.1361 3
82.1461 1
82.1561 1
82.1661 1
82.1761 1
82.186 3
82.196 3
82.206 5
82.216 1
82.226 1
82.236 1
82.246 3
82.256 3
82.266 1
82.276 1
82.286 1
82.2959 2
82.3059 2
82.3159 3
82.3259 2
82.3359 3
82.3459 2
82.3559 4
82.3659 3
82.3759 2
82.3859 2
82.3959 0
82.4059 2
82.4158 2
82.4258 2
82.4358 1
82.4458 1
82.4558 0
82.4658 2
82.4758 5
82.4858 2
82.4958 2
82.5058 0
82.5158 3
82.5257 3
82.5357 7
82.5457 1
82.5557 1
82.5657 1
82.5757 0
82.5857 0
82.5957 1
82.6057 4
82.6157 2
82.6257 1
82.6356 2
82.6456 1
82.6556 1
82.6656 1
82.6756 5
82.6856 5
82.6956 3
82.7056 2
82.7156 2
82.7256 2
82.7356 1
82.7455 1
82.7555 1
82.7655 2
82.7755 1
82.7855 2
82.7955 2
82.8055 2
82.8155 4
82.8255 2
82.8355 1
82.8455 3
82.8554 3
82.8654 2
82.8754 3
82.8854 3
82.8954 0
82.9054 4
82.9154 3
82.9254 4
82.9354 2
82.9454 1
82.9554 2
82.9653 4
82.9753 2
82.9853 5
82.9953 1
83.0053 3
83.0153 1
83.0253 5
83.0353 3
83.0453 3
83.0553 1
83.0653 1
83.0752 1
83.0852 2
83.0952 0
83.1052 1
83.1152 1
83.1252 2
83.1352 0
83.1452 5
83.1552 2
83.1652 4
83.1752 2
83.1851 1
83.1951 3
83.2051 2
83.2151 2
83.2251 3
83.2351 2
83.2451 2
83.2551 2
83.2651 2
83.2751 1
83.2851 3
83.295 2
83.305 2
83.315 5
83.325 0
83.335 3
83.345 1
83.355 1
83.365 2
83.375 5
83.385 0
83.395 3
83.405 4
83.4149 3
83.4249 1
83.4349 1
83.4449 3
83.4549 2
83.4649 1
83.4749 0
83.4849 3
83.4949 3
83.5049 1
83.5149 3
83.5248 1
83.5348 1
83.5448 1
83.5548 1
83.5648 0
83.5748 0
83.5848 5
83.5948 3
83.6048 2
83.6148 4
83.6248 2
83.6347 2
83.6447 1
83.6547 1
83.6647 4
83.6747 2
83.6847 2
83.6947 4
83.7047 0
83.7147 5
83.7247 0
83.7347 1
83.7446 3
83.7546 5
83.7646 1
83.7746 3
83.7846 2
83.7946 1
83.8046 3
83.8146 3
83.8246 0
83.8346 1
83.8446 1
83.8545 2
83.8645 2
83.8745 1
83.8845 2
83.8945 2
83.9045 4
83.9145 1
83.9245 1
83.9345 3
83.9445 0
83.9545 0
83.9644 1
83.9744 0
83.9844 1
83.9944 2
84.0044 2
84.0144 1
84.0244 1
84.0344 1
84.0444 1
84.0544 0
84.0644 3
84.0743 7
84.0843 2
84.0943 1
84.1043 2
84.1143 2
84.1243 5
84.1343 2
84.1443 3
84.1543 3
84.1643 2
84.1743 1
84.1842 2
84.1942 1
84.2042 1
84.2142 1
84.2242 1
84.2342 4
84.2442 3
84.2542 6
84.2642 5
84.2742 0
84.2842 3
84.2941 2
84.3041 3
84.3141 1
84.3241 0
84.3341 3
84.3441 2
84.3541 3
84.3641 1
84.3741 2
84.3841 4
84.3941 2
84.4041 2
84.414 3
84.424 3
84.434 4
84.444 5
84.454 3
84.464 3
84.474 1
84.484 2
84.494 4
84.504 0
84.514 2
84.5239 4
84.5339 3
84.5439 2
84.5539 0
84.5639 1
84.5739 5
84.5839 1
84.5939 2
84.6039 2
84.6139 1
84.6239 4
84.6338 1
84.6438 0
84.6538 1
84.6638 2
84.6738 1
84.6838 2
84.6938 4
84.7038 1
84.7138 0
84.7238 0
84.7338 1
84.7437 2
84.7537 2
84.7637 1
84.7737 3
84.7837 3
84.7937 1
84.8037 1
84.8137 2
84.8237 4
84.8337 2
84.8437 1
84.8536 4
84.8636 2
84.8736 3
84.8836 2
84.8936 1
84.9036 2
84.9136 5
84.9236 2
84.9336 2
84.9436 2
84.9536 1
84.9635 1
84.9735 1
84.9835 1
84.9935 3
85.0035 1
85.0135 2
85.0235 0
85.0335 2
85.0435 4
85.0535 4
85.0635 3
85.0734 3
85.0834 2
85.0934 2
85.1034 2
85.1134 0
85.1234 2
85.1334 3
85.1434 1
85.1534 4
85.1634 0
85.1734 1
85.1833 1
85.1933 2
85.2033 1
85.2133 1
85.2233 3
85.2333 2
85.2433 0
85.2533 2
85.2633 2
85.2733 1
85.2833 0
85.2932 2
85.3032 1
85.3132 1
85.3232 2
85.3332 2
85.3432 2
85.3532 2
85.3632 2
85.3732 4
85.3832 0
85.3932 5
85.4032 0
85.4131 2
85.4231 3
85.4331 1
85.4431 3
85.4531 2
85.4631 3
85.4731 1
85.4831 2
85.4931 2
85.5031 2
85.5131 1
85.523 2
85.533 1
85.543 1
85.553 2
85.563 2
85.573 3
85.583 1
85.593 0
85.603 3
85.613 3
85.623 3
85.6329 2
85.6429 2
85.6529 1
85.6629 2
85.6729 2
85.6829 3
85.6929 0
85.7029 0
85.7129 0
85.7229 0
85.7329 1
85.7428 1
85.7528 1
85.7628 2
85.7728 3
85.7828 3
85.7928 1
85.8028 2
85.8128 0
85.8228 3
85.8328 2
85.8428 2
85.8527 3
85.8627 0
85.8727 4
85.8827 1
85.8927 0
85.9027 1
85.9127 5
85.9227 5
85.9327 3
85.9427 1
85.9527 4
85.9626 2
85.9726 3
85.9826 2
85.9926 4
86.0026 1
86.0126 1
86.0226 1
86.0326 2
86.0426 0
86.0526 2
86.0626 1
86.0725 2
86.0825 1
86.0925 1
86.1025 1
86.1125 3
86.1225 3
86.1325 0
86.1425 1
86.1525 4
86.1625 2
86.1725 4
86.1824 1
86.1924 2
86.2024 2
86.2124 2
86.2224 3
86.2324 4
86.2424 0
86.2524 2
86.2624 3
86.2724 1
86.2824 1
86.2923 2
86.3023 1
86.3123 1
86.3223 2
86.3323 1
86.3423 2
86.3523 0
86.3623 2
86.3723 2
86.3823 1
86.3923 1
86.4023 1
86.4122 0
86.4222 2
86.4322 3
86.4422 2
86.4522 2
86.4622 3
86.4722 3
86.4822 1
86.4922 1
86.5022 2
86.5122 2
86.5221 5
86.5321 3
86.5421 1
86.5521 2
86.5621 2
86.5721 0
86.5821 0
86.5921 1
86.6021 2
86.6121 1
86.6221 2
86.632 1
86.642 1
86.652 1
86.662 1
86.672 1
86.682 2
86.692 1
86.702 1
86.712 1
86.722 2
86.732 3
86.7419 1
86.7519 1
86.7619 3
86.7719 2
86.7819 2
86.7919 0
86.8019 2
86.8119 1
86.8219 2
86.8319 3
86.8419 1
86.8518 3
86.8618 1
86.8718 2
86.8818 2
86.8918 2
86.9018 1
86.9118 1
86.9218 1
86.9318 1
86.9418 3
86.9518 2
86.9617 0
86.9717 1
86.9817 2
86.9917 4
87.0017 3
87.0117 0
87.0217 5
87.0317 1
87.0417 2
87.0517 1
87.0617 1
87.0716 2
87.0816 3
87.0916 2
87.1016 2
87.1116 3
87.1216 1
87.1316 1
87.1416 3
87.1516 0
87.1616 1
87.1716 2
87.1815 3
87.1915 1
87.2015 1
87.2115 2
87.2215 4
87.2315 3
87.2415 2
87.2515 1
87.2615 4
87.2715 4
87.2815 3
87.2914 2
87.3014 0
87.3114 2
87.3214 3
87.3314 1
87.3414 2
87.3514 2
87.3614 2
87.3714 2
87.3814 1
87.3914 6
87.4014 0
87.4113 3
87.4213 0
87.4313 3
87.4413 2
87.4513 1
87.4613 1
87.4713 0
87.4813 1
87.4913 3
87.5013 0
87.5113 4
87.5212 5
87.5312 1
87.5412 1
87.5512 1
87.5612 1
87.5712 3
87.5812 1
87.5912 1
87.6012 4
87.6112 0
87.6212 1
87.6311 3
87.6411 1
87.6511 3
87.6611 3
87.6711 1
87.6811 0
87.6911 3
87.7011 1
87.7111 2
87.7211 1
87.7311 1
87.741 1
87.751 2
87.761 3
87.771 2
87.781 3
87.791 3
87.801 1
87.811 3
87.821 0
87.831 1
87.841 3
87.8509 2
87.8609 2
87.8709 0
87.8809 1
87.8909 1
87.9009 2
87.9109 2
87.9209 3
87.9309 2
87.9409 3
87.9509 3
87.9608 2
87.9708 1
87.9808 2
87.9908 2
88.0008 2
88.0108 2
88.0208 4
88.0308 0
88.0408 3
88.0508 2
88.0608 2
88.0707 2
88.0807 2
88.0907 3
88.1007 2
88.1107 0
88.1207 2
88.1307 3
88.1407 1
88.1507 4
88.1607 1
88.1707 1
88.1806 0
88.1906 1
88.2006 2
88.2106 2
88.2206 3
88.2306 5
88.2406 1
88.2506 3
88.2606 4
88.2706 3
88.2806 0
88.2905 1
88.3005 5
88.3105 2
88.3205 5
88.3305 3
88.3405 2
88.3505 2
88.3605 2
88.3705 1
88.3805 1
88.3905 2
88.4005 1
88.4104 4
88.4204 2
88.4304 3
88.4404 1
88.4504 5
88.4604 2
88.4704 3
88.4804 1
88.4904 2
88.5004 1
88.5104 0
88.5203 2
88.5303 3
88.5403 2
88.5503 0
88.5603 3
88.5703 2
88.5803 0
88.5903 1
88.6003 2
88.6103 2
88.6203 1
88.6302 2
88.6402 1
88.6502 3
88.6602 3
88.6702 2
88.6802 4
88.6902 1
88.7002 1
88.7102 1
88.7202 2
88.7302 3
88.7401 4
88.7501 1
88.7601 5
88.7701 3
88.7801 3
88.7901 1
88.8001 2
88.8101 6
88.8201 4
88.8301 0
88.8401 6
88.85 1
88.86 0
88.87 3
88.88 2
88.89 2
88.9 1
88.91 2
88.92 1
88.93 2
88.94 2
88.95 1
88.9599 5
88.9699 0
88.9799 0
88.9899 0
88.9999 0
89.0099 4
89.0199 2
89.0299 2
89.0399 4
89.0499 5
89.0599 0
89.0698 5
89.0798 4
89.0898 2
89.0998 4
89.1098 0
89.1198 1
89.1298 5
89.1398 2
89.1498 2
89.1598 2
89.1698 2
89.1797 1
89.1897 0
89.1997 3
89.2097 2
89.2197 4
89.2297 1
89.2397 3
89.2497 1
89.2597 2
89.2697 1
89.2797 4
89.2896 2
89.2996 4
89.3096 1
89.3196 3
89.3296 4
89.3396 2
89.3496 1
89.3596 2
89.3696 2
89.3796 2
89.3896 1
89.3995 0
89.4095 7
89.4195 0
89.4295 4
89.4395 1
89.4495 4
89.4595 2
89.4695 5
89.4795 4
89.4895 2
89.4995 4
89.5095 3
89.5194 3
89.5294 0
89.5394 1
89.5494 2
89.5594 4
89.5694 1
89.5794 1
89.5894 3
89.5994 1
89.6094 1
89.6194 1
89.6293 0
89.6393 5
89.6493 0
89.6593 5
89.6693 1
89.6793 3
89.6893 1
89.6993 0
89.7093 5
89.7193 6
89.7293 2
89.7392 2
89.7492 2
89.7592 2
89.7692 1
89.7792 3
89.7892 3
89.7992 2
89.8092 2
89.8192 2
89.8292 4
89.8392 0
89.8491 2
89.8591 3
89.8691 1
89.8791 0
89.8891 2
89.8991 4
89.9091 0
89.9191 1
89.9291 2
89.9391 5
89.9491 3
89.959 1
89.969 4
89.979 0
89.989 5
89.999 0
90.009 0
90.019 1
90.029 0
90.039 2
90.049 1
90.059 1
90.0689 2
90.0789 4
90.0889 0
90.0989 4
90.1089 2
90.1189 3
90.1289 4
90.1389 2
90.1489 1
90.1589 4
90.1689 1
90.1788 0
90.1888 2
90.1988 1
90.2088 1
90.2188 0
90.2288 2
90.2388 2
90.2488 0
90.2588 4
90.2688 2
90.2788 2
90.2887 5
90.2987 1
90.3087 0
90.3187 1
90.3287 2
90.3387 2
90.3487 3
90.3587 3
90.3687 3
90.3787 2
90.3887 1
90.3986 1
90.4086 1
90.4186 1
90.4286 2
90.4386 3
90.4486 1
90.4586 1
90.4686 3
90.4786 1
90.4886 3
90.4986 4
90.5086 1
90.5185 0
90.5285 3
90.5385 1
90.5485 3
90.5585 2
90.5685 2
90.5785 1
90.5885 4
90.5985 4
90.6085 2
90.6185 1
90.6284 3
90.6384 4
90.6484 2
90.6584 4
90.6684 3
90.6784 1
90.6884 5
90.6984 1
90.7084 1
90.7184 2
90.7284 0
90.7383 0
90.7483 2
90.7583 2
90.7683 3
90.7783 0
90.7883 1
90.7983 2
90.8083 3
90.8183 3
90.8283 3
90.8383 2
90.8482 1
90.8582 2
90.8682 5
90.8782 1
90.8882 2
90.8982 1
90.9082 2
90.9182 3
90.9282 1
90.9382 2
90.9482 2
90.9581 1
90.9681 1
90.9781 1
90.9881 3
90.9981 1
91.0081 2
91.0181 0
91.0281 3
91.0381 3
91.0481 2
91.0581 2
91.068 1
91.078 2
91.088 1
91.098 2
91.108 3
91.118 4
91.128 2
91.138 3
91.148 0
91.158 2
91.168 3
91.1779 1
91.1879 1
91.1979 1
91.2079 5
91.2179 1
91.2279 2
91.2379 1
91.2479 2
91.2579 2
91.2679 1
91.2779 3
91.2878 2
91.2978 0
91.3078 1
91.3178 1
91.3278 3
91.3378 2
91.3478 3
91.3578 4
91.3678 0
91.3778 0
91.3878 6
91.3977 1
91.4077 3
91.4177 2
91.4277 2
91.4377 1
91.4477 1
91.4577 2
91.4677 2
91.4777 1
91.4877 3
91.4977 1
91.5077 1
91.5176 0
91.5276 1
91.5376 2
91.5476 2
91.5576 2
91.5676 3
91.5776 1
91.5876 4
91.5976 1
91.6076 2
91.6176 4
91.6275 1
91.6375 4
91.6475 0
91.6575 3
91.6675 1
91.6775 4
91.6875 1
91.6975 3
91.7075 2
91.7175 3
91.7275 2
91.7374 2
91.7474 5
91.7574 0
91.7674 0
91.7774 2
91.7874 0
91.7974 0
91.8074 3
91.8174 2
91.8274 1
91.8374 3
91.8473 2
91.8573 2
91.8673 1
91.8773 2
91.8873 1
91.8973 2
91.9073 2
91.9173 3
91.9273 3
91.9373 1
91.9473 4
91.9572 1
91.9672 0
91.9772 1
91.9872 2
91.9972 1
92.0072 4
92.0172 3
92.0272 6
92.0372 2
92.0472 1
92.0572 2
92.0671 4
92.0771 1
92.0871 4
92.0971 1
92.1071 1
92.1171 2
92.1271 3
92.1371 2
92.1471 2
92.1571 2
92.1671 2
92.177 1
92.187 3
92.197 5
92.207 2
92.217 3
92.227 3
92.237 2
92.247 4
92.257 1
92.267 1
92.277 3
92.2869 1
92.2969 4
92.3069 1
92.3169 0
92.3269 2
92.3369 3
92.3469 4
92.3569 0
92.3669 2
92.3769 1
92.3869 0
92.3968 2
92.4068 0
92.4168 4
92.4268 1
92.4368 1
92.4468 4
92.4568 3
92.4668 2
92.4768 3
92.4868 0
92.4968 3
92.5068 4
92.5167 3
92.5267 0
92.5367 1
92.5467 3
92.5567 2
92.5667 2
92.5767 5
92.5867 2
92.5967 3
92.6067 2
92.6167 0
92.6266 1
92.6366 3
92.6466 0
92.6566 1
92.6666 2
92.6766 1
92.6866 0
92.6966 6
92.7066 2
92.7166 2
92.7266 3
92.7365 0
92.7465 1
92.7565 1
92.7665 4
92.7765 0
92.7865 2
92.7965 1
92.8065 1
92.8165 1
92.8265 3
92.8365 6
92.8464 1
92.8564 3
92.8664 1
92.8764 2
92.8864 2
92.8964 4
92.9064 2
92.9164 2
92.9264 4
92.9364 1
92.9464 0
92.9563 3
92.9663 1
92.9763 1
92.9863 3
92.9963 1
93.0063 3
93.0163 0
93.0263 2
93.0363 2
93.0463 2
93.0563 2
93.0662 1
93.0762 0
93.0862 2
93.0962 1
93.1062 0
93.1162 1
93.1262 2
93.1362 1
93.1462 3
93.1562 2
93.1662 2
93.1761 2
93.1861 3
93.1961 3
93.2061 3
93.2161 2
93.2261 6
93.2361 1
93.2461 0
93.2561 4
93.2661 1
93.2761 1
93.286 4
93.296 2
93.306 1
93.316 3
93.326 4
93.336 0
93.346 3
93.356 3
93.366 0
93.376 1
93.386 0
93.3959 2
93.4059 2
93.4159 0
93.4259 0
93.4359 1
93.4459 4
93.4559 2
93.4659 2
93.4759 2
93.4859 5
93.4959 3
93.5059 0
93.5158 3
93.5258 2
93.5358 0
93.5458 1
93.5558 5
93.5658 1
93.5758 5
93.5858 3
93.5958 2
93.6058 2
93.6158 1
93.6257 2
93.6357 0
93.6457 3
93.6557 2
93.6657 5
93.6757 1
93.6857 4
93.6957 1
93.7057 3
93.7157 4
93.7257 1
93.7356 1
93.7456 3
93.7556 2
93.7656 0
93.7756 3
93.7856 2
93.7956 2
93.8056 2
93.8156 3
93.8256 1
93.8356 3
93.8455 0
93.8555 2
93.8655 1
93.8755 2
93.8855 3
93.8955 3
93.9055 1
93.9155 2
93.9255 1
93.9355 1
93.9455 4
93.9554 2
93.9654 1
93.9754 1
93.9854 2
93.9954 4
94.0054 3
94.0154 1
94.0254 2
94.0354 0
94.0454 0
94.0554 1
94.0653 2
94.0753 2
94.0853 3
94.0953 0
94.1053 1
94.1153 0
94.1253 3
94.1353 0
94.1453 0
94.1553 5
94.1653 4
94.1752 1
94.1852 2
94.1952 2
94.2052 1
94.2152 3
94.2252 1
94.2352 4
94.2452 1
94.2552 3
94.2652 1
94.2752 2
94.2851 3
94.2951 0
94.3051 1
94.3151 5
94.3251 3
94.3351 0
94.3451 4
94.3551 2
94.3651 2
94.3751 4
94.3851 6
94.395 4
94.405 3
94.415 1
94.425 3
94.435 3
94.445 5
94.455 2
94.465 0
94.475 3
94.485 0
94.495 2
94.505 2
94.5149 4
94.5249 2
94.5349 5
94.5449 2
94.5549 1
94.5649 3
94.5749 3
94.5849 1
94.5949 3
94.6049 1
94.6149 1
94.6248 0
94.6348 2
94.6448 6
94.6548 1
94.6648 1
94.6748 0
94.6848 2
94.6948 3
94.7048 1
94.7148 0
94.7248 2
94.7347 2
94.7447 3
94.7547 1
94.7647 2
94.7747 3
94.7847 2
94.7947 1
94.8047 1
94.8147 4
94.8247 0
94.8347 1
94.8446 3
94.8546 0
94.8646 1
94.8746 1
94.8846 2
94.8946 0
94.9046 6
94.9146 3
94.9246 2
94.9346 1
94.9446 1
94.9545 0
94.9645 0
94.9745 0
94.9845 1
94.9945 2
95.0045 3
95.0145 4
95.0245 2
95.0345 1
95.0445 0
95.0545 2
95.0644 1
95.0744 2
95.0844 4
95.0944 1
95.1044 0
95.1144 3
95.1244 0
95.1344 2
95.1444 0
95.1544 4
95.1644 0
95.1743 3
95.1843 1
95.1943 0
95.2043 0
95.2143 1
95.2243 3
95.2343 1
95.2443 3
95.2543 4
95.2643 3
95.2743 5
95.2842 3
95.2942 0
95.3042 0
95.3142 3
95.3242 1
95.3342 5
95.3442 0
95.3542 0
95.3642 1
95.3742 2
95.3842 3
95.3941 3
95.4041 2
95.4141 1
95.4241 1
95.4341 1
95.4441 2
95.4541 1
95.4641 2
95.4741 0
95.4841 0
95.4941 3
95.5041 3
95.514 1
95.524 1
95.534 2
95.544 1
95.554 2
95.564 1
95.574 6
95.584 0
95.594 2
95.604 1
95.614 1
95.6239 2
95.6339 2
95.6439 1
95.6539 2
95.6639 4
95.6739 1
95.6839 2
95.6939 4
95.7039 1
95.7139 2
95.7239 2
95.7338 1
95.7438 1
95.7538 3
95.7638 2
95.7738 5
95.7838 0
95.7938 2
95.8038 1
95.8138 1
95.8238 2
95.8338 2
95.8437 1
95.8537 3
95.8637 2
95.8737 2
95.8837 1
95.8937 2
95.9037 2
95.9137 4
95.9237 1
95.9337 0
95.9437 3
95.9536 2
95.9636 1
95.9736 1
95.9836 2
95.9936 1
96.0036 1
96.0136 3
96.0236 1
96.0336 0
96.0436 1
96.0536 0
96.0635 4
96.0735 2
96.0835 2
96.0935 3
96.1035 4
96.1135 4
96.1235 1
96.1335 4
96.1435 0
96.1535 2
96.1635 3
96.1734 0
96.1834 3
96.1934 0
96.2034 4
96.2134 4
96.2234 0
96.2334 2
96.2434 2
96.2534 0
96.2634 5
96.2734 1
96.2833 4
96.2933 3
96.3033 4
96.3133 1
96.3233 4
96.3333 0
96.3433 4
96.3533 3
96.3633 2
96.3733 3
96.3833 1
96.3932 1
96.4032 1
96.4132 2
96.4232 1
96.4332 3
96.4432 2
96.4532 5
96.4632 3
96.4732 2
96.4832 2
96.4932 4
96.5032 0
96.5131 3
96.5231 2
96.5331 2
96.5431 0
96.5531 2
96.5631 5
96.5731 7
96.5831 2
96.5931 1
96.6031 2
96.6131 3
96.623 1
96.633 2
96.643 4
96.653 2
96.663 3
96.673 1
96.683 2
96.693 3
96.703 0
96.713 2
96.723 3
96.7329 2
96.7429 0
96.7529 0
96.7629 1
96.7729 1
96.7829 2
96.7929 4
96.8029 3
96.8129 0
96.8229 3
96.8329 4
96.8428 2
96.8528 2
96.8628 6
96.8728 2
96.8828 2
96.8928 1
96.9028 2
96.9128 4
96.9228 4
96.9328 2
96.9428 0
96.9527 1
96.9627 0
96.9727 4
96.9827 2
96.9927 1
97.0027 4
97.0127 1
97.0227 2
97.0327 4
97.0427 4
97.0527 0
97.0626 1
97.0726 1
97.0826 2
97.0926 1
97.1026 2
97.1126 2
97.1226 0
97.1326 2
97.1426 0
97.1526 2
97.1626 0
97.1725 2
97.1825 2
97.1925 1
97.2025 3
97.2125 0
97.2225 2
97.2325 2
97.2425 3
97.2525 0
97.2625 2
97.2725 3
97.2824 1
97.2924 2
97.3024 3
97.3124 1
97.3224 2
97.3324 1
97.3424 1
97.3524 1
97.3624 1
97.3724 1
97.3824 2
97.3923 3
97.4023 4
97.4123 5
97.4223 5
97.4323 0
97.4423 3
97.4523 1
97.4623 3
97.4723 3
97.4823 2
97.4923 1
97.5023 0
97.5122 2
97.5222 2
97.5322 0
97.5422 4
97.5522 1
97.5622 2
97.5722 2
97.5822 4
97.5922 3
97.6022 1
97.6122 2
97.6221 0
97.6321 1
97.6421 3
97.6521 3
97.6621 1
97.6721 3
97.6821 1
97.6921 5
97.7021 1
97.7121 1
97.7221 0
97.732 0
97.742 1
97.752 3
97.762 5
97.772 2
97.782 3
97.792 1
97.802 3
97.812 1
97.822 2
97.832 1
97.8419 2
97.8519 7
97.8619 1
97.8719 2
97.8819 2
97.8919 2
97.9019 2
97.9119 1
97.9219 1
97.9319 2
97.9419 2
97.9518 7
97.9618 6
97.9718 1
97.9818 1
97.9918 1
98.0018 3
98.0118 2
98.0218 2
98.0318 2
98.0418 2
98.0518 1
98.0617 3
98.0717 1
98.0817 4
98.0917 0
98.1017 1
98.1117 4
98.1217 1
98.1317 3
98.1417 3
98.1517 3
98.1617 1
98.1716 2
98.1816 1
98.1916 3
98.2016 1
98.2116 2
98.2216 1
98.2316 1
98.2416 2
98.2516 1
98.2616 3
98.2716 3
98.2815 1
98.2915 2
98.3015 4
98.3115 5
98.3215 2
98.3315 1
98.3415 1
98.3515 1
98.3615 1
98.3715 1
98.3815 1
98.3914 2
98.4014 1
98.4114 2
98.4214 3
98.4314 2
98.4414 2
98.4514 2
98.4614 1
98.4714 0
98.4814 2
98.4914 2
98.5014 3
98.5113 3
98.5213 1
98.5313 1
98.5413 3
98.5513 2
98.5613 1
98.5713 1
98.5813 1
98.5913 2
98.6013 4
98.6113 1
98.6212 1
98.6312 2
98.6412 2
98.6512 2
98.6612 1
98.6712 3
98.6812 2
98.6912 1
98.7012 0
98.7112 1
98.7212 4
98.7311 3
98.7411 1
98.7511 1
98.7611 0
98.7711 0
98.7811 1
98.7911 4
98.8011 3
98.8111 3
98.8211 1
98.8311 2
98.841 1
98.851 3
98.861 0
98.871 2
98.881 4
98.891 3
98.901 2
98.911 2
98.921 4
98.931 2
98.941 1
98.9509 1
98.9609 2
98.9709 3
98.9809 3
98.9909 3
99.0009 2
99.0109 4
99.0209 4
99.0309 1
99.0409 0
99.0509 2
99.0608 4
99.0708 0
99.0808 0
99.0908 0
99.1008 1
99.1108 1
99.1208 2
99.1308 3
99.1408 2
99.1508 4
99.1608 5
99.1707 2
99.1807 2
99.1907 3
99.2007 3
99.2107 1
99.2207 4
99.2307 2
99.2407 5
99.2507 1
99.2607 3
99.2707 0
99.2806 3
99.2906 2
99.3006 3
99.3106 1
99.3206 1
99.3306 3
99.3406 0
99.3506 1
99.3606 0
99.3706 1
99.3806 2
99.3905 2
99.4005 6
99.4105 1
99.4205 2
99.4305 1
99.4405 2
99.4505 0
99.4605 3
99.4705 2
99.4805 2
99.4905 3
99.5005 1
99.5104 2
99.5204 3
99.5304 3
99.5404 2
99.5504 4
99.5604 3
99.5704 1
99.5804 2
99.5904 1
99.6004 4
99.6104 4
99.6203 4
99.6303 2
99.6403 0
99.6503 0
99.6603 4
99.6703 3
99.6803 2
99.6903 2
99.7003 1
99.7103 4
99.7203 0
99.7302 1
99.7402 2
99.7502 3
99.7602 1
99.7702 2
99.7802 2
99.7902 3
99.8002 3
99.8102 1
99.8202 3
99.8302 0
99.8401 1
99.8501 5
99.8601 2
99.8701 1
99.8801 2
99.8901 3
99.9001 1
99.9101 4
99.9201 6
99.9301 0
99.9401 0
99.95 0
99.96 1
99.97 0
99.98 1
99.99 1
100 1
