0.1 1.496e+12 2209.9 -2.39369e-23
0.114915 1.71913e+12 2257.68 -4.0764e-23
0.12983 1.94226e+12 2250.75 -2.87494e-23
0.144745 2.16539e+12 2216.7 -2.05273e-23
0.15966 2.38851e+12 2169.15 -1.49431e-23
0.174575 2.61164e+12 2115.27 -1.10988e-23
0.189489 2.83476e+12 2058.98 -8.40134e-24
0.204404 3.05788e+12 2002.46 -6.47045e-24
0.219319 3.28101e+12 1946.93 -5.06184e-24
0.234234 3.50414e+12 1893.05 -4.01596e-24
0.249149 3.72727e+12 1841.17 -3.22677e-24
0.264064 3.9504e+12 1791.42 -2.62244e-24
0.278979 4.17353e+12 1743.87 -2.15344e-24
0.293894 4.39665e+12 1698.45 -1.785e-24
0.308809 4.61978e+12 1655.11 -1.4923e-24
0.323724 4.84291e+12 1613.74 -1.2574e-24
0.338639 5.06604e+12 1574.26 -1.06711e-24
0.353554 5.28917e+12 1536.53 -9.11612e-25
0.368468 5.51228e+12 1500.47 -7.83543e-25
0.383383 5.73541e+12 1465.97 -6.77278e-25
0.398298 5.95854e+12 1432.91 -5.88501e-25
0.413213 6.18167e+12 1401.23 -5.1386e-25
0.428128 6.40479e+12 1370.83 -4.50732e-25
0.443043 6.62792e+12 1341.62 -3.97045e-25
0.457958 6.85105e+12 1313.53 -3.51148e-25
0.472873 7.07418e+12 1286.5 -3.11721e-25
0.487788 7.29731e+12 1260.45 -2.77696e-25
0.502703 7.52044e+12 1235.31 -2.48205e-25
0.517618 7.74357e+12 1211.06 -2.22542e-25
0.532533 7.96669e+12 1187.63 -2.00122e-25
0.547447 8.18981e+12 1164.95 -1.80465e-25
0.562362 8.41294e+12 1143.01 -1.63171e-25
0.577277 8.63606e+12 1121.75 -1.47906e-25
0.592192 8.85919e+12 1101.13 -1.3439e-25
0.607107 9.08232e+12 1081.12 -1.22388e-25
0.622022 9.30545e+12 1061.69 -1.11699e-25
0.636937 9.52858e+12 1042.81 -1.02155e-25
0.651852 9.75171e+12 1024.44 -9.3611e-26
0.666767 9.97483e+12 1006.56 -8.59434e-26
0.681682 1.0198e+13 989.148 -7.90465e-26
0.696597 1.04211e+13 972.173 -7.28288e-26
0.711512 1.06442e+13 955.616 -6.72114e-26
0.726426 1.08673e+13 939.459 -6.21258e-26
0.741341 1.10905e+13 923.693 -5.75127e-26
0.756256 1.13136e+13 908.274 -5.33201e-26
0.771171 1.15367e+13 893.21 -4.95028e-26
0.786086 1.17598e+13 878.471 -4.60211e-26
0.801001 1.1983e+13 864.048 -4.28401e-26
0.815916 1.22061e+13 849.924 -3.99292e-26
0.830831 1.24292e+13 836.089 -3.7261e-26
0.845746 1.26524e+13 822.528 -3.48119e-26
0.860661 1.28755e+13 809.23 -3.25604e-26
0.875576 1.30986e+13 796.184 -3.04877e-26
0.89049 1.33217e+13 783.38 -2.8577e-26
0.905405 1.35449e+13 770.809 -2.68133e-26
0.92032 1.3768e+13 758.46 -2.51832e-26
0.935235 1.39911e+13 746.325 -2.36748e-26
0.95015 1.42142e+13 734.395 -2.22773e-26
0.965065 1.44374e+13 722.663 -2.09809e-26
0.97998 1.46605e+13 711.121 -1.97772e-26
0.994895 1.48836e+13 699.762 -1.86581e-26
1.00981 1.51068e+13 688.58 -1.76168e-26
1.02472 1.53298e+13 677.567 -1.66467e-26
1.03964 1.5553e+13 666.719 -1.57421e-26
1.05455 1.57761e+13 656.028 -1.48977e-26
1.06947 1.59993e+13 645.49 -1.41089e-26
1.08438 1.62223e+13 635.1 -1.33713e-26
1.0993 1.64455e+13 624.852 -1.26808e-26
1.11421 1.66686e+13 614.741 -1.20341e-26
1.12913 1.68918e+13 604.764 -1.14278e-26
1.14404 1.71148e+13 594.915 -1.08589e-26
1.15896 1.7338e+13 585.191 -1.03246e-26
1.17387 1.75611e+13 575.587 -9.82248e-27
1.18879 1.77843e+13 566.101 -9.35027e-27
1.2037 1.80074e+13 556.728 -8.90585e-27
1.21862 1.82306e+13 547.465 -8.48729e-27
1.23353 1.84536e+13 538.309 -8.09277e-27
1.24845 1.86768e+13 529.255 -7.72063e-27
1.26336 1.88999e+13 520.303 -7.36944e-27
1.27828 1.91231e+13 511.448 -7.03778e-27
1.29319 1.93461e+13 502.688 -6.72437e-27
1.30811 1.95693e+13 494.019 -6.42801e-27
1.32302 1.97924e+13 485.441 -6.14762e-27
1.33794 2.00156e+13 476.95 -5.88217e-27
1.35285 2.02386e+13 468.543 -5.63072e-27
1.36777 2.04618e+13 460.219 -5.39241e-27
1.38268 2.06849e+13 451.975 -5.16642e-27
1.3976 2.09081e+13 443.81 -4.952e-27
1.41251 2.11311e+13 435.72 -4.74845e-27
1.42743 2.13544e+13 427.706 -4.55511e-27
1.44234 2.15774e+13 419.763 -4.37138e-27
1.45726 2.18006e+13 411.892 -4.1967e-27
1.47217 2.20237e+13 404.089 -4.03052e-27
1.48709 2.22469e+13 396.354 -3.87236e-27
1.502 2.24699e+13 388.685 -3.72175e-27
1.51692 2.26931e+13 381.081 -3.57823e-27
1.53183 2.29162e+13 373.541 -3.44142e-27
1.54675 2.31394e+13 366.064 -3.31089e-27
1.56166 2.33624e+13 358.648 -3.18628e-27
1.57658 2.35856e+13 351.294 -3.06722e-27
1.59149 2.38087e+13 344 -2.95333e-27
1.60641 2.40319e+13 336.768 -2.8443e-27
1.62132 2.42549e+13 329.598 -2.73973e-27
1.63624 2.44782e+13 322.491 -2.63928e-27
1.65115 2.47012e+13 315.448 -2.54255e-27
1.66607 2.49244e+13 308.475 -2.44914e-27
1.68098 2.51475e+13 301.575 -2.35857e-27
1.6959 2.53707e+13 294.754 -2.27034e-27
1.71081 2.55937e+13 288.023 -2.18384e-27
1.72573 2.58169e+13 281.393 -2.09835e-27
1.74064 2.604e+13 274.881 -2.01301e-27
1.75556 2.62632e+13 268.508 -1.92677e-27
1.77047 2.64862e+13 262.304 -1.83831e-27
1.78539 2.67094e+13 256.307 -1.74602e-27
1.8003 2.69325e+13 250.568 -1.64786e-27
1.81522 2.71557e+13 245.152 -1.54126e-27
1.83013 2.73787e+13 240.145 -1.42304e-27
1.84505 2.76019e+13 235.66 -1.2892e-27
1.85996 2.7825e+13 231.841 -1.13476e-27
1.87487 2.80481e+13 228.874 -9.53627e-28
1.88979 2.82713e+13 227.001 -7.38344e-28
1.9047 2.84943e+13 226.525 -4.79996e-28
1.91962 2.87175e+13 227.834 -1.68125e-28
1.93453 2.89406e+13 231.413 2.09251e-28
1.94945 2.91638e+13 237.865 6.65431e-28
1.96436 2.93868e+13 247.931 1.21466e-27
1.97928 2.961e+13 262.508 1.8715e-27
1.99419 2.98331e+13 282.667 2.65014e-27
2.00911 3.00563e+13 309.661 3.56328e-27
2.02402 3.02793e+13 344.934 4.62095e-27
2.03894 3.05025e+13 390.103 5.8286e-27
2.05385 3.07256e+13 446.921 7.18435e-27
2.06877 3.09488e+13 517.201 8.67456e-27
2.08368 3.11719e+13 602.668 1.02674e-26
2.0986 3.13951e+13 704.724 1.19045e-26
2.11351 3.16181e+13 824.085 1.34905e-26
2.12843 3.18413e+13 960.273 1.48833e-26
2.14334 3.20644e+13 1111 1.58892e-26
2.15826 3.22876e+13 1271.46 1.62688e-26
2.17317 3.25106e+13 1433.8 1.57624e-26
2.18809 3.27338e+13 1587.03 1.41411e-26
2.203 3.29569e+13 1717.71 1.12778e-26
2.21792 3.31801e+13 1811.7 7.22088e-27
2.23283 3.34031e+13 1856.69 2.2392e-27
2.24775 3.36263e+13 1845.1 -3.19212e-27
2.26266 3.38494e+13 1776.19 -8.4701e-27
2.27758 3.40726e+13 1656.8 -1.29808e-26
2.29249 3.42957e+13 1500.33 -1.6212e-26
2.30741 3.45189e+13 1324.38 -1.78318e-26
2.32232 3.47419e+13 1147.74 -1.77349e-26
2.33724 3.49651e+13 987.148 -1.60857e-26
2.35215 3.51882e+13 854.403 -1.33433e-26
2.36707 3.54114e+13 754.349 -1.01849e-26
2.38198 3.56344e+13 685.021 -7.27199e-27
2.3969 3.58576e+13 640.1 -5.00167e-27
2.41181 3.60807e+13 612.196 -3.44503e-27
2.42673 3.63039e+13 595.069 -2.46973e-27
2.44164 3.65269e+13 584.343 -1.89067e-27
2.45656 3.67501e+13 577.285 -1.55328e-27
2.47147 3.69732e+13 572.306 -1.35369e-27
2.48639 3.71964e+13 568.525 -1.22998e-27
2.5013 3.74194e+13 565.458 -1.14782e-27
2.51622 3.76427e+13 562.836 -1.08887e-27
2.53113 3.78657e+13 560.508 -1.04344e-27
2.54605 3.80889e+13 558.383 -1.00636e-27
2.56096 3.8312e+13 556.405 -9.7475e-28
2.57588 3.85352e+13 554.533 -9.46942e-28
2.59079 3.87582e+13 552.744 -9.21903e-28
2.60571 3.89814e+13 551.019 -8.98942e-28
2.62062 3.92045e+13 549.344 -8.77604e-28
2.63554 3.94277e+13 547.709 -8.57548e-28
2.65045 3.96507e+13 546.107 -8.3855e-28
2.66537 3.98739e+13 544.534 -8.20427e-28
2.68028 4.0097e+13 542.984 -8.03053e-28
2.6952 4.03202e+13 541.456 -7.86335e-28
2.71011 4.05432e+13 539.946 -7.70194e-28
2.72503 4.07664e+13 538.453 -7.54573e-28
2.73994 4.09895e+13 536.975 -7.39427e-28
2.75485 4.12126e+13 535.512 -7.24722e-28
2.76977 4.14358e+13 534.063 -7.10427e-28
2.78468 4.16588e+13 532.625 -6.96518e-28
2.7996 4.1882e+13 531.202 -6.82975e-28
2.81451 4.21051e+13 529.79 -6.69784e-28
2.82943 4.23283e+13 528.39 -6.56925e-28
2.84434 4.25513e+13 527.001 -6.44388e-28
2.85926 4.27745e+13 525.623 -6.32161e-28
2.87417 4.29976e+13 524.257 -6.20232e-28
2.88909 4.32208e+13 522.901 -6.08592e-28
2.904 4.34438e+13 521.556 -5.97231e-28
2.91892 4.3667e+13 520.222 -5.8614e-28
2.93383 4.38901e+13 518.897 -5.75311e-28
2.94875 4.41133e+13 517.583 -5.64737e-28
2.96366 4.43364e+13 516.278 -5.5441e-28
2.97858 4.45596e+13 514.984 -5.44322e-28
2.99349 4.47826e+13 513.699 -5.34466e-28
3.00841 4.50058e+13 512.424 -5.24838e-28
3.02332 4.52289e+13 511.158 -5.15429e-28
3.03824 4.54521e+13 509.902 -5.06234e-28
3.05315 4.56751e+13 508.655 -4.97246e-28
3.06807 4.58983e+13 507.417 -4.88461e-28
3.08298 4.61214e+13 506.188 -4.79872e-28
3.0979 4.63446e+13 504.968 -4.71474e-28
3.11281 4.65676e+13 503.756 -4.63263e-28
3.12773 4.67908e+13 502.553 -4.55233e-28
3.14264 4.70139e+13 501.359 -4.47379e-28
3.15756 4.72371e+13 500.173 -4.39697e-28
3.17247 4.74602e+13 498.996 -4.32181e-28
3.18739 4.76834e+13 497.827 -4.24829e-28
3.2023 4.79064e+13 496.666 -4.17634e-28
3.21722 4.81296e+13 495.513 -4.10594e-28
3.23213 4.83527e+13 494.369 -4.03704e-28
3.24705 4.85759e+13 493.232 -3.96961e-28
3.26196 4.87989e+13 492.102 -3.9036e-28
3.27688 4.90221e+13 490.981 -3.83898e-28
3.29179 4.92452e+13 489.867 -3.77573e-28
3.30671 4.94684e+13 488.762 -3.71378e-28
3.32162 4.96914e+13 487.662 -3.65313e-28
3.33654 4.99146e+13 486.571 -3.59373e-28
3.35145 5.01377e+13 485.488 -3.53555e-28
3.36637 5.03609e+13 484.41 -3.47856e-28
3.38128 5.05839e+13 483.34 -3.42275e-28
3.3962 5.08072e+13 482.278 -3.36806e-28
3.41111 5.10302e+13 481.223 -3.31448e-28
3.42603 5.12534e+13 480.174 -3.26198e-28
3.44094 5.14765e+13 479.131 -3.21053e-28
3.45586 5.16997e+13 478.097 -3.16011e-28
3.47077 5.19227e+13 477.068 -3.1107e-28
3.48569 5.21459e+13 476.046 -3.06226e-28
3.5006 5.2369e+13 475.031 -3.01478e-28
3.51552 5.25922e+13 474.022 -2.96823e-28
3.53043 5.28152e+13 473.02 -2.92259e-28
3.54535 5.30384e+13 472.023 -2.87784e-28
3.56026 5.32615e+13 471.033 -2.83396e-28
3.57518 5.34847e+13 470.05 -2.79092e-28
3.59009 5.37077e+13 469.072 -2.74872e-28
3.60501 5.39309e+13 468.101 -2.70732e-28
3.61992 5.4154e+13 467.135 -2.66671e-28
3.63483 5.43771e+13 466.176 -2.62687e-28
3.64975 5.46003e+13 465.222 -2.58779e-28
3.66466 5.48233e+13 464.275 -2.54944e-28
3.67958 5.50465e+13 463.333 -2.51182e-28
3.69449 5.52696e+13 462.396 -2.47489e-28
3.70941 5.54928e+13 461.465 -2.43866e-28
3.72432 5.57158e+13 460.54 -2.40309e-28
3.73924 5.5939e+13 459.62 -2.36819e-28
3.75415 5.61621e+13 458.707 -2.33392e-28
3.76907 5.63853e+13 457.799 -2.30029e-28
3.78398 5.66083e+13 456.895 -2.26727e-28
3.7989 5.68315e+13 455.997 -2.23485e-28
3.81381 5.70546e+13 455.105 -2.20302e-28
3.82873 5.72778e+13 454.217 -2.17176e-28
3.84364 5.75009e+13 453.335 -2.14106e-28
3.85856 5.77241e+13 452.457 -2.11092e-28
3.87347 5.79471e+13 451.586 -2.0813e-28
3.88839 5.81703e+13 450.719 -2.05222e-28
3.9033 5.83934e+13 449.857 -2.02365e-28
3.91822 5.86166e+13 448.999 -1.99559e-28
3.93313 5.88396e+13 448.147 -1.96802e-28
3.94805 5.90628e+13 447.3 -1.94093e-28
3.96296 5.92859e+13 446.458 -1.91431e-28
3.97788 5.95091e+13 445.62 -1.88816e-28
3.99279 5.97321e+13 444.786 -1.86246e-28
4.00771 5.99553e+13 443.958 -1.8372e-28
4.02262 6.01784e+13 443.134 -1.81238e-28
4.03754 6.04016e+13 442.314 -1.78798e-28
4.05245 6.06247e+13 441.499 -1.76399e-28
4.06737 6.08479e+13 440.689 -1.74042e-28
4.08228 6.10709e+13 439.884 -1.71724e-28
4.0972 6.12941e+13 439.082 -1.69447e-28
4.11211 6.15172e+13 438.285 -1.67206e-28
4.12703 6.17404e+13 437.492 -1.65004e-28
4.14194 6.19634e+13 436.704 -1.62838e-28
4.15686 6.21866e+13 435.919 -1.60708e-28
4.17177 6.24097e+13 435.14 -1.58614e-28
4.18669 6.26329e+13 434.364 -1.56554e-28
4.2016 6.28559e+13 433.592 -1.54528e-28
4.21652 6.30791e+13 432.825 -1.52535e-28
4.23143 6.33022e+13 432.06 -1.50574e-28
4.24635 6.35254e+13 431.301 -1.48647e-28
4.26126 6.37484e+13 430.546 -1.46749e-28
4.27618 6.39717e+13 429.794 -1.44883e-28
4.29109 6.41947e+13 429.047 -1.43047e-28
4.30601 6.44179e+13 428.303 -1.4124e-28
4.32092 6.4641e+13 427.562 -1.39462e-28
4.33584 6.48642e+13 426.827 -1.37713e-28
4.35075 6.50872e+13 426.094 -1.35991e-28
4.36567 6.53104e+13 425.366 -1.34297e-28
4.38058 6.55335e+13 424.641 -1.32629e-28
4.3955 6.57567e+13 423.92 -1.30988e-28
4.41041 6.59797e+13 423.202 -1.29373e-28
4.42533 6.62029e+13 422.489 -1.27783e-28
4.44024 6.6426e+13 421.778 -1.26217e-28
4.45516 6.66492e+13 421.071 -1.24675e-28
4.47007 6.68722e+13 420.368 -1.23158e-28
4.48498 6.70953e+13 419.669 -1.21664e-28
4.4999 6.73185e+13 418.973 -1.20193e-28
4.51481 6.75416e+13 418.28 -1.18744e-28
4.52973 6.77648e+13 417.591 -1.17318e-28
4.54464 6.79878e+13 416.905 -1.15913e-28
4.55956 6.8211e+13 416.222 -1.1453e-28
4.57447 6.84341e+13 415.543 -1.13168e-28
4.58939 6.86573e+13 414.867 -1.11826e-28
4.6043 6.88803e+13 414.194 -1.10505e-28
4.61922 6.91035e+13 413.525 -1.09202e-28
4.63413 6.93266e+13 412.859 -1.0792e-28
4.64905 6.95498e+13 412.196 -1.06656e-28
4.66396 6.97728e+13 411.537 -1.05412e-28
4.67888 6.9996e+13 410.88 -1.04186e-28
4.69379 7.02191e+13 410.227 -1.02978e-28
4.70871 7.04423e+13 409.577 -1.01787e-28
4.72362 7.06654e+13 408.93 -1.00615e-28
4.73854 7.08886e+13 408.285 -9.94592e-29
4.75345 7.11116e+13 407.644 -9.83195e-29
4.76837 7.13348e+13 407.006 -9.71973e-29
4.78328 7.15579e+13 406.371 -9.6091e-29
4.7982 7.17811e+13 405.739 -9.50014e-29
4.81311 7.20041e+13 405.11 -9.39262e-29
4.82803 7.22273e+13 404.483 -9.28676e-29
4.84294 7.24504e+13 403.86 -9.18234e-29
4.85786 7.26736e+13 403.239 -9.07943e-29
4.87277 7.28966e+13 402.621 -8.97796e-29
4.88769 7.31198e+13 402.007 -8.87799e-29
4.9026 7.33429e+13 401.395 -8.77938e-29
4.91752 7.35661e+13 400.786 -8.68213e-29
4.93243 7.37892e+13 400.179 -8.5863e-29
4.94735 7.40124e+13 399.576 -8.49183e-29
4.96226 7.42354e+13 398.975 -8.39863e-29
4.97718 7.44586e+13 398.376 -8.3067e-29
4.99209 7.46817e+13 397.781 -8.21613e-29
5.00701 7.49049e+13 397.188 -8.12675e-29
5.02192 7.51279e+13 396.598 -8.03865e-29
5.03684 7.53511e+13 396.009 -7.95171e-29
5.05175 7.55742e+13 395.425 -7.86599e-29
5.06667 7.57974e+13 394.842 -7.78143e-29
5.08158 7.60204e+13 394.262 -7.69803e-29
5.0965 7.62436e+13 393.684 -7.61576e-29
5.11141 7.64667e+13 393.11 -7.5346e-29
5.12633 7.66899e+13 392.538 -7.45455e-29
5.14124 7.6913e+13 391.967 -7.37557e-29
5.15616 7.71362e+13 391.4 -7.29765e-29
5.17107 7.73592e+13 390.835 -7.22078e-29
5.18599 7.75824e+13 390.273 -7.14493e-29
5.2009 7.78055e+13 389.713 -7.07009e-29
5.21582 7.80287e+13 389.155 -6.99625e-29
5.23073 7.82517e+13 388.6 -6.92338e-29
5.24565 7.84749e+13 388.047 -6.85147e-29
5.26056 7.8698e+13 387.496 -6.78051e-29
5.27548 7.89212e+13 386.949 -6.71049e-29
5.29039 7.91442e+13 386.402 -6.64138e-29
5.30531 7.93674e+13 385.859 -6.57318e-29
5.32022 7.95905e+13 385.318 -6.50586e-29
5.33514 7.98137e+13 384.778 -6.43941e-29
5.35005 8.00367e+13 384.242 -6.37383e-29
5.36496 8.02598e+13 383.708 -6.30909e-29
5.37988 8.0483e+13 383.175 -6.24519e-29
5.39479 8.07061e+13 382.645 -6.18211e-29
5.40971 8.09293e+13 382.117 -6.11984e-29
5.42462 8.11523e+13 381.592 -6.05835e-29
5.43954 8.13755e+13 381.068 -5.99766e-29
5.45445 8.15986e+13 380.546 -5.93774e-29
5.46937 8.18218e+13 380.027 -5.87857e-29
5.48428 8.20448e+13 379.51 -5.82015e-29
5.4992 8.2268e+13 378.995 -5.76247e-29
5.51411 8.24911e+13 378.482 -5.70551e-29
5.52903 8.27143e+13 377.971 -5.64927e-29
5.54394 8.29373e+13 377.463 -5.59373e-29
5.55886 8.31605e+13 376.956 -5.53888e-29
5.57377 8.33836e+13 376.451 -5.48471e-29
5.58869 8.36068e+13 375.948 -5.43122e-29
5.6036 8.38299e+13 375.448 -5.37839e-29
5.61852 8.40531e+13 374.949 -5.32621e-29
5.63343 8.42761e+13 374.452 -5.27467e-29
5.64835 8.44993e+13 373.957 -5.22376e-29
5.66326 8.47224e+13 373.464 -5.17348e-29
5.67818 8.49456e+13 372.974 -5.1238e-29
5.69309 8.51686e+13 372.485 -5.07474e-29
5.70801 8.53918e+13 371.998 -5.02627e-29
5.72292 8.56149e+13 371.513 -4.97839e-29
5.73784 8.58381e+13 371.029 -4.93108e-29
5.75275 8.60611e+13 370.548 -4.88435e-29
5.76767 8.62843e+13 370.068 -4.83818e-29
5.78258 8.65074e+13 369.591 -4.79256e-29
5.7975 8.67306e+13 369.116 -4.74748e-29
5.81241 8.69537e+13 368.641 -4.70295e-29
5.82733 8.71769e+13 368.169 -4.65894e-29
5.84224 8.73999e+13 367.699 -4.61545e-29
5.85716 8.76231e+13 367.231 -4.57249e-29
5.87207 8.78462e+13 366.764 -4.53002e-29
5.88699 8.80694e+13 366.299 -4.48806e-29
5.9019 8.82924e+13 365.836 -4.4466e-29
5.91682 8.85156e+13 365.374 -4.40561e-29
5.93173 8.87387e+13 364.915 -4.36511e-29
5.94665 8.89619e+13 364.457 -4.32507e-29
5.96156 8.91849e+13 364.001 -4.28551e-29
5.97648 8.94081e+13 363.546 -4.2464e-29
5.99139 8.96312e+13 363.094 -4.20774e-29
6.00631 8.98544e+13 362.642 -4.16954e-29
6.02122 9.00775e+13 362.193 -4.13177e-29
6.03614 9.03007e+13 361.745 -4.09443e-29
6.05105 9.05237e+13 361.299 -4.05753e-29
6.06597 9.07469e+13 360.854 -4.02104e-29
6.08088 9.097e+13 360.412 -3.98497e-29
6.0958 9.11932e+13 359.971 -3.94932e-29
6.11071 9.14162e+13 359.531 -3.91406e-29
6.12563 9.16394e+13 359.093 -3.87921e-29
6.14054 9.18625e+13 358.656 -3.84475e-29
6.15546 9.20857e+13 358.222 -3.81067e-29
6.17037 9.23087e+13 357.789 -3.77698e-29
6.18529 9.25319e+13 357.357 -3.74367e-29
6.2002 9.2755e+13 356.927 -3.71073e-29
6.21512 9.29782e+13 356.498 -3.67816e-29
6.23003 9.32012e+13 356.071 -3.64595e-29
6.24494 9.34243e+13 355.646 -3.6141e-29
6.25986 9.36475e+13 355.222 -3.5826e-29
6.27477 9.38706e+13 354.799 -3.55144e-29
6.28969 9.40938e+13 354.379 -3.52064e-29
6.3046 9.43168e+13 353.959 -3.49017e-29
6.31952 9.454e+13 353.542 -3.46003e-29
6.33443 9.47631e+13 353.125 -3.43023e-29
6.34935 9.49863e+13 352.71 -3.40075e-29
6.36426 9.52093e+13 352.297 -3.37159e-29
6.37918 9.54325e+13 351.884 -3.34275e-29
6.39409 9.56556e+13 351.474 -3.31422e-29
6.40901 9.58788e+13 351.065 -3.28601e-29
6.42392 9.61018e+13 350.657 -3.25809e-29
6.43884 9.6325e+13 350.251 -3.23048e-29
6.45375 9.65481e+13 349.846 -3.20316e-29
6.46867 9.67713e+13 349.443 -3.17613e-29
6.48358 9.69944e+13 349.04 -3.1494e-29
6.4985 9.72176e+13 348.639 -3.12295e-29
6.51341 9.74406e+13 348.24 -3.09678e-29
6.52833 9.76638e+13 347.843 -3.07089e-29
6.54324 9.78869e+13 347.446 -3.04528e-29
6.55816 9.81101e+13 347.051 -3.01993e-29
6.57307 9.83331e+13 346.658 -2.99486e-29
6.58799 9.85563e+13 346.265 -2.97005e-29
6.6029 9.87794e+13 345.874 -2.94549e-29
6.61782 9.90026e+13 345.484 -2.9212e-29
6.63273 9.92256e+13 345.095 -2.89716e-29
6.64765 9.94488e+13 344.709 -2.87337e-29
6.66256 9.96719e+13 344.323 -2.84983e-29
6.67748 9.98951e+13 343.938 -2.82653e-29
6.69239 1.00118e+14 343.555 -2.80347e-29
6.70731 1.00341e+14 343.173 -2.78066e-29
6.72222 1.00564e+14 342.793 -2.75807e-29
6.73714 1.00788e+14 342.413 -2.73572e-29
6.75205 1.01011e+14 342.035 -2.7136e-29
6.76697 1.01234e+14 341.659 -2.69171e-29
6.78188 1.01457e+14 341.284 -2.67004e-29
6.7968 1.0168e+14 340.909 -2.64859e-29
6.81171 1.01903e+14 340.536 -2.62736e-29
6.82663 1.02126e+14 340.165 -2.60635e-29
6.84154 1.02349e+14 339.794 -2.58554e-29
6.85646 1.02573e+14 339.424 -2.56495e-29
6.87137 1.02796e+14 339.056 -2.54457e-29
6.88629 1.03019e+14 338.69 -2.52439e-29
6.9012 1.03242e+14 338.325 -2.50441e-29
6.91612 1.03465e+14 337.961 -2.48464e-29
6.93103 1.03688e+14 337.597 -2.46506e-29
6.94595 1.03911e+14 337.235 -2.44567e-29
6.96086 1.04134e+14 336.875 -2.42649e-29
6.97578 1.04358e+14 336.516 -2.40749e-29
6.99069 1.04581e+14 336.157 -2.38868e-29
7.00561 1.04804e+14 335.801 -2.37006e-29
7.02052 1.05027e+14 335.446 -2.35162e-29
7.03544 1.0525e+14 335.091 -2.33335e-29
7.05035 1.05473e+14 334.737 -2.31528e-29
7.06527 1.05696e+14 334.385 -2.29737e-29
7.08018 1.05919e+14 334.034 -2.27964e-29
7.0951 1.06143e+14 333.685 -2.26209e-29
7.11001 1.06366e+14 333.337 -2.2447e-29
7.12492 1.06589e+14 332.989 -2.22748e-29
7.13984 1.06812e+14 332.643 -2.21043e-29
7.15475 1.07035e+14 332.299 -2.19355e-29
7.16967 1.07258e+14 331.955 -2.17683e-29
7.18458 1.07481e+14 331.612 -2.16027e-29
7.1995 1.07705e+14 331.271 -2.14387e-29
7.21441 1.07928e+14 330.932 -2.12762e-29
7.22933 1.08151e+14 330.592 -2.11153e-29
7.24424 1.08374e+14 330.255 -2.09559e-29
7.25916 1.08597e+14 329.919 -2.0798e-29
7.27407 1.0882e+14 329.584 -2.06416e-29
7.28899 1.09043e+14 329.25 -2.04867e-29
7.3039 1.09266e+14 328.918 -2.03332e-29
7.31882 1.0949e+14 328.586 -2.01813e-29
7.33373 1.09713e+14 328.257 -2.00306e-29
7.34865 1.09936e+14 327.928 -1.98815e-29
7.36356 1.10159e+14 327.601 -1.97337e-29
7.37848 1.10382e+14 327.275 -1.95873e-29
7.39339 1.10605e+14 326.949 -1.94422e-29
7.40831 1.10828e+14 326.627 -1.92984e-29
7.42322 1.11051e+14 326.304 -1.9156e-29
7.43814 1.11275e+14 325.983 -1.90148e-29
7.45305 1.11498e+14 325.664 -1.8875e-29
7.46797 1.11721e+14 325.346 -1.87364e-29
7.48288 1.11944e+14 325.03 -1.85991e-29
7.4978 1.12167e+14 324.715 -1.8463e-29
7.51271 1.1239e+14 324.401 -1.83281e-29
7.52763 1.12613e+14 324.089 -1.81944e-29
7.54254 1.12836e+14 323.779 -1.80618e-29
7.55746 1.1306e+14 323.471 -1.79304e-29
7.57237 1.13283e+14 323.163 -1.78002e-29
7.58729 1.13506e+14 322.858 -1.76711e-29
7.6022 1.13729e+14 322.554 -1.75432e-29
7.61712 1.13952e+14 322.252 -1.74163e-29
7.63203 1.14175e+14 321.951 -1.72905e-29
7.64695 1.14398e+14 321.653 -1.71658e-29
7.66186 1.14621e+14 321.357 -1.7042e-29
7.67678 1.14845e+14 321.062 -1.69193e-29
7.69169 1.15068e+14 320.769 -1.67976e-29
7.70661 1.15291e+14 320.479 -1.66768e-29
7.72152 1.15514e+14 320.19 -1.65571e-29
7.73644 1.15737e+14 319.904 -1.64382e-29
7.75135 1.1596e+14 319.62 -1.63203e-29
7.76627 1.16183e+14 319.338 -1.62033e-29
7.78118 1.16406e+14 319.059 -1.60871e-29
7.7961 1.1663e+14 318.783 -1.59717e-29
7.81101 1.16853e+14 318.509 -1.58572e-29
7.82593 1.17076e+14 318.238 -1.57434e-29
7.84084 1.17299e+14 317.97 -1.56304e-29
7.85576 1.17522e+14 317.705 -1.55181e-29
7.87067 1.17745e+14 317.444 -1.54064e-29
7.88559 1.17968e+14 317.185 -1.52955e-29
7.9005 1.18191e+14 316.93 -1.51852e-29
7.91542 1.18415e+14 316.678 -1.50754e-29
7.93033 1.18638e+14 316.43 -1.49661e-29
7.94525 1.18861e+14 316.187 -1.48573e-29
7.96016 1.19084e+14 315.948 -1.47489e-29
7.97508 1.19307e+14 315.713 -1.46409e-29
7.98999 1.1953e+14 315.483 -1.45331e-29
8.0049 1.19753e+14 315.258 -1.44257e-29
8.01982 1.19977e+14 315.039 -1.43183e-29
8.03473 1.202e+14 314.825 -1.42111e-29
8.04965 1.20423e+14 314.617 -1.41038e-29
8.06456 1.20646e+14 314.415 -1.39964e-29
8.07948 1.20869e+14 314.219 -1.38888e-29
8.09439 1.21092e+14 314.031 -1.37808e-29
8.10931 1.21315e+14 313.85 -1.36724e-29
8.12422 1.21538e+14 313.677 -1.35633e-29
8.13914 1.21762e+14 313.513 -1.34534e-29
8.15405 1.21985e+14 313.357 -1.33426e-29
8.16897 1.22208e+14 313.211 -1.32306e-29
8.18388 1.22431e+14 313.076 -1.31171e-29
8.1988 1.22654e+14 312.951 -1.30021e-29
8.21371 1.22877e+14 312.838 -1.2885e-29
8.22863 1.231e+14 312.738 -1.27656e-29
8.24354 1.23323e+14 312.652 -1.26437e-29
8.25846 1.23547e+14 312.579 -1.25186e-29
8.27337 1.2377e+14 312.522 -1.239e-29
8.28829 1.23993e+14 312.482 -1.22574e-29
8.3032 1.24216e+14 312.461 -1.21202e-29
8.31812 1.24439e+14 312.458 -1.19776e-29
8.33303 1.24662e+14 312.477 -1.18288e-29
8.34795 1.24885e+14 312.517 -1.16731e-29
8.36286 1.25108e+14 312.584 -1.15092e-29
8.37778 1.25332e+14 312.676 -1.1336e-29
8.39269 1.25555e+14 312.799 -1.1152e-29
8.40761 1.25778e+14 312.954 -1.09554e-29
8.42252 1.26001e+14 313.143 -1.07442e-29
8.43744 1.26224e+14 313.371 -1.05159e-29
8.45235 1.26447e+14 313.643 -1.02672e-29
8.46727 1.2667e+14 313.961 -9.99455e-30
8.48218 1.26893e+14 314.331 -9.69299e-30
8.4971 1.27117e+14 314.761 -9.35656e-30
8.51201 1.2734e+14 315.256 -8.9778e-30
8.52693 1.27563e+14 315.827 -8.54722e-30
8.54184 1.27786e+14 316.484 -8.05289e-30
8.55676 1.28009e+14 317.24 -7.47998e-30
8.57167 1.28232e+14 318.111 -6.81019e-30
8.58659 1.28455e+14 319.117 -6.02113e-30
8.6015 1.28678e+14 320.282 -5.08597e-30
8.61642 1.28902e+14 321.636 -3.97326e-30
8.63133 1.29125e+14 323.212 -2.64706e-30
8.64625 1.29348e+14 325.056 -1.06772e-30
8.66116 1.29571e+14 327.219 8.06658e-31
8.67608 1.29794e+14 329.759 3.01783e-30
8.69099 1.30017e+14 332.746 5.60398e-30
8.70591 1.3024e+14 336.26 8.59521e-30
8.72082 1.30463e+14 340.383 1.20082e-29
8.73574 1.30687e+14 345.21 1.58407e-29
8.75065 1.3091e+14 350.832 2.00655e-29
8.76557 1.31133e+14 357.344 2.46264e-29
8.78048 1.31356e+14 364.829 2.9436e-29
8.7954 1.31579e+14 373.361 3.43761e-29
8.81031 1.31802e+14 382.995 3.93022e-29
8.82523 1.32025e+14 393.76 4.40511e-29
8.84014 1.32248e+14 405.656 4.84515e-29
8.85506 1.32472e+14 418.652 5.23356e-29
8.86997 1.32695e+14 432.683 5.55513e-29
8.88488 1.32918e+14 447.651 5.7972e-29
8.8998 1.33141e+14 463.428 5.95037e-29
8.91471 1.33364e+14 479.858 6.00891e-29
8.92963 1.33587e+14 496.769 5.97078e-29
8.94454 1.3381e+14 513.971 5.8374e-29
8.95946 1.34034e+14 531.269 5.61316e-29
8.97437 1.34257e+14 548.464 5.30491e-29
8.98929 1.3448e+14 565.363 4.92132e-29
9.0042 1.34703e+14 581.781 4.47228e-29
9.01912 1.34926e+14 597.545 3.96837e-29
9.03403 1.35149e+14 612.498 3.42039e-29
9.04895 1.35372e+14 626.505 2.839e-29
9.06386 1.35595e+14 639.445 2.23441e-29
9.07878 1.35819e+14 651.217 1.61617e-29
9.09369 1.36042e+14 661.747 9.93072e-30
9.10861 1.36265e+14 670.973 3.72985e-30
9.12352 1.36488e+14 678.856 -2.37143e-30
9.13844 1.36711e+14 685.373 -8.31299e-30
9.15335 1.36934e+14 690.518 -1.40438e-29
9.16827 1.37157e+14 694.298 -1.95217e-29
9.18318 1.3738e+14 696.738 -2.47129e-29
9.1981 1.37604e+14 697.868 -2.95911e-29
9.21301 1.37827e+14 697.733 -3.41368e-29
9.22793 1.3805e+14 696.384 -3.83371e-29
9.24284 1.38273e+14 693.879 -4.21844e-29
9.25776 1.38496e+14 690.281 -4.5676e-29
9.27267 1.38719e+14 685.658 -4.88134e-29
9.28759 1.38942e+14 680.082 -5.16018e-29
9.3025 1.39165e+14 673.624 -5.40493e-29
9.31742 1.39389e+14 666.358 -5.61664e-29
9.33233 1.39612e+14 658.357 -5.79659e-29
9.34725 1.39835e+14 649.693 -5.94618e-29
9.36216 1.40058e+14 640.439 -6.06695e-29
9.37708 1.40281e+14 630.664 -6.16051e-29
9.39199 1.40504e+14 620.434 -6.22852e-29
9.40691 1.40727e+14 609.815 -6.27269e-29
9.42182 1.4095e+14 598.868 -6.29471e-29
9.43674 1.41174e+14 587.652 -6.29629e-29
9.45165 1.41397e+14 576.223 -6.27905e-29
9.46657 1.4162e+14 564.63 -6.24465e-29
9.48148 1.41843e+14 552.925 -6.19463e-29
9.4964 1.42066e+14 541.152 -6.13049e-29
9.51131 1.42289e+14 529.352 -6.0537e-29
9.52623 1.42512e+14 517.565 -5.96561e-29
9.54114 1.42735e+14 505.825 -5.86752e-29
9.55606 1.42959e+14 494.166 -5.76067e-29
9.57097 1.43182e+14 482.615 -5.64619e-29
9.58589 1.43405e+14 471.201 -5.52516e-29
9.6008 1.43628e+14 459.944 -5.39858e-29
9.61572 1.43851e+14 448.868 -5.26738e-29
9.63063 1.44074e+14 437.991 -5.13242e-29
9.64555 1.44297e+14 427.328 -4.9945e-29
9.66046 1.4452e+14 416.894 -4.85434e-29
9.67538 1.44744e+14 406.702 -4.71261e-29
9.69029 1.44967e+14 396.76 -4.56991e-29
9.70521 1.4519e+14 387.079 -4.4268e-29
9.72012 1.45413e+14 377.663 -4.28379e-29
9.73504 1.45636e+14 368.52 -4.14132e-29
9.74995 1.45859e+14 359.652 -3.99979e-29
9.76486 1.46082e+14 351.062 -3.85959e-29
9.77978 1.46306e+14 342.753 -3.72101e-29
9.79469 1.46529e+14 334.723 -3.58436e-29
9.80961 1.46752e+14 326.974 -3.44989e-29
9.82452 1.46975e+14 319.504 -3.31781e-29
9.83944 1.47198e+14 312.309 -3.18832e-29
9.85435 1.47421e+14 305.39 -3.06158e-29
9.86927 1.47644e+14 298.74 -2.93773e-29
9.88418 1.47867e+14 292.358 -2.81689e-29
9.8991 1.48091e+14 286.237 -2.69916e-29
9.91401 1.48314e+14 280.375 -2.58461e-29
9.92893 1.48537e+14 274.764 -2.47329e-29
9.94384 1.4876e+14 269.401 -2.36526e-29
9.95876 1.48983e+14 264.279 -2.26053e-29
9.97367 1.49206e+14 259.393 -2.15914e-29
9.98859 1.49429e+14 254.736 -2.06107e-29
10.0035 1.49652e+14 250.301 -1.96633e-29
10.0184 1.49875e+14 246.085 -1.87488e-29
10.0333 1.50098e+14 242.077 -1.78671e-29
10.0482 1.50321e+14 238.274 -1.70179e-29
10.0632 1.50545e+14 234.669 -1.62006e-29
10.0781 1.50768e+14 231.254 -1.54149e-29
10.093 1.50991e+14 228.024 -1.46601e-29
10.1079 1.51214e+14 224.971 -1.39358e-29
10.1228 1.51437e+14 222.091 -1.32411e-29
10.1377 1.5166e+14 219.376 -1.25757e-29
10.1527 1.51884e+14 216.82 -1.19386e-29
10.1676 1.52107e+14 214.417 -1.13293e-29
10.1825 1.5233e+14 212.161 -1.07467e-29
10.1974 1.52553e+14 210.047 -1.01905e-29
10.2123 1.52776e+14 208.068 -9.65956e-30
10.2272 1.52999e+14 206.218 -9.15329e-30
10.2421 1.53222e+14 204.494 -8.67082e-30
10.2571 1.53446e+14 202.888 -8.21136e-30
10.272 1.53669e+14 201.396 -7.77418e-30
10.2869 1.53892e+14 200.013 -7.35842e-30
10.3018 1.54115e+14 198.734 -6.96332e-30
10.3167 1.54338e+14 197.554 -6.58811e-30
10.3316 1.54561e+14 196.469 -6.23201e-30
10.3465 1.54784e+14 195.474 -5.89427e-30
10.3615 1.55008e+14 194.564 -5.57417e-30
10.3764 1.55231e+14 193.737 -5.27094e-30
10.3913 1.55454e+14 192.987 -4.98391e-30
10.4062 1.55677e+14 192.311 -4.71236e-30
10.4211 1.559e+14 191.704 -4.45562e-30
10.436 1.56123e+14 191.165 -4.21304e-30
10.451 1.56347e+14 190.689 -3.98397e-30
10.4659 1.5657e+14 190.273 -3.76779e-30
10.4808 1.56793e+14 189.913 -3.56391e-30
10.4957 1.57016e+14 189.607 -3.37174e-30
10.5106 1.57239e+14 189.352 -3.19072e-30
10.5255 1.57461e+14 189.145 -3.02032e-30
10.5404 1.57684e+14 188.983 -2.85999e-30
10.5554 1.57909e+14 188.865 -2.70926e-30
10.5703 1.58132e+14 188.786 -2.56764e-30
10.5852 1.58355e+14 188.746 -2.43466e-30
10.6001 1.58577e+14 188.741 -2.30988e-30
10.615 1.588e+14 188.771 -2.19287e-30
10.6299 1.59023e+14 188.831 -2.08323e-30
10.6448 1.59246e+14 188.923 -1.98058e-30
10.6598 1.59471e+14 189.041 -1.88452e-30
10.6747 1.59694e+14 189.186 -1.79472e-30
10.6896 1.59916e+14 189.356 -1.71084e-30
10.7045 1.60139e+14 189.548 -1.63254e-30
10.7194 1.60362e+14 189.763 -1.55952e-30
10.7343 1.60585e+14 189.997 -1.49149e-30
10.7492 1.60808e+14 190.25 -1.42816e-30
10.7642 1.61032e+14 190.52 -1.36928e-30
10.7791 1.61255e+14 190.807 -1.31458e-30
10.794 1.61478e+14 191.108 -1.26383e-30
10.8089 1.61701e+14 191.424 -1.21681e-30
10.8238 1.61924e+14 191.752 -1.17329e-30
10.8387 1.62147e+14 192.092 -1.13306e-30
10.8537 1.62371e+14 192.444 -1.09594e-30
10.8686 1.62594e+14 192.805 -1.06174e-30
10.8835 1.62817e+14 193.175 -1.03029e-30
10.8984 1.6304e+14 193.554 -1.0014e-30
10.9133 1.63263e+14 193.941 -9.74949e-31
10.9282 1.63486e+14 194.334 -9.5077e-31
10.9431 1.63709e+14 194.734 -9.28716e-31
10.9581 1.63933e+14 195.139 -9.08668e-31
10.973 1.64156e+14 195.55 -8.90497e-31
10.9879 1.64379e+14 195.964 -8.74078e-31
11.0028 1.64602e+14 196.384 -8.59299e-31
11.0177 1.64825e+14 196.806 -8.46063e-31
11.0326 1.65048e+14 197.231 -8.34268e-31
11.0475 1.65271e+14 197.658 -8.2381e-31
11.0625 1.65495e+14 198.087 -8.14609e-31
11.0774 1.65718e+14 198.518 -8.06587e-31
11.0923 1.65941e+14 198.951 -7.99647e-31
11.1072 1.66164e+14 199.384 -7.93732e-31
11.1221 1.66387e+14 199.818 -7.88762e-31
11.137 1.6661e+14 200.252 -7.84674e-31
11.152 1.66834e+14 200.686 -7.81403e-31
11.1669 1.67057e+14 201.12 -7.78895e-31
11.1818 1.6728e+14 201.553 -7.7709e-31
11.1967 1.67503e+14 201.985 -7.75939e-31
11.2116 1.67726e+14 202.416 -7.75393e-31
11.2265 1.67948e+14 202.846 -7.75404e-31
11.2414 1.68171e+14 203.275 -7.75931e-31
11.2564 1.68396e+14 203.701 -7.76933e-31
11.2713 1.68619e+14 204.126 -7.78371e-31
11.2862 1.68842e+14 204.548 -7.80209e-31
11.3011 1.69064e+14 204.97 -7.82415e-31
11.316 1.69287e+14 205.387 -7.84956e-31
11.3309 1.6951e+14 205.803 -7.87804e-31
11.3458 1.69733e+14 206.216 -7.90929e-31
11.3608 1.69958e+14 206.627 -7.94307e-31
11.3757 1.7018e+14 207.035 -7.97912e-31
11.3906 1.70403e+14 207.439 -8.01724e-31
11.4055 1.70626e+14 207.841 -8.05719e-31
11.4204 1.70849e+14 208.24 -8.09874e-31
11.4353 1.71072e+14 208.636 -8.1418e-31
11.4503 1.71296e+14 209.027 -8.18605e-31
11.4652 1.71519e+14 209.417 -8.23149e-31
11.4801 1.71742e+14 209.802 -8.27781e-31
11.495 1.71965e+14 210.185 -8.32501e-31
11.5099 1.72188e+14 210.563 -8.37284e-31
11.5248 1.72411e+14 210.938 -8.42123e-31
11.5397 1.72634e+14 211.31 -8.4701e-31
11.5547 1.72858e+14 211.678 -8.51929e-31
11.5696 1.73081e+14 212.043 -8.56871e-31
11.5845 1.73304e+14 212.403 -8.61829e-31
11.5994 1.73527e+14 212.76 -8.66796e-31
11.6143 1.7375e+14 213.114 -8.71754e-31
11.6292 1.73973e+14 213.463 -8.76697e-31
11.6441 1.74196e+14 213.81 -8.81631e-31
11.6591 1.7442e+14 214.152 -8.86542e-31
11.674 1.74643e+14 214.49 -8.91421e-31
11.6889 1.74866e+14 214.825 -8.96268e-31
11.7038 1.75089e+14 215.156 -9.01075e-31
11.7187 1.75312e+14 215.483 -9.05834e-31
11.7336 1.75535e+14 215.807 -9.10546e-31
11.7485 1.75758e+14 216.126 -9.15202e-31
11.7635 1.75982e+14 216.442 -9.1981e-31
11.7784 1.76205e+14 216.754 -9.24355e-31
11.7933 1.76428e+14 217.062 -9.28835e-31
11.8082 1.76651e+14 217.366 -9.33253e-31
11.8231 1.76874e+14 217.668 -9.37606e-31
11.838 1.77096e+14 217.964 -9.41888e-31
11.853 1.77321e+14 218.258 -9.46098e-31
11.8679 1.77544e+14 218.547 -9.50237e-31
11.8828 1.77767e+14 218.834 -9.54296e-31
11.8977 1.7799e+14 219.115 -9.58283e-31
11.9126 1.78212e+14 219.394 -9.62191e-31
11.9275 1.78435e+14 219.669 -9.66019e-31
11.9424 1.78658e+14 219.94 -9.69776e-31
11.9574 1.78883e+14 220.208 -9.73445e-31
11.9723 1.79106e+14 220.472 -9.77035e-31
11.9872 1.79329e+14 220.732 -9.80544e-31
12.0021 1.79551e+14 220.99 -9.83975e-31
12.017 1.79774e+14 221.243 -9.87317e-31
12.0319 1.79997e+14 221.493 -9.90581e-31
12.0468 1.8022e+14 221.739 -9.93764e-31
12.0618 1.80445e+14 221.981 -9.96868e-31
12.0767 1.80667e+14 222.221 -9.99885e-31
12.0916 1.8089e+14 222.457 -1.00282e-30
12.1065 1.81113e+14 222.69 -1.00567e-30
12.1214 1.81336e+14 222.918 -1.00845e-30
12.1363 1.81559e+14 223.145 -1.01114e-30
12.1513 1.81783e+14 223.367 -1.01375e-30
12.1662 1.82006e+14 223.586 -1.01628e-30
12.1811 1.82229e+14 223.802 -1.01873e-30
12.196 1.82452e+14 224.014 -1.0211e-30
12.2109 1.82675e+14 224.224 -1.0234e-30
12.2258 1.82898e+14 224.43 -1.02561e-30
12.2407 1.83121e+14 224.633 -1.02774e-30
12.2557 1.83345e+14 224.832 -1.0298e-30
12.2706 1.83568e+14 225.029 -1.03178e-30
12.2855 1.83791e+14 225.223 -1.03369e-30
12.3004 1.84014e+14 225.413 -1.03552e-30
12.3153 1.84237e+14 225.6 -1.03728e-30
12.3302 1.8446e+14 225.784 -1.03896e-30
12.3451 1.84683e+14 225.966 -1.04057e-30
12.3601 1.84907e+14 226.143 -1.04211e-30
12.375 1.8513e+14 226.318 -1.04358e-30
12.3899 1.85353e+14 226.491 -1.04498e-30
12.4048 1.85576e+14 226.661 -1.0463e-30
12.4197 1.85799e+14 226.827 -1.04757e-30
12.4346 1.86022e+14 226.99 -1.04875e-30
12.4495 1.86245e+14 227.151 -1.04987e-30
12.4645 1.86469e+14 227.309 -1.05093e-30
12.4794 1.86692e+14 227.465 -1.05192e-30
12.4943 1.86915e+14 227.617 -1.05285e-30
12.5092 1.87138e+14 227.766 -1.05371e-30
12.5241 1.87361e+14 227.914 -1.05451e-30
12.539 1.87583e+14 228.058 -1.05525e-30
12.554 1.87808e+14 228.199 -1.05592e-30
12.5689 1.88031e+14 228.338 -1.05654e-30
12.5838 1.88254e+14 228.474 -1.05709e-30
12.5987 1.88477e+14 228.608 -1.05759e-30
12.6136 1.88699e+14 228.739 -1.05802e-30
12.6285 1.88922e+14 228.867 -1.05841e-30
12.6434 1.89145e+14 228.993 -1.05872e-30
12.6584 1.8937e+14 229.117 -1.059e-30
12.6733 1.89593e+14 229.238 -1.05921e-30
12.6882 1.89815e+14 229.357 -1.05937e-30
12.7031 1.90038e+14 229.473 -1.05947e-30
12.718 1.90261e+14 229.587 -1.05953e-30
12.7329 1.90484e+14 229.698 -1.05953e-30
12.7478 1.90707e+14 229.808 -1.05948e-30
12.7628 1.90931e+14 229.914 -1.05938e-30
12.7777 1.91154e+14 230.018 -1.05923e-30
12.7926 1.91377e+14 230.12 -1.05903e-30
12.8075 1.916e+14 230.22 -1.05878e-30
12.8224 1.91823e+14 230.318 -1.05849e-30
12.8373 1.92046e+14 230.413 -1.05815e-30
12.8523 1.9227e+14 230.506 -1.05776e-30
12.8672 1.92493e+14 230.597 -1.05733e-30
12.8821 1.92716e+14 230.686 -1.05685e-30
12.897 1.92939e+14 230.773 -1.05634e-30
12.9119 1.93162e+14 230.857 -1.05578e-30
12.9268 1.93385e+14 230.94 -1.05518e-30
12.9417 1.93608e+14 231.02 -1.05453e-30
12.9567 1.93832e+14 231.099 -1.05384e-30
12.9716 1.94055e+14 231.175 -1.05311e-30
12.9865 1.94278e+14 231.249 -1.05235e-30
13.0014 1.94501e+14 231.322 -1.05155e-30
13.0163 1.94724e+14 231.392 -1.0507e-30
13.0312 1.94947e+14 231.461 -1.04982e-30
13.0461 1.9517e+14 231.527 -1.0489e-30
13.0611 1.95394e+14 231.591 -1.04795e-30
13.076 1.95617e+14 231.654 -1.04696e-30
13.0909 1.9584e+14 231.716 -1.04593e-30
13.1058 1.96063e+14 231.774 -1.04488e-30
13.1207 1.96286e+14 231.832 -1.04378e-30
13.1356 1.96509e+14 231.887 -1.04266e-30
13.1506 1.96733e+14 231.94 -1.04149e-30
13.1655 1.96956e+14 231.993 -1.04031e-30
13.1804 1.97179e+14 232.043 -1.03908e-30
13.1953 1.97402e+14 232.092 -1.03782e-30
13.2102 1.97625e+14 232.139 -1.03654e-30
13.2251 1.97847e+14 232.183 -1.03523e-30
13.24 1.9807e+14 232.227 -1.03388e-30
13.255 1.98295e+14 232.268 -1.03251e-30
13.2699 1.98518e+14 232.308 -1.03111e-30
13.2848 1.98741e+14 232.348 -1.02968e-30
13.2997 1.98964e+14 232.385 -1.02823e-30
13.3146 1.99186e+14 232.42 -1.02674e-30
13.3295 1.99409e+14 232.454 -1.02523e-30
13.3444 1.99632e+14 232.486 -1.0237e-30
13.3594 1.99857e+14 232.517 -1.02214e-30
13.3743 2.0008e+14 232.547 -1.02055e-30
13.3892 2.00302e+14 232.574 -1.01894e-30
13.4041 2.00525e+14 232.601 -1.01731e-30
13.419 2.00748e+14 232.626 -1.01565e-30
13.4339 2.00971e+14 232.649 -1.01397e-30
13.4488 2.01194e+14 232.671 -1.01227e-30
13.4638 2.01418e+14 232.692 -1.01054e-30
13.4787 2.01641e+14 232.712 -1.0088e-30
13.4936 2.01864e+14 232.73 -1.00702e-30
13.5085 2.02087e+14 232.747 -1.00524e-30
13.5234 2.0231e+14 232.762 -1.00343e-30
13.5383 2.02533e+14 232.776 -1.0016e-30
13.5533 2.02757e+14 232.788 -9.99749e-31
13.5682 2.0298e+14 232.8 -9.97887e-31
13.5831 2.03203e+14 232.811 -9.95993e-31
13.598 2.03426e+14 232.819 -9.9409e-31
13.6129 2.03649e+14 232.827 -9.92164e-31
13.6278 2.03872e+14 232.834 -9.9023e-31
13.6427 2.04095e+14 232.84 -9.88273e-31
13.6577 2.04319e+14 232.843 -9.86291e-31
13.6726 2.04542e+14 232.847 -9.84301e-31
13.6875 2.04765e+14 232.849 -9.82295e-31
13.7024 2.04988e+14 232.85 -9.80274e-31
13.7173 2.05211e+14 232.85 -9.78236e-31
13.7322 2.05434e+14 232.848 -9.76175e-31
13.7471 2.05657e+14 232.845 -9.74114e-31
13.7621 2.05881e+14 232.843 -9.72028e-31
13.777 2.06104e+14 232.837 -9.69927e-31
13.7919 2.06327e+14 232.832 -9.67818e-31
13.8068 2.0655e+14 232.826 -9.65693e-31
13.8217 2.06773e+14 232.818 -9.63552e-31
13.8366 2.06996e+14 232.809 -9.61403e-31
13.8516 2.0722e+14 232.8 -9.59246e-31
13.8665 2.07443e+14 232.789 -9.57066e-31
13.8814 2.07666e+14 232.778 -9.54877e-31
13.8963 2.07889e+14 232.765 -9.5268e-31
13.9112 2.08112e+14 232.752 -9.50468e-31
13.9261 2.08334e+14 232.738 -9.48247e-31
13.941 2.08557e+14 232.723 -9.46019e-31
13.956 2.08782e+14 232.707 -9.43774e-31
13.9709 2.09005e+14 232.69 -9.41522e-31
13.9858 2.09228e+14 232.672 -9.39262e-31
14.0007 2.0945e+14 232.653 -9.36985e-31
14.0156 2.09673e+14 232.634 -9.34709e-31
14.0305 2.09896e+14 232.613 -9.32417e-31
14.0454 2.10119e+14 232.593 -9.30117e-31
14.0604 2.10344e+14 232.571 -9.27809e-31
14.0753 2.10566e+14 232.548 -9.25493e-31
14.0902 2.10789e+14 232.525 -9.23169e-31
14.1051 2.11012e+14 232.5 -9.20837e-31
14.12 2.11235e+14 232.476 -9.18497e-31
14.1349 2.11458e+14 232.451 -9.16149e-31
14.1498 2.11681e+14 232.424 -9.13793e-31
14.1648 2.11905e+14 232.397 -9.11429e-31
14.1797 2.12128e+14 232.37 -9.09066e-31
14.1946 2.12351e+14 232.341 -9.06686e-31
14.2095 2.12574e+14 232.312 -9.04306e-31
14.2244 2.12797e+14 232.283 -9.01918e-31
14.2393 2.1302e+14 232.252 -8.99531e-31
14.2543 2.13244e+14 232.221 -8.97127e-31
14.2692 2.13467e+14 232.19 -8.94724e-31
14.2841 2.1369e+14 232.158 -8.92312e-31
14.299 2.13913e+14 232.125 -8.89901e-31
14.3139 2.14136e+14 232.092 -8.87481e-31
14.3288 2.14359e+14 232.058 -8.85062e-31
14.3437 2.14582e+14 232.024 -8.82634e-31
14.3587 2.14806e+14 231.988 -8.80199e-31
14.3736 2.15029e+14 231.954 -8.77763e-31
14.3885 2.15252e+14 231.917 -8.7532e-31
14.4034 2.15475e+14 231.881 -8.72876e-31
14.4183 2.15698e+14 231.844 -8.70433e-31
14.4332 2.15921e+14 231.806 -8.67982e-31
14.4481 2.16144e+14 231.768 -8.65522e-31
14.4631 2.16368e+14 231.73 -8.63071e-31
14.478 2.16591e+14 231.691 -8.60612e-31
14.4929 2.16814e+14 231.652 -8.58145e-31
14.5078 2.17037e+14 231.612 -8.55685e-31
14.5227 2.1726e+14 231.572 -8.53218e-31
14.5376 2.17482e+14 231.531 -8.50743e-31
14.5526 2.17707e+14 231.49 -8.48275e-31
14.5675 2.1793e+14 231.448 -8.458e-31
14.5824 2.18153e+14 231.406 -8.43325e-31
14.5973 2.18376e+14 231.365 -8.4085e-31
14.6122 2.18599e+14 231.322 -8.38375e-31
14.6271 2.18821e+14 231.279 -8.35891e-31
14.642 2.19044e+14 231.236 -8.33416e-31
14.657 2.19269e+14 231.192 -8.30933e-31
14.6719 2.19492e+14 231.148 -8.2845e-31
14.6868 2.19715e+14 231.103 -8.25967e-31
14.7017 2.19937e+14 231.059 -8.23484e-31
14.7166 2.2016e+14 231.014 -8.21e-31
14.7315 2.20383e+14 230.969 -8.18517e-31
14.7464 2.20606e+14 230.924 -8.16034e-31
14.7614 2.20831e+14 230.878 -8.13551e-31
14.7763 2.21053e+14 230.831 -8.11068e-31
14.7912 2.21276e+14 230.785 -8.08584e-31
14.8061 2.21499e+14 230.739 -8.06101e-31
14.821 2.21722e+14 230.692 -8.03618e-31
14.8359 2.21945e+14 230.645 -8.01135e-31
14.8509 2.22169e+14 230.598 -7.98652e-31
14.8658 2.22392e+14 230.551 -7.96169e-31
14.8807 2.22615e+14 230.503 -7.9369e-31
14.8956 2.22838e+14 230.455 -7.91211e-31
14.9105 2.23061e+14 230.407 -7.88733e-31
14.9254 2.23284e+14 230.359 -7.86257e-31
14.9403 2.23507e+14 230.31 -7.83781e-31
14.9553 2.23731e+14 230.262 -7.81308e-31
14.9702 2.23954e+14 230.213 -7.78835e-31
14.9851 2.24177e+14 230.164 -7.76364e-31
15 2.244e+14 230.115 -3.87565e-31
