0.1 0.00024866 882.411 -3.00757e-07
0.114915 0.000254037 833.605 -5.12181e-07
0.12983 0.000253257 787.041 -3.61223e-07
0.144745 0.000249425 744.434 -2.57916e-07
0.15966 0.000244075 705.974 -1.87753e-07
0.174575 0.000238013 671.365 -1.39452e-07
0.189489 0.000231679 640.184 -1.05559e-07
0.204404 0.000225319 612.004 -8.12983e-08
0.219319 0.000219071 586.44 -6.35998e-08
0.234234 0.000213008 563.153 -5.04587e-08
0.249149 0.00020717 541.855 -4.05429e-08
0.264064 0.000201573 522.298 -3.29498e-08
0.278979 0.000196222 504.273 -2.7057e-08
0.293894 0.000191112 487.602 -2.24277e-08
0.308809 0.000186235 472.133 -1.87501e-08
0.323724 0.00018158 457.734 -1.57987e-08
0.338639 0.000177137 444.292 -1.34077e-08
0.353554 0.000172892 431.711 -1.1454e-08
0.368468 0.000168834 419.905 -9.84487e-09
0.383383 0.000164952 408.8 -8.50969e-09
0.398298 0.000161233 398.332 -7.39425e-09
0.413213 0.000157668 388.444 -6.45642e-09
0.428128 0.000154247 379.084 -5.66325e-09
0.443043 0.00015096 370.209 -4.98869e-09
0.457958 0.0001478 361.778 -4.41202e-09
0.472873 0.000144758 353.757 -3.91664e-09
0.487788 0.000141827 346.113 -3.48912e-09
0.502703 0.000138999 338.818 -3.11859e-09
0.517618 0.00013627 331.846 -2.79614e-09
0.532533 0.000133633 325.174 -2.51444e-09
0.547447 0.000131082 318.781 -2.26746e-09
0.562362 0.000128613 312.647 -2.05017e-09
0.577277 0.00012622 306.756 -1.85837e-09
0.592192 0.0001239 301.092 -1.68855e-09
0.607107 0.000121649 295.64 -1.53775e-09
0.622022 0.000119463 290.387 -1.40345e-09
0.636937 0.000117338 285.32 -1.28353e-09
0.651852 0.000115271 280.429 -1.17618e-09
0.666767 0.000113259 275.704 -1.07984e-09
0.681682 0.0001113 271.134 -9.93184e-10
0.696597 0.00010939 266.711 -9.15061e-10
0.711512 0.000107527 262.427 -8.44481e-10
0.726426 0.000105709 258.274 -7.80583e-10
0.741341 0.000103935 254.245 -7.22621e-10
0.756256 0.0001022 250.335 -6.69943e-10
0.771171 0.000100505 246.535 -6.21981e-10
0.786086 9.88465e-05 242.842 -5.78235e-10
0.801001 9.72236e-05 239.25 -5.38267e-10
0.815916 9.56344e-05 235.754 -5.01692e-10
0.830831 9.40776e-05 232.349 -4.68168e-10
0.845746 9.25517e-05 229.031 -4.37396e-10
0.860661 9.10554e-05 225.795 -4.09107e-10
0.875576 8.95875e-05 222.639 -3.83064e-10
0.89049 8.81468e-05 219.558 -3.59057e-10
0.905405 8.67323e-05 216.55 -3.36897e-10
0.92032 8.53427e-05 213.61 -3.16416e-10
0.935235 8.39773e-05 210.736 -2.97463e-10
0.95015 8.26349e-05 207.926 -2.79904e-10
0.965065 8.13148e-05 205.175 -2.63616e-10
0.97998 8.00161e-05 202.483 -2.48491e-10
0.994895 7.8738e-05 199.847 -2.34431e-10
1.00981 7.74798e-05 197.263 -2.21347e-10
1.02472 7.62406e-05 194.731 -2.09158e-10
1.03964 7.50199e-05 192.248 -1.97792e-10
1.05455 7.3817e-05 189.813 -1.87183e-10
1.06947 7.26313e-05 187.423 -1.77272e-10
1.08438 7.14621e-05 185.076 -1.68004e-10
1.0993 7.0309e-05 182.771 -1.59329e-10
1.11421 6.91713e-05 180.507 -1.51203e-10
1.12913 6.80487e-05 178.282 -1.43585e-10
1.14404 6.69405e-05 176.094 -1.36437e-10
1.15896 6.58463e-05 173.942 -1.29724e-10
1.17387 6.47657e-05 171.826 -1.23415e-10
1.18879 6.36983e-05 169.742 -1.17482e-10
1.2037 6.26437e-05 167.692 -1.11898e-10
1.21862 6.16014e-05 165.672 -1.06639e-10
1.23353 6.05711e-05 163.683 -1.01682e-10
1.24845 5.95524e-05 161.723 -9.70062e-11
1.26336 5.85451e-05 159.79 -9.25937e-11
1.27828 5.75487e-05 157.886 -8.84266e-11
1.29319 5.6563e-05 156.007 -8.44887e-11
1.30811 5.55876e-05 154.154 -8.07651e-11
1.32302 5.46224e-05 152.325 -7.72421e-11
1.33794 5.36669e-05 150.52 -7.39068e-11
1.35285 5.2721e-05 148.737 -7.07475e-11
1.36777 5.17844e-05 146.977 -6.77532e-11
1.38268 5.08567e-05 145.238 -6.49137e-11
1.3976 4.9938e-05 143.52 -6.22196e-11
1.41251 4.90277e-05 141.823 -5.96621e-11
1.42743 4.81259e-05 140.144 -5.72329e-11
1.44234 4.72322e-05 138.484 -5.49244e-11
1.45726 4.63465e-05 136.842 -5.27296e-11
1.47217 4.54685e-05 135.218 -5.06417e-11
1.48709 4.45982e-05 133.611 -4.86545e-11
1.502 4.37353e-05 132.02 -4.67621e-11
1.51692 4.28797e-05 130.446 -4.49589e-11
1.53183 4.20313e-05 128.886 -4.32399e-11
1.54675 4.11899e-05 127.342 -4.15999e-11
1.56166 4.03555e-05 125.812 -4.00342e-11
1.57658 3.9528e-05 124.296 -3.85382e-11
1.59149 3.87073e-05 122.794 -3.71073e-11
1.60641 3.78935e-05 121.305 -3.57373e-11
1.62132 3.70867e-05 119.829 -3.44235e-11
1.63624 3.6287e-05 118.366 -3.31614e-11
1.65115 3.54946e-05 116.915 -3.1946e-11
1.66607 3.47099e-05 115.477 -3.07723e-11
1.68098 3.39335e-05 114.051 -2.96344e-11
1.6959 3.31661e-05 112.638 -2.85258e-11
1.71081 3.24087e-05 111.237 -2.7439e-11
1.72573 3.16626e-05 109.85 -2.63648e-11
1.74064 3.09299e-05 108.477 -2.52926e-11
1.75556 3.02128e-05 107.12 -2.4209e-11
1.77047 2.95147e-05 105.779 -2.30976e-11
1.78539 2.884e-05 104.458 -2.1938e-11
1.8003 2.81942e-05 103.159 -2.07046e-11
1.81522 2.75848e-05 101.886 -1.93653e-11
1.83013 2.70214e-05 100.644 -1.78799e-11
1.84505 2.65167e-05 99.4405 -1.61982e-11
1.85996 2.6087e-05 98.2832 -1.42578e-11
1.87487 2.57532e-05 97.1826 -1.19819e-11
1.88979 2.55424e-05 96.1516 -9.27696e-12
1.9047 2.54888e-05 95.2054 -6.03094e-12
1.91962 2.56361e-05 94.362 -2.11242e-12
1.93453 2.60388e-05 93.6412 2.62914e-12
1.94945 2.67648e-05 93.0646 8.36084e-12
1.96436 2.78975e-05 92.6534 1.52616e-11
1.97928 2.95377e-05 92.4272 2.35146e-11
1.99419 3.1806e-05 92.4011 3.32978e-11
2.00911 3.48434e-05 92.583 4.4771e-11
2.02402 3.88123e-05 92.9712 5.80601e-11
2.03894 4.38948e-05 93.5523 7.32338e-11
2.05385 5.0288e-05 94.2998 9.02681e-11
2.06877 5.8196e-05 95.1743 1.08992e-10
2.08368 6.78129e-05 96.1232 1.29005e-10
2.0986 7.92963e-05 97.0812 1.49575e-10
2.11351 9.27269e-05 97.9713 1.69502e-10
2.12843 0.000108051 98.7048 1.87002e-10
2.14334 0.000125011 99.1828 1.99641e-10
2.15826 0.000143066 99.2993 2.0441e-10
2.17317 0.000161333 98.9457 1.98048e-10
2.18809 0.000178574 98.0196 1.77677e-10
2.203 0.000193279 96.4357 1.417e-10
2.21792 0.000203855 94.1389 9.07271e-11
2.23283 0.000208917 91.1155 2.81346e-11
2.24775 0.000207613 87.4031 -4.01076e-11
2.26266 0.000199859 83.0941 -1.06423e-10
2.27758 0.000186425 78.3371 -1.63098e-10
2.29249 0.000168819 73.3355 -2.03697e-10
2.30741 0.000149021 68.3427 -2.24048e-10
2.32232 0.000129145 63.6456 -2.22831e-10
2.33724 0.000111075 59.5238 -2.0211e-10
2.35215 9.61384e-05 56.1808 -1.67653e-10
2.36707 8.48802e-05 53.6763 -1.27969e-10
2.38198 7.70793e-05 51.9189 -9.13693e-11
2.3969 7.20248e-05 50.7308 -6.28437e-11
2.41181 6.8885e-05 49.928 -4.32853e-11
2.42673 6.69578e-05 49.3662 -3.10311e-11
2.44164 6.57509e-05 48.9482 -2.37554e-11
2.45656 6.49567e-05 48.6147 -1.95163e-11
2.47147 6.43965e-05 48.3314 -1.70085e-11
2.48639 6.39711e-05 48.0787 -1.54542e-11
2.5013 6.36259e-05 47.8457 -1.44219e-11
2.51622 6.33309e-05 47.6262 -1.36811e-11
2.53113 6.3069e-05 47.4164 -1.31103e-11
2.54605 6.28299e-05 47.2138 -1.26444e-11
2.56096 6.26073e-05 47.0169 -1.22473e-11
2.57588 6.23967e-05 46.8246 -1.18979e-11
2.59079 6.21954e-05 46.6361 -1.15833e-11
2.60571 6.20013e-05 46.4509 -1.12948e-11
2.62062 6.18128e-05 46.2686 -1.10267e-11
2.63554 6.16288e-05 46.0888 -1.07747e-11
2.65045 6.14486e-05 45.9114 -1.0536e-11
2.66537 6.12716e-05 45.736 -1.03083e-11
2.68028 6.10972e-05 45.5627 -1.009e-11
2.6952 6.09252e-05 45.3913 -9.87995e-12
2.71011 6.07553e-05 45.2217 -9.67714e-12
2.72503 6.05873e-05 45.0538 -9.48087e-12
2.73994 6.0421e-05 44.8876 -9.29057e-12
2.75485 6.02564e-05 44.723 -9.1058e-12
2.76977 6.00933e-05 44.56 -8.92619e-12
2.78468 5.99316e-05 44.3986 -8.75143e-12
2.7996 5.97714e-05 44.2386 -8.58128e-12
2.81451 5.96125e-05 44.0802 -8.41553e-12
2.82943 5.9455e-05 43.9232 -8.25397e-12
2.84434 5.92987e-05 43.7676 -8.09645e-12
2.85926 5.91437e-05 43.6134 -7.94282e-12
2.87417 5.899e-05 43.4607 -7.79294e-12
2.88909 5.88374e-05 43.3092 -7.64669e-12
2.904 5.86861e-05 43.1592 -7.50394e-12
2.91892 5.85359e-05 43.0105 -7.36459e-12
2.93383 5.83869e-05 42.863 -7.22853e-12
2.94875 5.8239e-05 42.7169 -7.09567e-12
2.96366 5.80922e-05 42.572 -6.96591e-12
2.97858 5.79466e-05 42.4284 -6.83916e-12
2.99349 5.7802e-05 42.286 -6.71533e-12
3.00841 5.76585e-05 42.1448 -6.59435e-12
3.02332 5.75161e-05 42.0049 -6.47613e-12
3.03824 5.73747e-05 41.8661 -6.3606e-12
3.05315 5.72344e-05 41.7285 -6.24767e-12
3.06807 5.70951e-05 41.592 -6.13729e-12
3.08298 5.69568e-05 41.4567 -6.02938e-12
3.0979 5.68195e-05 41.3225 -5.92386e-12
3.11281 5.66832e-05 41.1894 -5.82069e-12
3.12773 5.65478e-05 41.0574 -5.7198e-12
3.14264 5.64135e-05 40.9265 -5.62111e-12
3.15756 5.628e-05 40.7966 -5.52459e-12
3.17247 5.61476e-05 40.6678 -5.43016e-12
3.18739 5.6016e-05 40.54 -5.33778e-12
3.2023 5.58854e-05 40.4133 -5.24738e-12
3.21722 5.57557e-05 40.2876 -5.15893e-12
3.23213 5.56269e-05 40.1628 -5.07236e-12
3.24705 5.5499e-05 40.0391 -4.98764e-12
3.26196 5.53719e-05 39.9163 -4.9047e-12
3.27688 5.52457e-05 39.7945 -4.82351e-12
3.29179 5.51204e-05 39.6737 -4.74403e-12
3.30671 5.4996e-05 39.5537 -4.6662e-12
3.32162 5.48723e-05 39.4348 -4.58999e-12
3.33654 5.47495e-05 39.3167 -4.51536e-12
3.35145 5.46276e-05 39.1995 -4.44226e-12
3.36637 5.45064e-05 39.0832 -4.37066e-12
3.38128 5.4386e-05 38.9678 -4.30053e-12
3.3962 5.42665e-05 38.8533 -4.23181e-12
3.41111 5.41477e-05 38.7396 -4.16449e-12
3.42603 5.40297e-05 38.6268 -4.09853e-12
3.44094 5.39124e-05 38.5149 -4.03389e-12
3.45586 5.3796e-05 38.4037 -3.97054e-12
3.47077 5.36802e-05 38.2934 -3.90845e-12
3.48569 5.35652e-05 38.1839 -3.84759e-12
3.5006 5.3451e-05 38.0752 -3.78793e-12
3.51552 5.33375e-05 37.9673 -3.72945e-12
3.53043 5.32247e-05 37.8602 -3.6721e-12
3.54535 5.31126e-05 37.7538 -3.61588e-12
3.56026 5.30012e-05 37.6483 -3.56074e-12
3.57518 5.28905e-05 37.5434 -3.50667e-12
3.59009 5.27805e-05 37.4394 -3.45364e-12
3.60501 5.26712e-05 37.336 -3.40162e-12
3.61992 5.25626e-05 37.2334 -3.3506e-12
3.63483 5.24546e-05 37.1315 -3.30055e-12
3.64975 5.23473e-05 37.0304 -3.25144e-12
3.66466 5.22407e-05 36.9299 -3.20326e-12
3.67958 5.21347e-05 36.8302 -3.15599e-12
3.69449 5.20293e-05 36.7311 -3.10959e-12
3.70941 5.19246e-05 36.6327 -3.06407e-12
3.72432 5.18205e-05 36.535 -3.01938e-12
3.73924 5.1717e-05 36.438 -2.97553e-12
3.75415 5.16142e-05 36.3416 -2.93247e-12
3.76907 5.1512e-05 36.2459 -2.89021e-12
3.78398 5.14103e-05 36.1508 -2.84872e-12
3.7989 5.13093e-05 36.0564 -2.80799e-12
3.81381 5.12089e-05 35.9626 -2.76799e-12
3.82873 5.1109e-05 35.8695 -2.72872e-12
3.84364 5.10097e-05 35.7769 -2.69015e-12
3.85856 5.0911e-05 35.685 -2.65227e-12
3.87347 5.08129e-05 35.5937 -2.61506e-12
3.88839 5.07154e-05 35.503 -2.57852e-12
3.9033 5.06184e-05 35.4128 -2.54263e-12
3.91822 5.05219e-05 35.3233 -2.50737e-12
3.93313 5.0426e-05 35.2343 -2.47273e-12
3.94805 5.03307e-05 35.146 -2.43869e-12
3.96296 5.02359e-05 35.0582 -2.40525e-12
3.97788 5.01416e-05 34.9709 -2.37239e-12
3.99279 5.00478e-05 34.8843 -2.3401e-12
4.00771 4.99546e-05 34.7981 -2.30836e-12
4.02262 4.98619e-05 34.7126 -2.27717e-12
4.03754 4.97697e-05 34.6275 -2.24652e-12
4.05245 4.9678e-05 34.543 -2.21638e-12
4.06737 4.95868e-05 34.4591 -2.18676e-12
4.08228 4.94962e-05 34.3756 -2.15764e-12
4.0972 4.9406e-05 34.2927 -2.12902e-12
4.11211 4.93163e-05 34.2103 -2.10087e-12
4.12703 4.92271e-05 34.1284 -2.0732e-12
4.14194 4.91384e-05 34.047 -2.04598e-12
4.15686 4.90501e-05 33.9662 -2.01922e-12
4.17177 4.89624e-05 33.8858 -1.99291e-12
4.18669 4.88751e-05 33.8059 -1.96703e-12
4.2016 4.87882e-05 33.7265 -1.94157e-12
4.21652 4.87019e-05 33.6476 -1.91653e-12
4.23143 4.86159e-05 33.5691 -1.8919e-12
4.24635 4.85305e-05 33.4911 -1.86768e-12
4.26126 4.84455e-05 33.4136 -1.84384e-12
4.27618 4.83609e-05 33.3366 -1.82039e-12
4.29109 4.82768e-05 33.26 -1.79732e-12
4.30601 4.81931e-05 33.1839 -1.77462e-12
4.32092 4.81098e-05 33.1082 -1.75228e-12
4.33584 4.8027e-05 33.033 -1.7303e-12
4.35075 4.79446e-05 32.9582 -1.70867e-12
4.36567 4.78626e-05 32.8838 -1.68738e-12
4.38058 4.77811e-05 32.8099 -1.66643e-12
4.3955 4.76999e-05 32.7364 -1.64581e-12
4.41041 4.76192e-05 32.6634 -1.62551e-12
4.42533 4.75389e-05 32.5907 -1.60553e-12
4.44024 4.74589e-05 32.5185 -1.58586e-12
4.45516 4.73794e-05 32.4467 -1.56649e-12
4.47007 4.73003e-05 32.3753 -1.54743e-12
4.48498 4.72216e-05 32.3043 -1.52865e-12
4.4999 4.71433e-05 32.2337 -1.51017e-12
4.51481 4.70653e-05 32.1635 -1.49197e-12
4.52973 4.69878e-05 32.0937 -1.47405e-12
4.54464 4.69106e-05 32.0243 -1.4564e-12
4.55956 4.68338e-05 31.9553 -1.43902e-12
4.57447 4.67574e-05 31.8867 -1.4219e-12
4.58939 4.66813e-05 31.8185 -1.40504e-12
4.6043 4.66056e-05 31.7506 -1.38844e-12
4.61922 4.65303e-05 31.6831 -1.37208e-12
4.63413 4.64554e-05 31.616 -1.35597e-12
4.64905 4.63808e-05 31.5493 -1.34009e-12
4.66396 4.63066e-05 31.4829 -1.32446e-12
4.67888 4.62327e-05 31.4169 -1.30905e-12
4.69379 4.61592e-05 31.3512 -1.29387e-12
4.70871 4.6086e-05 31.2859 -1.27891e-12
4.72362 4.60132e-05 31.221 -1.26418e-12
4.73854 4.59407e-05 31.1564 -1.24966e-12
4.75345 4.58686e-05 31.0921 -1.23534e-12
4.76837 4.57968e-05 31.0282 -1.22124e-12
4.78328 4.57253e-05 30.9646 -1.20734e-12
4.7982 4.56542e-05 30.9014 -1.19365e-12
4.81311 4.55834e-05 30.8385 -1.18014e-12
4.82803 4.55129e-05 30.776 -1.16684e-12
4.84294 4.54428e-05 30.7137 -1.15372e-12
4.85786 4.53729e-05 30.6518 -1.14079e-12
4.87277 4.53034e-05 30.5903 -1.12804e-12
4.88769 4.52343e-05 30.529 -1.11548e-12
4.9026 4.51654e-05 30.4681 -1.10309e-12
4.91752 4.50969e-05 30.4075 -1.09087e-12
4.93243 4.50286e-05 30.3471 -1.07883e-12
4.94735 4.49607e-05 30.2871 -1.06696e-12
4.96226 4.48931e-05 30.2275 -1.05525e-12
4.97718 4.48257e-05 30.1681 -1.0437e-12
4.99209 4.47587e-05 30.109 -1.03232e-12
5.00701 4.4692e-05 30.0502 -1.02109e-12
5.02192 4.46256e-05 29.9918 -1.01002e-12
5.03684 4.45594e-05 29.9336 -9.99097e-13
5.05175 4.44936e-05 29.8757 -9.88326e-13
5.06667 4.44281e-05 29.8181 -9.77702e-13
5.08158 4.43628e-05 29.7608 -9.67223e-13
5.0965 4.42978e-05 29.7038 -9.56886e-13
5.11141 4.42332e-05 29.647 -9.46689e-13
5.12633 4.41688e-05 29.5906 -9.36631e-13
5.14124 4.41046e-05 29.5344 -9.26707e-13
5.15616 4.40408e-05 29.4785 -9.16917e-13
5.17107 4.39772e-05 29.4229 -9.07258e-13
5.18599 4.3914e-05 29.3676 -8.97728e-13
5.2009 4.38509e-05 29.3125 -8.88325e-13
5.21582 4.37882e-05 29.2577 -8.79047e-13
5.23073 4.37257e-05 29.2031 -8.69891e-13
5.24565 4.36635e-05 29.1489 -8.60857e-13
5.26056 4.36015e-05 29.0949 -8.51941e-13
5.27548 4.35399e-05 29.0411 -8.43143e-13
5.29039 4.34784e-05 28.9876 -8.3446e-13
5.30531 4.34173e-05 28.9344 -8.2589e-13
5.32022 4.33564e-05 28.8814 -8.17432e-13
5.33514 4.32957e-05 28.8287 -8.09083e-13
5.35005 4.32353e-05 28.7762 -8.00843e-13
5.36496 4.31752e-05 28.724 -7.92709e-13
5.37988 4.31153e-05 28.672 -7.8468e-13
5.39479 4.30556e-05 28.6203 -7.76754e-13
5.40971 4.29962e-05 28.5688 -7.6893e-13
5.42462 4.29371e-05 28.5176 -7.61205e-13
5.43954 4.28782e-05 28.4666 -7.53579e-13
5.45445 4.28195e-05 28.4158 -7.4605e-13
5.46937 4.27611e-05 28.3653 -7.38616e-13
5.48428 4.27029e-05 28.315 -7.31276e-13
5.4992 4.26449e-05 28.265 -7.24028e-13
5.51411 4.25872e-05 28.2151 -7.16872e-13
5.52903 4.25297e-05 28.1655 -7.09805e-13
5.54394 4.24725e-05 28.1162 -7.02827e-13
5.55886 4.24155e-05 28.067 -6.95935e-13
5.57377 4.23587e-05 28.0181 -6.89129e-13
5.58869 4.23021e-05 27.9694 -6.82408e-13
5.6036 4.22458e-05 27.9209 -6.7577e-13
5.61852 4.21897e-05 27.8727 -6.69214e-13
5.63343 4.21338e-05 27.8246 -6.62738e-13
5.64835 4.20781e-05 27.7768 -6.56342e-13
5.66326 4.20226e-05 27.7292 -6.50024e-13
5.67818 4.19674e-05 27.6818 -6.43783e-13
5.69309 4.19124e-05 27.6347 -6.37618e-13
5.70801 4.18576e-05 27.5877 -6.31528e-13
5.72292 4.1803e-05 27.5409 -6.25512e-13
5.73784 4.17486e-05 27.4944 -6.19568e-13
5.75275 4.16945e-05 27.448 -6.13696e-13
5.76767 4.16405e-05 27.4019 -6.07895e-13
5.78258 4.15868e-05 27.356 -6.02163e-13
5.7975 4.15333e-05 27.3102 -5.965e-13
5.81241 4.14799e-05 27.2647 -5.90904e-13
5.82733 4.14268e-05 27.2194 -5.85375e-13
5.84224 4.13739e-05 27.1742 -5.79911e-13
5.85716 4.13212e-05 27.1293 -5.74513e-13
5.87207 4.12687e-05 27.0845 -5.69177e-13
5.88699 4.12164e-05 27.04 -5.63905e-13
5.9019 4.11643e-05 26.9956 -5.58695e-13
5.91682 4.11123e-05 26.9515 -5.53545e-13
5.93173 4.10606e-05 26.9075 -5.48456e-13
5.94665 4.10091e-05 26.8637 -5.43426e-13
5.96156 4.09578e-05 26.8201 -5.38455e-13
5.97648 4.09066e-05 26.7767 -5.33541e-13
5.99139 4.08557e-05 26.7334 -5.28684e-13
6.00631 4.08049e-05 26.6904 -5.23884e-13
6.02122 4.07543e-05 26.6475 -5.19138e-13
6.03614 4.0704e-05 26.6048 -5.14447e-13
6.05105 4.06538e-05 26.5623 -5.0981e-13
6.06597 4.06037e-05 26.52 -5.05226e-13
6.08088 4.05539e-05 26.4779 -5.00694e-13
6.0958 4.05043e-05 26.4359 -4.96214e-13
6.11071 4.04548e-05 26.3941 -4.91784e-13
6.12563 4.04055e-05 26.3525 -4.87405e-13
6.14054 4.03564e-05 26.311 -4.83075e-13
6.15546 4.03075e-05 26.2697 -4.78794e-13
6.17037 4.02588e-05 26.2286 -4.74561e-13
6.18529 4.02102e-05 26.1877 -4.70375e-13
6.2002 4.01618e-05 26.1469 -4.66236e-13
6.21512 4.01136e-05 26.1063 -4.62144e-13
6.23003 4.00655e-05 26.0659 -4.58097e-13
6.24494 4.00177e-05 26.0256 -4.54095e-13
6.25986 3.997e-05 25.9855 -4.50137e-13
6.27477 3.99224e-05 25.9456 -4.46223e-13
6.28969 3.98751e-05 25.9058 -4.42352e-13
6.3046 3.98279e-05 25.8662 -4.38524e-13
6.31952 3.97809e-05 25.8267 -4.34737e-13
6.33443 3.9734e-05 25.7874 -4.30993e-13
6.34935 3.96873e-05 25.7482 -4.27289e-13
6.36426 3.96408e-05 25.7093 -4.23625e-13
6.37918 3.95944e-05 25.6704 -4.20002e-13
6.39409 3.95482e-05 25.6318 -4.16417e-13
6.40901 3.95022e-05 25.5932 -4.12872e-13
6.42392 3.94563e-05 25.5549 -4.09364e-13
6.43884 3.94106e-05 25.5167 -4.05895e-13
6.45375 3.93651e-05 25.4786 -4.02463e-13
6.46867 3.93197e-05 25.4407 -3.99067e-13
6.48358 3.92744e-05 25.4029 -3.95708e-13
6.4985 3.92293e-05 25.3653 -3.92385e-13
6.51341 3.91844e-05 25.3278 -3.89097e-13
6.52833 3.91397e-05 25.2905 -3.85844e-13
6.54324 3.9095e-05 25.2533 -3.82626e-13
6.55816 3.90506e-05 25.2163 -3.79441e-13
6.57307 3.90063e-05 25.1794 -3.76291e-13
6.58799 3.89621e-05 25.1427 -3.73173e-13
6.6029 3.89181e-05 25.1061 -3.70088e-13
6.61782 3.88742e-05 25.0697 -3.67036e-13
6.63273 3.88305e-05 25.0334 -3.64015e-13
6.64765 3.8787e-05 24.9972 -3.61026e-13
6.66256 3.87436e-05 24.9612 -3.58068e-13
6.67748 3.87003e-05 24.9253 -3.55141e-13
6.69239 3.86572e-05 24.8895 -3.52244e-13
6.70731 3.86142e-05 24.8539 -3.49377e-13
6.72222 3.85714e-05 24.8184 -3.46539e-13
6.73714 3.85287e-05 24.7831 -3.43731e-13
6.75205 3.84862e-05 24.7479 -3.40952e-13
6.76697 3.84438e-05 24.7128 -3.38201e-13
6.78188 3.84016e-05 24.6779 -3.35478e-13
6.7968 3.83594e-05 24.6431 -3.32783e-13
6.81171 3.83175e-05 24.6085 -3.30116e-13
6.82663 3.82757e-05 24.5739 -3.27476e-13
6.84154 3.8234e-05 24.5396 -3.24862e-13
6.85646 3.81924e-05 24.5053 -3.22275e-13
6.87137 3.8151e-05 24.4712 -3.19714e-13
6.88629 3.81098e-05 24.4372 -3.17178e-13
6.9012 3.80687e-05 24.4033 -3.14668e-13
6.91612 3.80277e-05 24.3696 -3.12184e-13
6.93103 3.79868e-05 24.336 -3.09724e-13
6.94595 3.79461e-05 24.3025 -3.07288e-13
6.96086 3.79056e-05 24.2692 -3.04877e-13
6.97578 3.78651e-05 24.236 -3.0249e-13
6.99069 3.78248e-05 24.2029 -3.00127e-13
7.00561 3.77847e-05 24.1699 -2.97787e-13
7.02052 3.77447e-05 24.1371 -2.9547e-13
7.03544 3.77048e-05 24.1044 -2.93175e-13
7.05035 3.7665e-05 24.0718 -2.90904e-13
7.06527 3.76254e-05 24.0394 -2.88654e-13
7.08018 3.75859e-05 24.0071 -2.86427e-13
7.0951 3.75466e-05 23.9749 -2.84221e-13
7.11001 3.75074e-05 23.9429 -2.82037e-13
7.12492 3.74683e-05 23.9109 -2.79873e-13
7.13984 3.74294e-05 23.8792 -2.77731e-13
7.15475 3.73906e-05 23.8475 -2.7561e-13
7.16967 3.73519e-05 23.816 -2.73509e-13
7.18458 3.73134e-05 23.7846 -2.71428e-13
7.1995 3.7275e-05 23.7533 -2.69367e-13
7.21441 3.72368e-05 23.7222 -2.67326e-13
7.22933 3.71986e-05 23.6911 -2.65304e-13
7.24424 3.71607e-05 23.6603 -2.63301e-13
7.25916 3.71228e-05 23.6295 -2.61318e-13
7.27407 3.70851e-05 23.5989 -2.59353e-13
7.28899 3.70476e-05 23.5685 -2.57406e-13
7.3039 3.70102e-05 23.5381 -2.55478e-13
7.31882 3.69729e-05 23.5079 -2.53569e-13
7.33373 3.69358e-05 23.4779 -2.51676e-13
7.34865 3.68988e-05 23.448 -2.49802e-13
7.36356 3.6862e-05 23.4182 -2.47945e-13
7.37848 3.68253e-05 23.3886 -2.46105e-13
7.39339 3.67887e-05 23.3591 -2.44282e-13
7.40831 3.67524e-05 23.3297 -2.42476e-13
7.42322 3.67161e-05 23.3005 -2.40686e-13
7.43814 3.668e-05 23.2715 -2.38913e-13
7.45305 3.66441e-05 23.2426 -2.37156e-13
7.46797 3.66083e-05 23.2139 -2.35415e-13
7.48288 3.65727e-05 23.1853 -2.33689e-13
7.4978 3.65373e-05 23.1569 -2.31979e-13
7.51271 3.6502e-05 23.1287 -2.30284e-13
7.52763 3.64669e-05 23.1006 -2.28604e-13
7.54254 3.6432e-05 23.0727 -2.26939e-13
7.55746 3.63973e-05 23.045 -2.25288e-13
7.57237 3.63627e-05 23.0175 -2.23652e-13
7.58729 3.63283e-05 22.9901 -2.2203e-13
7.6022 3.62941e-05 22.9629 -2.20422e-13
7.61712 3.62601e-05 22.936 -2.18828e-13
7.63203 3.62263e-05 22.9092 -2.17247e-13
7.64695 3.61928e-05 22.8827 -2.1568e-13
7.66186 3.61594e-05 22.8563 -2.14125e-13
7.67678 3.61262e-05 22.8302 -2.12584e-13
7.69169 3.60933e-05 22.8043 -2.11054e-13
7.70661 3.60606e-05 22.7786 -2.09537e-13
7.72152 3.60281e-05 22.7532 -2.08032e-13
7.73644 3.59959e-05 22.7281 -2.06539e-13
7.75135 3.5964e-05 22.7031 -2.05057e-13
7.76627 3.59323e-05 22.6785 -2.03587e-13
7.78118 3.59009e-05 22.6542 -2.02127e-13
7.7961 3.58698e-05 22.6301 -2.00677e-13
7.81101 3.5839e-05 22.6064 -1.99238e-13
7.82593 3.58085e-05 22.5829 -1.97809e-13
7.84084 3.57783e-05 22.5598 -1.96389e-13
7.85576 3.57485e-05 22.5371 -1.94978e-13
7.87067 3.57191e-05 22.5147 -1.93575e-13
7.88559 3.569e-05 22.4926 -1.92181e-13
7.9005 3.56613e-05 22.471 -1.90795e-13
7.91542 3.5633e-05 22.4498 -1.89415e-13
7.93033 3.56051e-05 22.429 -1.88042e-13
7.94525 3.55777e-05 22.4087 -1.86675e-13
7.96016 3.55508e-05 22.3888 -1.85313e-13
7.97508 3.55244e-05 22.3695 -1.83956e-13
7.98999 3.54985e-05 22.3507 -1.82602e-13
8.0049 3.54732e-05 22.3324 -1.81252e-13
8.01982 3.54485e-05 22.3147 -1.79903e-13
8.03473 3.54244e-05 22.2976 -1.78556e-13
8.04965 3.5401e-05 22.2811 -1.77208e-13
8.06456 3.53783e-05 22.2653 -1.75858e-13
8.07948 3.53563e-05 22.2502 -1.74506e-13
8.09439 3.53351e-05 22.2359 -1.7315e-13
8.10931 3.53147e-05 22.2223 -1.71787e-13
8.12422 3.52953e-05 22.2096 -1.70417e-13
8.13914 3.52768e-05 22.1977 -1.69036e-13
8.15405 3.52593e-05 22.1868 -1.67644e-13
8.16897 3.52429e-05 22.1768 -1.66236e-13
8.18388 3.52276e-05 22.1679 -1.64811e-13
8.1988 3.52136e-05 22.16 -1.63365e-13
8.21371 3.52009e-05 22.1533 -1.61894e-13
8.22863 3.51896e-05 22.1478 -1.60394e-13
8.24354 3.51799e-05 22.1436 -1.58862e-13
8.25846 3.51717e-05 22.1407 -1.57291e-13
8.27337 3.51653e-05 22.1393 -1.55675e-13
8.28829 3.51608e-05 22.1394 -1.54009e-13
8.3032 3.51584e-05 22.1412 -1.52285e-13
8.31812 3.51581e-05 22.1446 -1.50493e-13
8.33303 3.51602e-05 22.1498 -1.48624e-13
8.34795 3.51648e-05 22.157 -1.46667e-13
8.36286 3.51723e-05 22.1662 -1.44608e-13
8.37778 3.51827e-05 22.1776 -1.42432e-13
8.39269 3.51965e-05 22.1913 -1.4012e-13
8.40761 3.52139e-05 22.2074 -1.3765e-13
8.42252 3.52352e-05 22.2262 -1.34996e-13
8.43744 3.52609e-05 22.2477 -1.32127e-13
8.45235 3.52914e-05 22.2723 -1.29003e-13
8.46727 3.53272e-05 22.3 -1.25577e-13
8.48218 3.53689e-05 22.3312 -1.21788e-13
8.4971 3.54172e-05 22.3661 -1.17561e-13
8.51201 3.5473e-05 22.405 -1.12802e-13
8.52693 3.55372e-05 22.4482 -1.07392e-13
8.54184 3.56111e-05 22.4961 -1.01181e-13
8.55676 3.56962e-05 22.5492 -9.39826e-14
8.57167 3.57942e-05 22.608 -8.5567e-14
8.58659 3.59074e-05 22.6732 -7.56528e-14
8.6015 3.60385e-05 22.7453 -6.39029e-14
8.61642 3.61908e-05 22.8255 -4.99222e-14
8.63133 3.63682e-05 22.9146 -3.32591e-14
8.64625 3.65757e-05 23.0139 -1.34154e-14
8.66116 3.6819e-05 23.125 1.01353e-14
8.67608 3.71049e-05 23.2495 3.79177e-14
8.69099 3.7441e-05 23.3893 7.04115e-14
8.70591 3.78363e-05 23.5468 1.07995e-13
8.72082 3.83003e-05 23.7243 1.50878e-13
8.73574 3.88434e-05 23.9246 1.99031e-13
8.75065 3.9476e-05 24.1503 2.52114e-13
8.76557 4.02087e-05 24.4042 3.0942e-13
8.78048 4.1051e-05 24.689 3.6985e-13
8.7954 4.2011e-05 25.007 4.3192e-13
8.81031 4.3095e-05 25.36 4.93814e-13
8.82523 4.43063e-05 25.7493 5.53482e-13
8.84014 4.56449e-05 26.1753 6.08771e-13
8.85506 4.71072e-05 26.6376 6.57573e-13
8.86997 4.8686e-05 27.1349 6.97977e-13
8.88488 5.03702e-05 27.6651 7.28392e-13
8.8998 5.21454e-05 28.2253 7.47637e-13
8.91471 5.39942e-05 28.8119 7.54993e-13
8.92963 5.5897e-05 29.421 7.50202e-13
8.94454 5.78326e-05 30.048 7.33443e-13
8.95946 5.9779e-05 30.6887 7.05268e-13
8.97437 6.17138e-05 31.3384 6.66538e-13
8.98929 6.36153e-05 31.9928 6.18342e-13
9.0042 6.54626e-05 32.6478 5.61922e-13
9.01912 6.72364e-05 33.2995 4.98608e-13
9.03403 6.8919e-05 33.9444 4.29757e-13
9.04895 7.0495e-05 34.5795 3.56707e-13
9.06386 7.1951e-05 35.2018 2.80743e-13
9.07878 7.32757e-05 35.8091 2.03065e-13
9.09369 7.44605e-05 36.3994 1.24775e-13
9.10861 7.54986e-05 36.971 4.68639e-14
9.12352 7.63856e-05 37.5226 -2.9796e-14
9.13844 7.71189e-05 38.053 -1.04449e-13
9.15335 7.76978e-05 38.5615 -1.76454e-13
9.16827 7.81232e-05 39.0475 -2.45282e-13
9.18318 7.83977e-05 39.5108 -3.10507e-13
9.1981 7.85249e-05 39.951 -3.71799e-13
9.21301 7.85097e-05 40.3683 -4.28914e-13
9.22793 7.83579e-05 40.7627 -4.81689e-13
9.24284 7.8076e-05 41.1345 -5.30028e-13
9.25776 7.76712e-05 41.4841 -5.73898e-13
9.27267 7.7151e-05 41.812 -6.13318e-13
9.28759 7.65236e-05 42.1187 -6.48353e-13
9.3025 7.57969e-05 42.4047 -6.79105e-13
9.31742 7.49793e-05 42.6707 -7.05706e-13
9.33233 7.4079e-05 42.9175 -7.28316e-13
9.34725 7.31042e-05 43.1456 -7.47111e-13
9.36216 7.20629e-05 43.3559 -7.62285e-13
9.37708 7.0963e-05 43.5491 -7.7404e-13
9.39199 6.98119e-05 43.726 -7.82585e-13
9.40691 6.86171e-05 43.8873 -7.88135e-13
9.42182 6.73853e-05 44.0338 -7.90902e-13
9.43674 6.61233e-05 44.1664 -7.911e-13
9.45165 6.48372e-05 44.2857 -7.88935e-13
9.46657 6.35328e-05 44.3925 -7.84612e-13
9.48148 6.22157e-05 44.4876 -7.78327e-13
9.4964 6.0891e-05 44.5717 -7.70269e-13
9.51131 5.95633e-05 44.6456 -7.6062e-13
9.52623 5.8237e-05 44.7099 -7.49552e-13
9.54114 5.6916e-05 44.7654 -7.37228e-13
9.55606 5.56041e-05 44.8126 -7.23802e-13
9.57097 5.43044e-05 44.8523 -7.09418e-13
9.58589 5.302e-05 44.8851 -6.94211e-13
9.6008 5.17534e-05 44.9116 -6.78307e-13
9.61572 5.05071e-05 44.9324 -6.61822e-13
9.63063 4.92832e-05 44.948 -6.44866e-13
9.64555 4.80834e-05 44.9591 -6.27537e-13
9.66046 4.69094e-05 44.966 -6.09926e-13
9.67538 4.57626e-05 44.9694 -5.92118e-13
9.69029 4.46439e-05 44.9697 -5.74189e-13
9.70521 4.35545e-05 44.9674 -5.56208e-13
9.72012 4.24951e-05 44.9628 -5.38239e-13
9.73504 4.14663e-05 44.9564 -5.20338e-13
9.74995 4.04684e-05 44.9486 -5.02556e-13
9.76486 3.95019e-05 44.9397 -4.8494e-13
9.77978 3.85669e-05 44.9301 -4.67528e-13
9.79469 3.76634e-05 44.92 -4.50359e-13
9.80961 3.67915e-05 44.9098 -4.33463e-13
9.82452 3.59509e-05 44.8998 -4.16868e-13
9.83944 3.51414e-05 44.8901 -4.00598e-13
9.85435 3.43628e-05 44.881 -3.84674e-13
9.86927 3.36146e-05 44.8727 -3.69113e-13
9.88418 3.28964e-05 44.8654 -3.5393e-13
9.8991 3.22077e-05 44.8592 -3.39137e-13
9.91401 3.15481e-05 44.8543 -3.24744e-13
9.92893 3.09168e-05 44.8507 -3.10758e-13
9.94384 3.03133e-05 44.8486 -2.97184e-13
9.95876 2.9737e-05 44.8481 -2.84026e-13
9.97367 2.91872e-05 44.8492 -2.71286e-13
9.98859 2.86632e-05 44.852 -2.58964e-13
10.0035 2.81642e-05 44.8565 -2.4706e-13
10.0184 2.76897e-05 44.8627 -2.3557e-13
10.0333 2.72388e-05 44.8707 -2.24492e-13
10.0482 2.68109e-05 44.8803 -2.13822e-13
10.0632 2.64052e-05 44.8917 -2.03553e-13
10.0781 2.6021e-05 44.9048 -1.93681e-13
10.093 2.56575e-05 44.9195 -1.84198e-13
10.1079 2.5314e-05 44.9358 -1.75097e-13
10.1228 2.49899e-05 44.9537 -1.66369e-13
10.1377 2.46844e-05 44.9731 -1.58008e-13
10.1527 2.43968e-05 44.994 -1.50003e-13
10.1676 2.41264e-05 45.0162 -1.42347e-13
10.1825 2.38726e-05 45.0397 -1.35028e-13
10.1974 2.36347e-05 45.0645 -1.28039e-13
10.2123 2.3412e-05 45.0905 -1.21368e-13
10.2272 2.32039e-05 45.1177 -1.15007e-13
10.2421 2.30099e-05 45.1458 -1.08945e-13
10.2571 2.28292e-05 45.1749 -1.03172e-13
10.272 2.26613e-05 45.205 -9.76791e-14
10.2869 2.25057e-05 45.2358 -9.24553e-14
10.3018 2.23618e-05 45.2675 -8.7491e-14
10.3167 2.2229e-05 45.2998 -8.27766e-14
10.3316 2.21069e-05 45.3328 -7.83024e-14
10.3465 2.19949e-05 45.3663 -7.40589e-14
10.3615 2.18926e-05 45.4004 -7.00369e-14
10.3764 2.17995e-05 45.4349 -6.6227e-14
10.3913 2.17151e-05 45.4698 -6.26206e-14
10.4062 2.1639e-05 45.505 -5.92087e-14
10.4211 2.15708e-05 45.5406 -5.59829e-14
10.436 2.15101e-05 45.5764 -5.2935e-14
10.451 2.14565e-05 45.6124 -5.00568e-14
10.4659 2.14097e-05 45.6485 -4.73406e-14
10.4808 2.13692e-05 45.6847 -4.47789e-14
10.4957 2.13348e-05 45.721 -4.23644e-14
10.5106 2.13061e-05 45.7574 -4.009e-14
10.5255 2.12828e-05 45.7937 -3.79489e-14
10.5404 2.12646e-05 45.83 -3.59345e-14
10.5554 2.12513e-05 45.8662 -3.40406e-14
10.5703 2.12424e-05 45.9023 -3.22612e-14
10.5852 2.12379e-05 45.9383 -3.05904e-14
10.6001 2.12374e-05 45.9741 -2.90226e-14
10.615 2.12407e-05 46.0098 -2.75524e-14
10.6299 2.12475e-05 46.0452 -2.61749e-14
10.6448 2.12578e-05 46.0804 -2.48851e-14
10.6598 2.12711e-05 46.1154 -2.36782e-14
10.6747 2.12874e-05 46.15 -2.25499e-14
10.6896 2.13065e-05 46.1844 -2.14959e-14
10.7045 2.13282e-05 46.2185 -2.05121e-14
10.7194 2.13523e-05 46.2523 -1.95947e-14
10.7343 2.13787e-05 46.2857 -1.87399e-14
10.7492 2.14071e-05 46.3188 -1.79442e-14
10.7642 2.14375e-05 46.3515 -1.72044e-14
10.7791 2.14698e-05 46.3838 -1.65171e-14
10.794 2.15037e-05 46.4158 -1.58795e-14
10.8089 2.15392e-05 46.4473 -1.52887e-14
10.8238 2.15762e-05 46.4785 -1.47418e-14
10.8387 2.16144e-05 46.5092 -1.42364e-14
10.8537 2.1654e-05 46.5395 -1.377e-14
10.8686 2.16946e-05 46.5694 -1.33403e-14
10.8835 2.17363e-05 46.5988 -1.29451e-14
10.8984 2.17789e-05 46.6278 -1.25822e-14
10.9133 2.18224e-05 46.6564 -1.22498e-14
10.9282 2.18667e-05 46.6845 -1.1946e-14
10.9431 2.19117e-05 46.7122 -1.16689e-14
10.9581 2.19573e-05 46.7394 -1.1417e-14
10.973 2.20035e-05 46.7661 -1.11887e-14
10.9879 2.20501e-05 46.7924 -1.09824e-14
11.0028 2.20973e-05 46.8182 -1.07967e-14
11.0177 2.21448e-05 46.8435 -1.06304e-14
11.0326 2.21926e-05 46.8684 -1.04822e-14
11.0475 2.22407e-05 46.8928 -1.03508e-14
11.0625 2.2289e-05 46.9167 -1.02352e-14
11.0774 2.23375e-05 46.9402 -1.01344e-14
11.0923 2.23862e-05 46.9632 -1.00472e-14
11.1072 2.24349e-05 46.9857 -9.97289e-15
11.1221 2.24837e-05 47.0077 -9.91044e-15
11.137 2.25326e-05 47.0293 -9.85907e-15
11.152 2.25814e-05 47.0504 -9.81798e-15
11.1669 2.26302e-05 47.071 -9.78646e-15
11.1818 2.2679e-05 47.0912 -9.76379e-15
11.1967 2.27276e-05 47.1109 -9.74932e-15
11.2116 2.27761e-05 47.1301 -9.74246e-15
11.2265 2.28245e-05 47.1489 -9.7426e-15
11.2414 2.28727e-05 47.1672 -9.74922e-15
11.2564 2.29207e-05 47.185 -9.76181e-15
11.2713 2.29685e-05 47.2024 -9.77988e-15
11.2862 2.3016e-05 47.2193 -9.80298e-15
11.3011 2.30634e-05 47.2358 -9.83069e-15
11.316 2.31104e-05 47.2518 -9.86262e-15
11.3309 2.31572e-05 47.2674 -9.8984e-15
11.3458 2.32037e-05 47.2825 -9.93767e-15
11.3608 2.32499e-05 47.2972 -9.98011e-15
11.3757 2.32958e-05 47.3114 -1.00254e-14
11.3906 2.33413e-05 47.3253 -1.00733e-14
11.4055 2.33865e-05 47.3386 -1.01235e-14
11.4204 2.34314e-05 47.3516 -1.01757e-14
11.4353 2.34759e-05 47.3641 -1.02298e-14
11.4503 2.352e-05 47.3762 -1.02854e-14
11.4652 2.35638e-05 47.3879 -1.03425e-14
11.4801 2.36072e-05 47.3992 -1.04007e-14
11.495 2.36502e-05 47.41 -1.046e-14
11.5099 2.36928e-05 47.4204 -1.05201e-14
11.5248 2.3735e-05 47.4305 -1.05809e-14
11.5397 2.37768e-05 47.4401 -1.06423e-14
11.5547 2.38182e-05 47.4493 -1.07041e-14
11.5696 2.38593e-05 47.4582 -1.07662e-14
11.5845 2.38998e-05 47.4666 -1.08285e-14
11.5994 2.394e-05 47.4747 -1.08909e-14
11.6143 2.39798e-05 47.4823 -1.09532e-14
11.6292 2.40191e-05 47.4896 -1.10153e-14
11.6441 2.40581e-05 47.4965 -1.10773e-14
11.6591 2.40966e-05 47.5031 -1.1139e-14
11.674 2.41347e-05 47.5092 -1.12003e-14
11.6889 2.41723e-05 47.515 -1.12612e-14
11.7038 2.42096e-05 47.5204 -1.13216e-14
11.7187 2.42464e-05 47.5255 -1.13814e-14
11.7336 2.42828e-05 47.5302 -1.14406e-14
11.7485 2.43187e-05 47.5346 -1.14991e-14
11.7635 2.43543e-05 47.5386 -1.1557e-14
11.7784 2.43894e-05 47.5422 -1.16141e-14
11.7933 2.44241e-05 47.5456 -1.16704e-14
11.8082 2.44583e-05 47.5485 -1.17259e-14
11.8231 2.44922e-05 47.5512 -1.17806e-14
11.838 2.45256e-05 47.5535 -1.18344e-14
11.853 2.45586e-05 47.5555 -1.18873e-14
11.8679 2.45912e-05 47.5571 -1.19393e-14
11.8828 2.46234e-05 47.5585 -1.19903e-14
11.8977 2.46551e-05 47.5595 -1.20404e-14
11.9126 2.46865e-05 47.5602 -1.20895e-14
11.9275 2.47174e-05 47.5605 -1.21376e-14
11.9424 2.47479e-05 47.5606 -1.21848e-14
11.9574 2.4778e-05 47.5604 -1.22309e-14
11.9723 2.48077e-05 47.5599 -1.2276e-14
11.9872 2.4837e-05 47.559 -1.23201e-14
12.0021 2.4866e-05 47.5579 -1.23632e-14
12.017 2.48945e-05 47.5565 -1.24052e-14
12.0319 2.49226e-05 47.5548 -1.24462e-14
12.0468 2.49503e-05 47.5528 -1.24862e-14
12.0618 2.49776e-05 47.5505 -1.25252e-14
12.0767 2.50045e-05 47.548 -1.25631e-14
12.0916 2.50311e-05 47.5451 -1.26e-14
12.1065 2.50573e-05 47.542 -1.26358e-14
12.1214 2.5083e-05 47.5387 -1.26707e-14
12.1363 2.51085e-05 47.535 -1.27045e-14
12.1513 2.51335e-05 47.5311 -1.27373e-14
12.1662 2.51581e-05 47.527 -1.27691e-14
12.1811 2.51824e-05 47.5225 -1.27999e-14
12.196 2.52063e-05 47.5179 -1.28297e-14
12.2109 2.52299e-05 47.5129 -1.28585e-14
12.2258 2.52531e-05 47.5078 -1.28863e-14
12.2407 2.52759e-05 47.5023 -1.29131e-14
12.2557 2.52984e-05 47.4967 -1.2939e-14
12.2706 2.53205e-05 47.4907 -1.29639e-14
12.2855 2.53423e-05 47.4846 -1.29879e-14
12.3004 2.53637e-05 47.4782 -1.30109e-14
12.3153 2.53848e-05 47.4716 -1.30329e-14
12.3302 2.54055e-05 47.4648 -1.30541e-14
12.3451 2.54259e-05 47.4577 -1.30743e-14
12.3601 2.54459e-05 47.4504 -1.30937e-14
12.375 2.54656e-05 47.4429 -1.31121e-14
12.3899 2.5485e-05 47.4351 -1.31297e-14
12.4048 2.55041e-05 47.4272 -1.31463e-14
12.4197 2.55228e-05 47.419 -1.31622e-14
12.4346 2.55412e-05 47.4106 -1.31771e-14
12.4495 2.55593e-05 47.4021 -1.31912e-14
12.4645 2.55771e-05 47.3933 -1.32045e-14
12.4794 2.55946e-05 47.3843 -1.32169e-14
12.4943 2.56117e-05 47.3751 -1.32286e-14
12.5092 2.56285e-05 47.3657 -1.32394e-14
12.5241 2.56451e-05 47.3561 -1.32494e-14
12.539 2.56613e-05 47.3463 -1.32587e-14
12.554 2.56772e-05 47.3364 -1.32672e-14
12.5689 2.56928e-05 47.3262 -1.32749e-14
12.5838 2.57082e-05 47.3158 -1.32819e-14
12.5987 2.57232e-05 47.3053 -1.32881e-14
12.6136 2.5738e-05 47.2946 -1.32936e-14
12.6285 2.57524e-05 47.2837 -1.32984e-14
12.6434 2.57666e-05 47.2726 -1.33024e-14
12.6584 2.57805e-05 47.2614 -1.33058e-14
12.6733 2.57941e-05 47.25 -1.33085e-14
12.6882 2.58075e-05 47.2384 -1.33105e-14
12.7031 2.58206e-05 47.2266 -1.33118e-14
12.718 2.58334e-05 47.2147 -1.33125e-14
12.7329 2.58459e-05 47.2026 -1.33125e-14
12.7478 2.58582e-05 47.1904 -1.33119e-14
12.7628 2.58702e-05 47.178 -1.33106e-14
12.7777 2.58819e-05 47.1654 -1.33087e-14
12.7926 2.58934e-05 47.1527 -1.33062e-14
12.8075 2.59046e-05 47.1398 -1.33031e-14
12.8224 2.59156e-05 47.1268 -1.32994e-14
12.8373 2.59263e-05 47.1137 -1.32952e-14
12.8523 2.59368e-05 47.1003 -1.32903e-14
12.8672 2.5947e-05 47.0869 -1.32849e-14
12.8821 2.5957e-05 47.0733 -1.32789e-14
12.897 2.59668e-05 47.0595 -1.32724e-14
12.9119 2.59763e-05 47.0456 -1.32654e-14
12.9268 2.59856e-05 47.0316 -1.32578e-14
12.9417 2.59946e-05 47.0175 -1.32497e-14
12.9567 2.60035e-05 47.0032 -1.3241e-14
12.9716 2.60121e-05 46.9888 -1.32319e-14
12.9865 2.60204e-05 46.9742 -1.32223e-14
13.0014 2.60286e-05 46.9595 -1.32122e-14
13.0163 2.60365e-05 46.9447 -1.32016e-14
13.0312 2.60442e-05 46.9298 -1.31905e-14
13.0461 2.60517e-05 46.9147 -1.3179e-14
13.0611 2.60589e-05 46.8996 -1.3167e-14
13.076 2.6066e-05 46.8843 -1.31546e-14
13.0909 2.60729e-05 46.8689 -1.31417e-14
13.1058 2.60795e-05 46.8533 -1.31284e-14
13.1207 2.6086e-05 46.8377 -1.31146e-14
13.1356 2.60922e-05 46.822 -1.31005e-14
13.1506 2.60982e-05 46.8061 -1.30859e-14
13.1655 2.61041e-05 46.7901 -1.3071e-14
13.1804 2.61097e-05 46.7741 -1.30556e-14
13.1953 2.61152e-05 46.7579 -1.30398e-14
13.2102 2.61205e-05 46.7416 -1.30237e-14
13.2251 2.61255e-05 46.7252 -1.30072e-14
13.24 2.61304e-05 46.7087 -1.29903e-14
13.255 2.61351e-05 46.6922 -1.2973e-14
13.2699 2.61396e-05 46.6755 -1.29554e-14
13.2848 2.6144e-05 46.6587 -1.29375e-14
13.2997 2.61482e-05 46.6418 -1.29192e-14
13.3146 2.61521e-05 46.6249 -1.29005e-14
13.3295 2.6156e-05 46.6078 -1.28816e-14
13.3444 2.61596e-05 46.5907 -1.28623e-14
13.3594 2.61631e-05 46.5734 -1.28427e-14
13.3743 2.61664e-05 46.5561 -1.28228e-14
13.3892 2.61695e-05 46.5387 -1.28025e-14
13.4041 2.61725e-05 46.5212 -1.2782e-14
13.419 2.61753e-05 46.5037 -1.27612e-14
13.4339 2.61779e-05 46.486 -1.27401e-14
13.4488 2.61804e-05 46.4683 -1.27187e-14
13.4638 2.61828e-05 46.4505 -1.2697e-14
13.4787 2.6185e-05 46.4326 -1.26751e-14
13.4936 2.6187e-05 46.4146 -1.26528e-14
13.5085 2.61889e-05 46.3966 -1.26304e-14
13.5234 2.61906e-05 46.3785 -1.26076e-14
13.5383 2.61922e-05 46.3603 -1.25846e-14
13.5533 2.61936e-05 46.3421 -1.25614e-14
13.5682 2.61949e-05 46.3238 -1.2538e-14
13.5831 2.61961e-05 46.3054 -1.25142e-14
13.598 2.61971e-05 46.2869 -1.24903e-14
13.6129 2.6198e-05 46.2684 -1.24661e-14
13.6278 2.61987e-05 46.2498 -1.24418e-14
13.6427 2.61994e-05 46.2312 -1.24172e-14
13.6577 2.61998e-05 46.2125 -1.23923e-14
13.6726 2.62002e-05 46.1937 -1.23673e-14
13.6875 2.62004e-05 46.1749 -1.23421e-14
13.7024 2.62005e-05 46.156 -1.23167e-14
13.7173 2.62005e-05 46.1371 -1.22911e-14
13.7322 2.62003e-05 46.1181 -1.22652e-14
13.7471 2.62e-05 46.0991 -1.22393e-14
13.7621 2.61997e-05 46.08 -1.22131e-14
13.777 2.61991e-05 46.0609 -1.21867e-14
13.7919 2.61985e-05 46.0417 -1.21602e-14
13.8068 2.61978e-05 46.0224 -1.21335e-14
13.8217 2.61969e-05 46.0031 -1.21066e-14
13.8366 2.61959e-05 45.9838 -1.20796e-14
13.8516 2.61949e-05 45.9644 -1.20525e-14
13.8665 2.61937e-05 45.945 -1.20251e-14
13.8814 2.61924e-05 45.9255 -1.19976e-14
13.8963 2.6191e-05 45.906 -1.197e-14
13.9112 2.61895e-05 45.8864 -1.19422e-14
13.9261 2.61879e-05 45.8668 -1.19143e-14
13.941 2.61862e-05 45.8472 -1.18863e-14
13.956 2.61844e-05 45.8275 -1.18581e-14
13.9709 2.61825e-05 45.8078 -1.18298e-14
13.9858 2.61805e-05 45.7881 -1.18014e-14
14.0007 2.61784e-05 45.7683 -1.17728e-14
14.0156 2.61762e-05 45.7485 -1.17442e-14
14.0305 2.61739e-05 45.7286 -1.17154e-14
14.0454 2.61716e-05 45.7087 -1.16865e-14
14.0604 2.61691e-05 45.6888 -1.16575e-14
14.0753 2.61666e-05 45.6689 -1.16284e-14
14.0902 2.6164e-05 45.6489 -1.15992e-14
14.1051 2.61612e-05 45.6289 -1.15699e-14
14.12 2.61585e-05 45.6089 -1.15405e-14
14.1349 2.61556e-05 45.5888 -1.1511e-14
14.1498 2.61526e-05 45.5687 -1.14814e-14
14.1648 2.61496e-05 45.5486 -1.14517e-14
14.1797 2.61465e-05 45.5285 -1.1422e-14
14.1946 2.61433e-05 45.5084 -1.13921e-14
14.2095 2.614e-05 45.4882 -1.13622e-14
14.2244 2.61367e-05 45.468 -1.13322e-14
14.2393 2.61333e-05 45.4478 -1.13022e-14
14.2543 2.61298e-05 45.4275 -1.1272e-14
14.2692 2.61263e-05 45.4073 -1.12418e-14
14.2841 2.61227e-05 45.387 -1.12115e-14
14.299 2.6119e-05 45.3667 -1.11812e-14
14.3139 2.61153e-05 45.3464 -1.11508e-14
14.3288 2.61114e-05 45.3261 -1.11204e-14
14.3437 2.61076e-05 45.3058 -1.10899e-14
14.3587 2.61036e-05 45.2854 -1.10593e-14
14.3736 2.60997e-05 45.2651 -1.10287e-14
14.3885 2.60956e-05 45.2447 -1.0998e-14
14.4034 2.60915e-05 45.2243 -1.09673e-14
14.4183 2.60873e-05 45.2039 -1.09366e-14
14.4332 2.60831e-05 45.1835 -1.09058e-14
14.4481 2.60788e-05 45.1631 -1.08749e-14
14.4631 2.60745e-05 45.1427 -1.08441e-14
14.478 2.60701e-05 45.1223 -1.08132e-14
14.4929 2.60657e-05 45.1018 -1.07822e-14
14.5078 2.60612e-05 45.0814 -1.07513e-14
14.5227 2.60567e-05 45.0609 -1.07203e-14
14.5376 2.60521e-05 45.0405 -1.06892e-14
14.5526 2.60475e-05 45.02 -1.06582e-14
14.5675 2.60428e-05 44.9996 -1.06271e-14
14.5824 2.60381e-05 44.9791 -1.0596e-14
14.5973 2.60334e-05 44.9587 -1.05649e-14
14.6122 2.60286e-05 44.9382 -1.05338e-14
14.6271 2.60238e-05 44.9177 -1.05026e-14
14.642 2.60189e-05 44.8973 -1.04715e-14
14.657 2.6014e-05 44.8768 -1.04403e-14
14.6719 2.6009e-05 44.8564 -1.04091e-14
14.6868 2.6004e-05 44.8359 -1.03779e-14
14.7017 2.5999e-05 44.8155 -1.03467e-14
14.7166 2.5994e-05 44.795 -1.03155e-14
14.7315 2.59889e-05 44.7746 -1.02843e-14
14.7464 2.59838e-05 44.7541 -1.02531e-14
14.7614 2.59786e-05 44.7337 -1.02219e-14
14.7763 2.59734e-05 44.7133 -1.01907e-14
14.7912 2.59682e-05 44.6929 -1.01595e-14
14.8061 2.5963e-05 44.6724 -1.01283e-14
14.821 2.59577e-05 44.652 -1.00971e-14
14.8359 2.59524e-05 44.6316 -1.00659e-14
14.8509 2.59471e-05 44.6113 -1.00347e-14
14.8658 2.59418e-05 44.5909 -1.00035e-14
14.8807 2.59364e-05 44.5705 -9.97236e-15
14.8956 2.5931e-05 44.5502 -9.94121e-15
14.9105 2.59256e-05 44.5298 -9.91008e-15
14.9254 2.59202e-05 44.5095 -9.87896e-15
14.9403 2.59147e-05 44.4892 -9.84786e-15
14.9553 2.59093e-05 44.4689 -9.81678e-15
14.9702 2.59038e-05 44.4486 -9.78571e-15
14.9851 2.58983e-05 44.4283 -9.75467e-15
15 2.58928e-05 44.408 -4.86958e-15
