0.1 0.000315107 980.589 -4.30458e-07
0.114915 0.000295007 891.954 -7.00221e-07
0.12983 0.00027755 820.664 -4.46728e-07
0.144745 0.00026286 762.598 -2.98191e-07
0.15966 0.000250279 714.199 -2.0725e-07
0.174575 0.000239348 673.105 -1.48879e-07
0.189489 0.000229734 637.685 -1.09927e-07
0.204404 0.000221193 606.771 -8.30739e-08
0.219319 0.000213539 579.504 -6.4042e-08
0.234234 0.000206628 555.235 -5.02289e-08
0.249149 0.000200348 533.466 -3.9994e-08
0.264064 0.000194607 513.804 -3.22715e-08
0.278979 0.000189333 495.939 -2.63501e-08
0.293894 0.000184466 479.62 -2.17444e-08
0.308809 0.000179956 464.641 -1.81157e-08
0.323724 0.000175761 450.833 -1.52234e-08
0.338639 0.000171847 438.054 -1.28936e-08
0.353554 0.000168183 426.187 -1.0999e-08
0.368468 0.000164744 415.131 -9.44473e-09
0.383383 0.000161507 404.8 -8.15928e-09
0.398298 0.000158454 395.119 -7.08828e-09
0.413213 0.000155568 386.025 -6.18982e-09
0.428128 0.000152834 377.464 -5.43129e-09
0.443043 0.00015024 369.385 -4.78709e-09
0.457958 0.000147773 361.747 -4.23698e-09
0.472873 0.000145423 354.512 -3.76478e-09
0.487788 0.000143183 347.647 -3.35751e-09
0.502703 0.000141043 341.122 -3.00463e-09
0.517618 0.000138996 334.911 -2.69757e-09
0.532533 0.000137035 328.99 -2.42933e-09
0.547447 0.000135156 323.338 -2.19409e-09
0.562362 0.000133351 317.935 -1.98705e-09
0.577277 0.000131617 312.764 -1.80423e-09
0.592192 0.000129949 307.81 -1.64226e-09
0.607107 0.000128343 303.059 -1.49833e-09
0.622022 0.000126795 298.496 -1.37006e-09
0.636937 0.000125302 294.111 -1.25542e-09
0.651852 0.00012386 289.892 -1.15271e-09
0.666767 0.000122467 285.83 -1.06044e-09
0.681682 0.000121119 281.915 -9.77357e-10
0.696597 0.000119816 278.139 -9.02374e-10
0.711512 0.000118553 274.494 -8.34553e-10
0.726426 0.00011733 270.973 -7.73079e-10
0.741341 0.000116144 267.57 -7.17247e-10
0.756256 0.000114993 264.277 -6.6644e-10
0.771171 0.000113875 261.089 -6.2012e-10
0.786086 0.00011279 258.002 -5.77815e-10
0.801001 0.000111734 255.009 -5.39111e-10
0.815916 0.000110709 252.107 -5.03642e-10
0.830831 0.00010971 249.291 -4.71087e-10
0.845746 0.000108739 246.557 -4.41159e-10
0.860661 0.000107792 243.901 -4.13607e-10
0.875576 0.00010687 241.32 -3.88204e-10
0.89049 0.000105971 238.81 -3.64752e-10
0.905405 0.000105095 236.368 -3.4307e-10
0.92032 0.00010424 233.992 -3.23e-10
0.935235 0.000103405 231.677 -3.04399e-10
0.95015 0.00010259 229.423 -2.87138e-10
0.965065 0.000101795 227.226 -2.71102e-10
0.97998 0.000101017 225.085 -2.56186e-10
0.994895 0.000100257 222.996 -2.42298e-10
1.00981 9.95138e-05 220.957 -2.29353e-10
1.02472 9.87869e-05 218.968 -2.17274e-10
1.03964 9.80757e-05 217.026 -2.05992e-10
1.05455 9.73797e-05 215.129 -1.95444e-10
1.06947 9.66982e-05 213.275 -1.85573e-10
1.08438 9.60309e-05 211.463 -1.76326e-10
1.0993 9.53772e-05 209.692 -1.67657e-10
1.11421 9.47367e-05 207.959 -1.59523e-10
1.12913 9.41089e-05 206.265 -1.51883e-10
1.14404 9.34935e-05 204.606 -1.44703e-10
1.15896 9.28899e-05 202.983 -1.37948e-10
1.17387 9.22979e-05 201.393 -1.31589e-10
1.18879 9.17171e-05 199.837 -1.25597e-10
1.2037 9.11471e-05 198.312 -1.19948e-10
1.21862 9.05876e-05 196.817 -1.14618e-10
1.23353 9.00382e-05 195.353 -1.09586e-10
1.24845 8.94988e-05 193.917 -1.0483e-10
1.26336 8.89689e-05 192.508 -1.00334e-10
1.27828 8.84483e-05 191.127 -9.608e-11
1.29319 8.79368e-05 189.772 -9.20525e-11
1.30811 8.7434e-05 188.442 -8.82371e-11
1.32302 8.69398e-05 187.137 -8.46204e-11
1.33794 8.64538e-05 185.856 -8.11899e-11
1.35285 8.59759e-05 184.598 -7.79342e-11
1.36777 8.55059e-05 183.362 -7.48426e-11
1.38268 8.50434e-05 182.148 -7.1905e-11
1.3976 8.45884e-05 180.956 -6.91124e-11
1.41251 8.41407e-05 179.784 -6.64561e-11
1.42743 8.36999e-05 178.632 -6.39282e-11
1.44234 8.3266e-05 177.499 -6.15211e-11
1.45726 8.28388e-05 176.386 -5.92279e-11
1.47217 8.24181e-05 175.291 -5.70421e-11
1.48709 8.20037e-05 174.214 -5.49577e-11
1.502 8.15955e-05 173.154 -5.2969e-11
1.51692 8.11934e-05 172.111 -5.10705e-11
1.53183 8.07971e-05 171.085 -4.92575e-11
1.54675 8.04066e-05 170.074 -4.75251e-11
1.56166 8.00216e-05 169.079 -4.58689e-11
1.57658 7.96421e-05 168.099 -4.42847e-11
1.59149 7.9268e-05 167.134 -4.27687e-11
1.60641 7.8899e-05 166.182 -4.13169e-11
1.62132 7.85351e-05 165.244 -3.99259e-11
1.63624 7.81761e-05 164.318 -3.85921e-11
1.65115 7.78219e-05 163.404 -3.73121e-11
1.66607 7.74724e-05 162.5 -3.60825e-11
1.68098 7.71274e-05 161.607 -3.49001e-11
1.6959 7.67868e-05 160.721 -3.37612e-11
1.71081 7.64504e-05 159.842 -3.26622e-11
1.72573 7.6118e-05 158.967 -3.15993e-11
1.74064 7.57894e-05 158.094 -3.0568e-11
1.75556 7.54645e-05 157.217 -2.95634e-11
1.77047 7.51428e-05 156.333 -2.85794e-11
1.78539 7.48243e-05 155.434 -2.76091e-11
1.8003 7.45084e-05 154.513 -2.66434e-11
1.81522 7.41949e-05 153.557 -2.56713e-11
1.83013 7.38835e-05 152.553 -2.46785e-11
1.84505 7.35737e-05 151.482 -2.36466e-11
1.85996 7.32656e-05 150.319 -2.25524e-11
1.87487 7.29595e-05 149.035 -2.13667e-11
1.88979 7.26561e-05 147.593 -2.00549e-11
1.9047 7.23573e-05 145.949 -1.85778e-11
1.91962 7.20655e-05 144.052 -1.68973e-11
1.93453 7.17842e-05 141.844 -1.49835e-11
1.94945 7.15168e-05 139.266 -1.28266e-11
1.96436 7.12654e-05 136.259 -1.04468e-11
1.97928 7.10294e-05 132.777 -7.89914e-12
1.99419 7.08047e-05 128.792 -5.26739e-12
2.00911 7.05841e-05 124.308 -2.64898e-12
2.02402 7.03601e-05 119.367 -1.38212e-13
2.03894 7.01267e-05 114.05 2.18289e-12
2.05385 6.98823e-05 108.472 4.24377e-12
2.06877 6.96284e-05 102.765 5.98011e-12
2.08368 6.93689e-05 97.0642 7.3309e-12
2.0986 6.91079e-05 91.4958 8.23985e-12
2.11351 6.88486e-05 86.1657 8.65934e-12
2.12843 6.8593e-05 81.1585 8.55501e-12
2.14334 6.83421e-05 76.5362 7.91129e-12
2.15826 6.80961e-05 72.3407 6.73856e-12
2.17317 6.78547e-05 68.5949 5.08116e-12
2.18809 6.76176e-05 65.3046 3.02292e-12
2.203 6.73843e-05 62.4602 6.85682e-13
2.21792 6.71545e-05 60.0384 -1.7822e-12
2.23283 6.69277e-05 58.0045 -4.22619e-12
2.24775 6.67038e-05 56.3159 -6.50881e-12
2.26266 6.64826e-05 54.9259 -8.52802e-12
2.27758 6.62638e-05 53.7872 -1.02256e-11
2.29249 6.60474e-05 52.8549 -1.15846e-11
2.30741 6.58332e-05 52.0891 -1.26205e-11
2.32232 6.56211e-05 51.4549 -1.33686e-11
2.33724 6.54112e-05 50.9237 -1.38732e-11
2.35215 6.52034e-05 50.4722 -1.41804e-11
2.36707 6.49975e-05 50.082 -1.43321e-11
2.38198 6.47936e-05 49.7386 -1.43648e-11
2.3969 6.45917e-05 49.4311 -1.43084e-11
2.41181 6.43916e-05 49.151 -1.41866e-11
2.42673 6.41934e-05 48.8918 -1.40178e-11
2.44164 6.3997e-05 48.6489 -1.38161e-11
2.45656 6.38024e-05 48.4185 -1.3592e-11
2.47147 6.36096e-05 48.1979 -1.33535e-11
2.48639 6.34185e-05 47.9851 -1.31063e-11
2.5013 6.32291e-05 47.7786 -1.28547e-11
2.51622 6.30414e-05 47.5773 -1.26016e-11
2.53113 6.28554e-05 47.3803 -1.23494e-11
2.54605 6.2671e-05 47.1869 -1.20995e-11
2.56096 6.24883e-05 46.9968 -1.18531e-11
2.57588 6.23071e-05 46.8094 -1.16109e-11
2.59079 6.21275e-05 46.6246 -1.13733e-11
2.60571 6.19494e-05 46.4421 -1.11408e-11
2.62062 6.17729e-05 46.2618 -1.09134e-11
2.63554 6.15979e-05 46.0836 -1.06912e-11
2.65045 6.14243e-05 45.9072 -1.04744e-11
2.66537 6.12522e-05 45.7328 -1.02627e-11
2.68028 6.10815e-05 45.5601 -1.00562e-11
2.6952 6.09123e-05 45.3891 -9.85484e-12
2.71011 6.07444e-05 45.2198 -9.65842e-12
2.72503 6.0578e-05 45.0522 -9.46685e-12
2.73994 6.04129e-05 44.8862 -9.28002e-12
2.75485 6.02491e-05 44.7218 -9.09781e-12
2.76977 6.00867e-05 44.5589 -8.92009e-12
2.78468 5.99255e-05 44.3975 -8.74673e-12
2.7996 5.97657e-05 44.2376 -8.57761e-12
2.81451 5.96071e-05 44.0792 -8.41262e-12
2.82943 5.94498e-05 43.9223 -8.25164e-12
2.84434 5.92937e-05 43.7667 -8.09455e-12
2.85926 5.91389e-05 43.6126 -7.94123e-12
2.87417 5.89853e-05 43.4598 -7.79159e-12
2.88909 5.88328e-05 43.3085 -7.64552e-12
2.904 5.86815e-05 43.1584 -7.5029e-12
2.91892 5.85314e-05 43.0097 -7.36366e-12
2.93383 5.83824e-05 42.8623 -7.22768e-12
2.94875 5.82346e-05 42.7161 -7.09488e-12
2.96366 5.80879e-05 42.5713 -6.96517e-12
2.97858 5.79423e-05 42.4277 -6.83846e-12
2.99349 5.77977e-05 42.2853 -6.71467e-12
3.00841 5.76543e-05 42.1441 -6.59372e-12
3.02332 5.75119e-05 42.0041 -6.47552e-12
3.03824 5.73706e-05 41.8654 -6.36001e-12
3.05315 5.72303e-05 41.7278 -6.24711e-12
3.06807 5.7091e-05 41.5913 -6.13674e-12
3.08298 5.69527e-05 41.456 -6.02884e-12
3.0979 5.68155e-05 41.3218 -5.92334e-12
3.11281 5.66792e-05 41.1887 -5.82018e-12
3.12773 5.65439e-05 41.0567 -5.7193e-12
3.14264 5.64095e-05 40.9258 -5.62063e-12
3.15756 5.62761e-05 40.7959 -5.52411e-12
3.17247 5.61437e-05 40.6671 -5.4297e-12
3.18739 5.60122e-05 40.5394 -5.33733e-12
3.2023 5.58816e-05 40.4126 -5.24694e-12
3.21722 5.57519e-05 40.2869 -5.1585e-12
3.23213 5.56231e-05 40.1622 -5.07194e-12
3.24705 5.54952e-05 40.0385 -4.98722e-12
3.26196 5.53682e-05 39.9157 -4.9043e-12
3.27688 5.52421e-05 39.7939 -4.82312e-12
3.29179 5.51168e-05 39.673 -4.74364e-12
3.30671 5.49923e-05 39.5531 -4.66582e-12
3.32162 5.48687e-05 39.4341 -4.58962e-12
3.33654 5.4746e-05 39.3161 -4.51499e-12
3.35145 5.4624e-05 39.1989 -4.44191e-12
3.36637 5.45029e-05 39.0826 -4.37031e-12
3.38128 5.43825e-05 38.9672 -4.30019e-12
3.3962 5.4263e-05 38.8527 -4.23148e-12
3.41111 5.41442e-05 38.7391 -4.16417e-12
3.42603 5.40262e-05 38.6262 -4.09821e-12
3.44094 5.3909e-05 38.5143 -4.03358e-12
3.45586 5.37926e-05 38.4032 -3.97023e-12
3.47077 5.36769e-05 38.2928 -3.90815e-12
3.48569 5.35619e-05 38.1833 -3.8473e-12
3.5006 5.34477e-05 38.0746 -3.78764e-12
3.51552 5.33342e-05 37.9667 -3.72916e-12
3.53043 5.32214e-05 37.8596 -3.67182e-12
3.54535 5.31093e-05 37.7533 -3.6156e-12
3.56026 5.2998e-05 37.6477 -3.56047e-12
3.57518 5.28873e-05 37.5429 -3.50641e-12
3.59009 5.27773e-05 37.4388 -3.45338e-12
3.60501 5.2668e-05 37.3355 -3.40137e-12
3.61992 5.25594e-05 37.2329 -3.35035e-12
3.63483 5.24515e-05 37.131 -3.30031e-12
3.64975 5.23442e-05 37.0298 -3.2512e-12
3.66466 5.22376e-05 36.9294 -3.20303e-12
3.67958 5.21316e-05 36.8296 -3.15576e-12
3.69449 5.20262e-05 36.7306 -3.10937e-12
3.70941 5.19215e-05 36.6322 -3.06385e-12
3.72432 5.18175e-05 36.5345 -3.01917e-12
3.73924 5.1714e-05 36.4375 -2.97531e-12
3.75415 5.16112e-05 36.3411 -2.93227e-12
3.76907 5.1509e-05 36.2454 -2.89001e-12
3.78398 5.14074e-05 36.1503 -2.84852e-12
3.7989 5.13064e-05 36.0559 -2.80779e-12
3.81381 5.12059e-05 35.9621 -2.7678e-12
3.82873 5.11061e-05 35.869 -2.72853e-12
3.84364 5.10068e-05 35.7764 -2.68996e-12
3.85856 5.09082e-05 35.6845 -2.65209e-12
3.87347 5.08101e-05 35.5932 -2.61489e-12
3.88839 5.07125e-05 35.5025 -2.57835e-12
3.9033 5.06155e-05 35.4123 -2.54246e-12
3.91822 5.05191e-05 35.3228 -2.5072e-12
3.93313 5.04232e-05 35.2339 -2.47256e-12
3.94805 5.03279e-05 35.1455 -2.43853e-12
3.96296 5.02331e-05 35.0577 -2.40509e-12
3.97788 5.01388e-05 34.9705 -2.37223e-12
3.99279 5.00451e-05 34.8838 -2.33994e-12
4.00771 4.99519e-05 34.7977 -2.30821e-12
4.02262 4.98592e-05 34.7121 -2.27702e-12
4.03754 4.9767e-05 34.6271 -2.24637e-12
4.05245 4.96754e-05 34.5426 -2.21624e-12
4.06737 4.95842e-05 34.4586 -2.18662e-12
4.08228 4.94935e-05 34.3752 -2.1575e-12
4.0972 4.94034e-05 34.2923 -2.12888e-12
4.11211 4.93137e-05 34.2099 -2.10074e-12
4.12703 4.92245e-05 34.128 -2.07306e-12
4.14194 4.91358e-05 34.0466 -2.04585e-12
4.15686 4.90476e-05 33.9657 -2.0191e-12
4.17177 4.89598e-05 33.8853 -1.99278e-12
4.18669 4.88725e-05 33.8054 -1.9669e-12
4.2016 4.87857e-05 33.726 -1.94145e-12
4.21652 4.86993e-05 33.6471 -1.91641e-12
4.23143 4.86134e-05 33.5687 -1.89179e-12
4.24635 4.8528e-05 33.4907 -1.86756e-12
4.26126 4.8443e-05 33.4132 -1.84373e-12
4.27618 4.83584e-05 33.3362 -1.82028e-12
4.29109 4.82743e-05 33.2596 -1.79721e-12
4.30601 4.81906e-05 33.1834 -1.77451e-12
4.32092 4.81074e-05 33.1078 -1.75218e-12
4.33584 4.80246e-05 33.0325 -1.7302e-12
4.35075 4.79422e-05 32.9578 -1.70857e-12
4.36567 4.78602e-05 32.8834 -1.68728e-12
4.38058 4.77787e-05 32.8095 -1.66633e-12
4.3955 4.76976e-05 32.736 -1.64571e-12
4.41041 4.76168e-05 32.6629 -1.62541e-12
4.42533 4.75365e-05 32.5903 -1.60543e-12
4.44024 4.74566e-05 32.5181 -1.58576e-12
4.45516 4.73771e-05 32.4463 -1.5664e-12
4.47007 4.7298e-05 32.3749 -1.54733e-12
4.48498 4.72193e-05 32.3039 -1.52856e-12
4.4999 4.7141e-05 32.2333 -1.51008e-12
4.51481 4.7063e-05 32.1631 -1.49189e-12
4.52973 4.69855e-05 32.0934 -1.47397e-12
4.54464 4.69083e-05 32.024 -1.45632e-12
4.55956 4.68316e-05 31.955 -1.43894e-12
4.57447 4.67551e-05 31.8863 -1.42182e-12
4.58939 4.66791e-05 31.8181 -1.40496e-12
4.6043 4.66034e-05 31.7502 -1.38836e-12
4.61922 4.65281e-05 31.6827 -1.372e-12
4.63413 4.64532e-05 31.6156 -1.35589e-12
4.64905 4.63786e-05 31.5489 -1.34002e-12
4.66396 4.63044e-05 31.4825 -1.32438e-12
4.67888 4.62306e-05 31.4165 -1.30898e-12
4.69379 4.6157e-05 31.3508 -1.2938e-12
4.70871 4.60839e-05 31.2855 -1.27884e-12
4.72362 4.60111e-05 31.2206 -1.26411e-12
4.73854 4.59386e-05 31.156 -1.24959e-12
4.75345 4.58665e-05 31.0918 -1.23528e-12
4.76837 4.57947e-05 31.0278 -1.22118e-12
4.78328 4.57232e-05 30.9643 -1.20728e-12
4.7982 4.56521e-05 30.9011 -1.19358e-12
4.81311 4.55813e-05 30.8382 -1.18008e-12
4.82803 4.55109e-05 30.7756 -1.16677e-12
4.84294 4.54407e-05 30.7134 -1.15366e-12
4.85786 4.53709e-05 30.6515 -1.14073e-12
4.87277 4.53014e-05 30.5899 -1.12798e-12
4.88769 4.52323e-05 30.5287 -1.11542e-12
4.9026 4.51634e-05 30.4677 -1.10303e-12
4.91752 4.50949e-05 30.4071 -1.09082e-12
4.93243 4.50266e-05 30.3468 -1.07878e-12
4.94735 4.49587e-05 30.2868 -1.0669e-12
4.96226 4.48911e-05 30.2271 -1.05519e-12
4.97718 4.48238e-05 30.1677 -1.04365e-12
4.99209 4.47568e-05 30.1087 -1.03226e-12
5.00701 4.46901e-05 30.0499 -1.02104e-12
5.02192 4.46236e-05 29.9914 -1.00997e-12
5.03684 4.45575e-05 29.9332 -9.99045e-13
5.05175 4.44917e-05 29.8754 -9.88275e-13
5.06667 4.44262e-05 29.8178 -9.77652e-13
5.08158 4.43609e-05 29.7605 -9.67173e-13
5.0965 4.4296e-05 29.7034 -9.56837e-13
5.11141 4.42313e-05 29.6467 -9.46641e-13
5.12633 4.41669e-05 29.5903 -9.36583e-13
5.14124 4.41028e-05 29.5341 -9.2666e-13
5.15616 4.4039e-05 29.4782 -9.16871e-13
5.17107 4.39754e-05 29.4226 -9.07212e-13
5.18599 4.39121e-05 29.3672 -8.97683e-13
5.2009 4.38491e-05 29.3122 -8.8828e-13
5.21582 4.37864e-05 29.2574 -8.79003e-13
5.23073 4.37239e-05 29.2028 -8.69848e-13
5.24565 4.36617e-05 29.1486 -8.60814e-13
5.26056 4.35997e-05 29.0946 -8.51899e-13
5.27548 4.35381e-05 29.0408 -8.43102e-13
5.29039 4.34767e-05 28.9873 -8.34419e-13
5.30531 4.34155e-05 28.9341 -8.2585e-13
5.32022 4.33546e-05 28.8811 -8.17392e-13
5.33514 4.3294e-05 28.8284 -8.09044e-13
5.35005 4.32336e-05 28.7759 -8.00804e-13
5.36496 4.31734e-05 28.7237 -7.92671e-13
5.37988 4.31135e-05 28.6717 -7.84642e-13
5.39479 4.30539e-05 28.62 -7.76717e-13
5.40971 4.29945e-05 28.5685 -7.68893e-13
5.42462 4.29354e-05 28.5173 -7.61169e-13
5.43954 4.28765e-05 28.4663 -7.53543e-13
5.45445 4.28178e-05 28.4155 -7.46014e-13
5.46937 4.27594e-05 28.365 -7.38581e-13
5.48428 4.27012e-05 28.3147 -7.31241e-13
5.4992 4.26432e-05 28.2647 -7.23994e-13
5.51411 4.25855e-05 28.2148 -7.16838e-13
5.52903 4.25281e-05 28.1652 -7.09772e-13
5.54394 4.24708e-05 28.1159 -7.02794e-13
5.55886 4.24138e-05 28.0667 -6.95903e-13
5.57377 4.2357e-05 28.0178 -6.89098e-13
5.58869 4.23005e-05 27.9691 -6.82377e-13
5.6036 4.22441e-05 27.9206 -6.75739e-13
5.61852 4.2188e-05 27.8724 -6.69183e-13
5.63343 4.21321e-05 27.8244 -6.62708e-13
5.64835 4.20765e-05 27.7765 -6.56312e-13
5.66326 4.2021e-05 27.7289 -6.49995e-13
5.67818 4.19658e-05 27.6815 -6.43755e-13
5.69309 4.19108e-05 27.6344 -6.3759e-13
5.70801 4.1856e-05 27.5874 -6.31501e-13
5.72292 4.18014e-05 27.5406 -6.25485e-13
5.73784 4.17471e-05 27.4941 -6.19542e-13
5.75275 4.16929e-05 27.4478 -6.1367e-13
5.76767 4.1639e-05 27.4016 -6.07869e-13
5.78258 4.15852e-05 27.3557 -6.02138e-13
5.7975 4.15317e-05 27.31 -5.96475e-13
5.81241 4.14784e-05 27.2644 -5.9088e-13
5.82733 4.14253e-05 27.2191 -5.85351e-13
5.84224 4.13724e-05 27.174 -5.79888e-13
5.85716 4.13196e-05 27.129 -5.74489e-13
5.87207 4.12671e-05 27.0843 -5.69154e-13
5.88699 4.12148e-05 27.0397 -5.63882e-13
5.9019 4.11627e-05 26.9954 -5.58672e-13
5.91682 4.11108e-05 26.9512 -5.53523e-13
5.93173 4.10591e-05 26.9072 -5.48435e-13
5.94665 4.10076e-05 26.8634 -5.43405e-13
5.96156 4.09562e-05 26.8198 -5.38434e-13
5.97648 4.09051e-05 26.7764 -5.33521e-13
5.99139 4.08541e-05 26.7332 -5.28665e-13
6.00631 4.08034e-05 26.6901 -5.23865e-13
6.02122 4.07528e-05 26.6473 -5.1912e-13
6.03614 4.07024e-05 26.6046 -5.14429e-13
6.05105 4.06523e-05 26.5621 -5.09792e-13
6.06597 4.06022e-05 26.5198 -5.05209e-13
6.08088 4.05524e-05 26.4776 -5.00677e-13
6.0958 4.05028e-05 26.4356 -4.96197e-13
6.11071 4.04533e-05 26.3938 -4.91768e-13
6.12563 4.0404e-05 26.3522 -4.87389e-13
6.14054 4.03549e-05 26.3108 -4.8306e-13
6.15546 4.0306e-05 26.2695 -4.78779e-13
6.17037 4.02573e-05 26.2284 -4.74547e-13
6.18529 4.02087e-05 26.1874 -4.70362e-13
6.2002 4.01603e-05 26.1467 -4.66224e-13
6.21512 4.01121e-05 26.1061 -4.62132e-13
6.23003 4.00641e-05 26.0656 -4.58086e-13
6.24494 4.00162e-05 26.0253 -4.54084e-13
6.25986 3.99685e-05 25.9852 -4.50127e-13
6.27477 3.9921e-05 25.9453 -4.46214e-13
6.28969 3.98736e-05 25.9055 -4.42344e-13
6.3046 3.98264e-05 25.8659 -4.38516e-13
6.31952 3.97794e-05 25.8264 -4.34731e-13
6.33443 3.97325e-05 25.7871 -4.30987e-13
6.34935 3.96858e-05 25.748 -4.27284e-13
6.36426 3.96393e-05 25.709 -4.23621e-13
6.37918 3.95929e-05 25.6702 -4.19999e-13
6.39409 3.95467e-05 25.6315 -4.16415e-13
6.40901 3.95007e-05 25.593 -4.12871e-13
6.42392 3.94548e-05 25.5546 -4.09364e-13
6.43884 3.94091e-05 25.5164 -4.05896e-13
6.45375 3.93635e-05 25.4783 -4.02465e-13
6.46867 3.93181e-05 25.4404 -3.99071e-13
6.48358 3.92729e-05 25.4026 -3.95713e-13
6.4985 3.92278e-05 25.365 -3.92391e-13
6.51341 3.91828e-05 25.3276 -3.89105e-13
6.52833 3.9138e-05 25.2902 -3.85853e-13
6.54324 3.90934e-05 25.2531 -3.82636e-13
6.55816 3.90489e-05 25.216 -3.79454e-13
6.57307 3.90046e-05 25.1792 -3.76305e-13
6.58799 3.89604e-05 25.1424 -3.73189e-13
6.6029 3.89164e-05 25.1058 -3.70106e-13
6.61782 3.88725e-05 25.0694 -3.67055e-13
6.63273 3.88288e-05 25.033 -3.64037e-13
6.64765 3.87852e-05 24.9969 -3.6105e-13
6.66256 3.87418e-05 24.9608 -3.58094e-13
6.67748 3.86985e-05 24.925 -3.55169e-13
6.69239 3.86553e-05 24.8892 -3.52275e-13
6.70731 3.86123e-05 24.8536 -3.49411e-13
6.72222 3.85695e-05 24.8181 -3.46576e-13
6.73714 3.85267e-05 24.7828 -3.43771e-13
6.75205 3.84842e-05 24.7476 -3.40995e-13
6.76697 3.84417e-05 24.7125 -3.38248e-13
6.78188 3.83994e-05 24.6776 -3.35528e-13
6.7968 3.83573e-05 24.6428 -3.32837e-13
6.81171 3.83153e-05 24.6081 -3.30174e-13
6.82663 3.82734e-05 24.5735 -3.27537e-13
6.84154 3.82316e-05 24.5391 -3.24928e-13
6.85646 3.819e-05 24.5049 -3.22346e-13
6.87137 3.81486e-05 24.4707 -3.19789e-13
6.88629 3.81072e-05 24.4367 -3.17259e-13
6.9012 3.8066e-05 24.4029 -3.14755e-13
6.91612 3.8025e-05 24.3691 -3.12276e-13
6.93103 3.7984e-05 24.3355 -3.09822e-13
6.94595 3.79432e-05 24.302 -3.07393e-13
6.96086 3.79026e-05 24.2686 -3.04989e-13
6.97578 3.7862e-05 24.2354 -3.02609e-13
6.99069 3.78216e-05 24.2023 -3.00253e-13
7.00561 3.77813e-05 24.1693 -2.97921e-13
7.02052 3.77412e-05 24.1365 -2.95612e-13
7.03544 3.77011e-05 24.1038 -2.93327e-13
7.05035 3.76612e-05 24.0712 -2.91065e-13
7.06527 3.76215e-05 24.0387 -2.88825e-13
7.08018 3.75818e-05 24.0064 -2.86608e-13
7.0951 3.75423e-05 23.9742 -2.84414e-13
7.11001 3.75029e-05 23.9421 -2.82241e-13
7.12492 3.74636e-05 23.9101 -2.8009e-13
7.13984 3.74245e-05 23.8783 -2.77961e-13
7.15475 3.73855e-05 23.8466 -2.75854e-13
7.16967 3.73465e-05 23.815 -2.73767e-13
7.18458 3.73078e-05 23.7836 -2.71702e-13
7.1995 3.72691e-05 23.7523 -2.69658e-13
7.21441 3.72306e-05 23.7211 -2.67634e-13
7.22933 3.71921e-05 23.69 -2.65631e-13
7.24424 3.71538e-05 23.6591 -2.63647e-13
7.25916 3.71156e-05 23.6283 -2.61685e-13
7.27407 3.70776e-05 23.5976 -2.59742e-13
7.28899 3.70396e-05 23.5671 -2.57818e-13
7.3039 3.70018e-05 23.5367 -2.55915e-13
7.31882 3.6964e-05 23.5064 -2.54031e-13
7.33373 3.69264e-05 23.4762 -2.52166e-13
7.34865 3.68889e-05 23.4462 -2.5032e-13
7.36356 3.68516e-05 23.4164 -2.48494e-13
7.37848 3.68143e-05 23.3866 -2.46686e-13
7.39339 3.67772e-05 23.357 -2.44898e-13
7.40831 3.67401e-05 23.3276 -2.43128e-13
7.42322 3.67032e-05 23.2983 -2.41376e-13
7.43814 3.66664e-05 23.2691 -2.39644e-13
7.45305 3.66297e-05 23.2401 -2.37929e-13
7.46797 3.65931e-05 23.2112 -2.36233e-13
7.48288 3.65566e-05 23.1825 -2.34556e-13
7.4978 3.65202e-05 23.1539 -2.32897e-13
7.51271 3.64839e-05 23.1255 -2.31256e-13
7.52763 3.64478e-05 23.0973 -2.29633e-13
7.54254 3.64117e-05 23.0692 -2.28028e-13
7.55746 3.63758e-05 23.0412 -2.26442e-13
7.57237 3.63399e-05 23.0135 -2.24873e-13
7.58729 3.63042e-05 22.9859 -2.23323e-13
7.6022 3.62686e-05 22.9585 -2.21791e-13
7.61712 3.6233e-05 22.9312 -2.20277e-13
7.63203 3.61976e-05 22.9042 -2.18781e-13
7.64695 3.61623e-05 22.8773 -2.17304e-13
7.66186 3.61271e-05 22.8506 -2.15845e-13
7.67678 3.6092e-05 22.8242 -2.14404e-13
7.69169 3.6057e-05 22.7979 -2.12982e-13
7.70661 3.60221e-05 22.7719 -2.11578e-13
7.72152 3.59872e-05 22.746 -2.10194e-13
7.73644 3.59525e-05 22.7204 -2.08828e-13
7.75135 3.59179e-05 22.6951 -2.07481e-13
7.76627 3.58834e-05 22.6699 -2.06154e-13
7.78118 3.5849e-05 22.645 -2.04845e-13
7.7961 3.58147e-05 22.6204 -2.03557e-13
7.81101 3.57805e-05 22.5961 -2.02288e-13
7.82593 3.57464e-05 22.572 -2.0104e-13
7.84084 3.57124e-05 22.5482 -1.99812e-13
7.85576 3.56785e-05 22.5247 -1.98605e-13
7.87067 3.56446e-05 22.5015 -1.97418e-13
7.88559 3.56109e-05 22.4787 -1.96253e-13
7.9005 3.55773e-05 22.4562 -1.9511e-13
7.91542 3.55437e-05 22.434 -1.93989e-13
7.93033 3.55103e-05 22.4123 -1.9289e-13
7.94525 3.5477e-05 22.3909 -1.91815e-13
7.96016 3.54437e-05 22.3699 -1.90763e-13
7.97508 3.54106e-05 22.3493 -1.89735e-13
7.98999 3.53775e-05 22.3292 -1.88731e-13
8.0049 3.53445e-05 22.3095 -1.87753e-13
8.01982 3.53116e-05 22.2904 -1.868e-13
8.03473 3.52788e-05 22.2717 -1.85873e-13
8.04965 3.52461e-05 22.2535 -1.84973e-13
8.06456 3.52135e-05 22.236 -1.84101e-13
8.07948 3.5181e-05 22.219 -1.83258e-13
8.09439 3.51486e-05 22.2026 -1.82443e-13
8.10931 3.51163e-05 22.1868 -1.81658e-13
8.12422 3.5084e-05 22.1718 -1.80904e-13
8.13914 3.50519e-05 22.1574 -1.80181e-13
8.15405 3.50198e-05 22.1438 -1.79491e-13
8.16897 3.49878e-05 22.1309 -1.78834e-13
8.18388 3.49559e-05 22.1189 -1.78211e-13
8.1988 3.49241e-05 22.1078 -1.77623e-13
8.21371 3.48924e-05 22.0975 -1.77071e-13
8.22863 3.48607e-05 22.0883 -1.76556e-13
8.24354 3.48292e-05 22.08 -1.7608e-13
8.25846 3.47977e-05 22.0727 -1.75642e-13
8.27337 3.47663e-05 22.0666 -1.75245e-13
8.28829 3.47351e-05 22.0616 -1.74889e-13
8.3032 3.47038e-05 22.0579 -1.74575e-13
8.31812 3.46727e-05 22.0554 -1.74305e-13
8.33303 3.46417e-05 22.0543 -1.74079e-13
8.34795 3.46107e-05 22.0546 -1.73898e-13
8.36286 3.45798e-05 22.0564 -1.73764e-13
8.37778 3.45491e-05 22.0597 -1.73676e-13
8.39269 3.45183e-05 22.0647 -1.73637e-13
8.40761 3.44877e-05 22.0714 -1.73647e-13
8.42252 3.44572e-05 22.0799 -1.73707e-13
8.43744 3.44267e-05 22.0903 -1.73818e-13
8.45235 3.43963e-05 22.1027 -1.73979e-13
8.46727 3.4366e-05 22.1171 -1.74193e-13
8.48218 3.43358e-05 22.1337 -1.74458e-13
8.4971 3.43057e-05 22.1526 -1.74776e-13
8.51201 3.42756e-05 22.1738 -1.75146e-13
8.52693 3.42456e-05 22.1976 -1.75569e-13
8.54184 3.42157e-05 22.2239 -1.76044e-13
8.55676 3.41859e-05 22.253 -1.7657e-13
8.57167 3.41561e-05 22.2848 -1.77148e-13
8.58659 3.41265e-05 22.3197 -1.77776e-13
8.6015 3.40969e-05 22.3575 -1.78453e-13
8.61642 3.40674e-05 22.3986 -1.79178e-13
8.63133 3.40379e-05 22.4431 -1.79949e-13
8.64625 3.40086e-05 22.4909 -1.80765e-13
8.66116 3.39793e-05 22.5424 -1.81623e-13
8.67608 3.39501e-05 22.5976 -1.8252e-13
8.69099 3.39209e-05 22.6567 -1.83454e-13
8.70591 3.38919e-05 22.7197 -1.84421e-13
8.72082 3.38629e-05 22.787 -1.85419e-13
8.73574 3.3834e-05 22.8585 -1.86444e-13
8.75065 3.38052e-05 22.9344 -1.87491e-13
8.76557 3.37764e-05 23.0149 -1.88556e-13
8.78048 3.37477e-05 23.1001 -1.89635e-13
8.7954 3.37191e-05 23.1901 -1.90723e-13
8.81031 3.36906e-05 23.2851 -1.91814e-13
8.82523 3.36621e-05 23.3852 -1.92905e-13
8.84014 3.36338e-05 23.4906 -1.93989e-13
8.85506 3.36054e-05 23.6013 -1.9506e-13
8.86997 3.35772e-05 23.7175 -1.96114e-13
8.88488 3.3549e-05 23.8394 -1.97144e-13
8.8998 3.3521e-05 23.9669 -1.98145e-13
8.91471 3.34929e-05 24.1004 -1.9911e-13
8.92963 3.3465e-05 24.2397 -2.00036e-13
8.94454 3.34371e-05 24.3851 -2.00915e-13
8.95946 3.34093e-05 24.5367 -2.01743e-13
8.97437 3.33816e-05 24.6944 -2.02514e-13
8.98929 3.33539e-05 24.8585 -2.03224e-13
9.0042 3.33264e-05 25.029 -2.03868e-13
9.01912 3.32988e-05 25.2059 -2.04441e-13
9.03403 3.32714e-05 25.3893 -2.0494e-13
9.04895 3.3244e-05 25.5793 -2.0536e-13
9.06386 3.32168e-05 25.7759 -2.05699e-13
9.07878 3.31895e-05 25.9791 -2.05953e-13
9.09369 3.31624e-05 26.189 -2.06121e-13
9.10861 3.31353e-05 26.4055 -2.06199e-13
9.12352 3.31083e-05 26.6288 -2.06187e-13
9.13844 3.30814e-05 26.8587 -2.06082e-13
9.15335 3.30545e-05 27.0954 -2.05884e-13
9.16827 3.30277e-05 27.3387 -2.05593e-13
9.18318 3.3001e-05 27.5886 -2.05209e-13
9.1981 3.29744e-05 27.8451 -2.04731e-13
9.21301 3.29478e-05 28.1083 -2.0416e-13
9.22793 3.29213e-05 28.3779 -2.03497e-13
9.24284 3.28949e-05 28.654 -2.02744e-13
9.25776 3.28685e-05 28.9365 -2.01902e-13
9.27267 3.28422e-05 29.2253 -2.00971e-13
9.28759 3.2816e-05 29.5204 -1.99956e-13
9.3025 3.27899e-05 29.8216 -1.98856e-13
9.31742 3.27638e-05 30.1289 -1.97676e-13
9.33233 3.27378e-05 30.442 -1.96416e-13
9.34725 3.27119e-05 30.761 -1.95081e-13
9.36216 3.2686e-05 31.0857 -1.93671e-13
9.37708 3.26602e-05 31.4159 -1.9219e-13
9.39199 3.26345e-05 31.7516 -1.90641e-13
9.40691 3.26089e-05 32.0924 -1.89027e-13
9.42182 3.25833e-05 32.4384 -1.8735e-13
9.43674 3.25578e-05 32.7892 -1.85612e-13
9.45165 3.25324e-05 33.1447 -1.83818e-13
9.46657 3.2507e-05 33.5048 -1.81969e-13
9.48148 3.24817e-05 33.8692 -1.80069e-13
9.4964 3.24565e-05 34.2376 -1.78119e-13
9.51131 3.24313e-05 34.6099 -1.76123e-13
9.52623 3.24062e-05 34.9858 -1.74084e-13
9.54114 3.23811e-05 35.3651 -1.72004e-13
9.55606 3.23561e-05 35.7474 -1.69885e-13
9.57097 3.23312e-05 36.1326 -1.6773e-13
9.58589 3.23063e-05 36.5203 -1.65541e-13
9.6008 3.22815e-05 36.9102 -1.63321e-13
9.61572 3.22567e-05 37.302 -1.61073e-13
9.63063 3.2232e-05 37.6954 -1.58798e-13
9.64555 3.22073e-05 38.09 -1.56499e-13
9.66046 3.21826e-05 38.4856 -1.54179e-13
9.67538 3.2158e-05 38.8817 -1.51839e-13
9.69029 3.21334e-05 39.278 -1.49481e-13
9.70521 3.21088e-05 39.6741 -1.47109e-13
9.72012 3.20843e-05 40.0696 -1.44723e-13
9.73504 3.20598e-05 40.4641 -1.42327e-13
9.74995 3.20353e-05 40.8573 -1.39923e-13
9.76486 3.20109e-05 41.2488 -1.37512e-13
9.77978 3.19864e-05 41.6381 -1.35098e-13
9.79469 3.1962e-05 42.0248 -1.32681e-13
9.80961 3.19375e-05 42.4086 -1.30265e-13
9.82452 3.19131e-05 42.7889 -1.27852e-13
9.83944 3.18887e-05 43.1655 -1.25443e-13
9.85435 3.18643e-05 43.5379 -1.23042e-13
9.86927 3.18399e-05 43.9058 -1.20649e-13
9.88418 3.18155e-05 44.2687 -1.18269e-13
9.8991 3.17912e-05 44.6262 -1.15902e-13
9.91401 3.17668e-05 44.9781 -1.13551e-13
9.92893 3.17424e-05 45.3239 -1.11219e-13
9.94384 3.17181e-05 45.6633 -1.08906e-13
9.95876 3.16938e-05 45.996 -1.06617e-13
9.97367 3.16695e-05 46.3218 -1.04352e-13
9.98859 3.16452e-05 46.6402 -1.02114e-13
10.0035 3.16209e-05 46.9511 -9.99049e-14
10.0184 3.15967e-05 47.2543 -9.77266e-14
10.0333 3.15726e-05 47.5494 -9.55812e-14
10.0482 3.15484e-05 47.8364 -9.34704e-14
10.0632 3.15244e-05 48.1151 -9.1396e-14
10.0781 3.15003e-05 48.3852 -8.93597e-14
10.093 3.14764e-05 48.6468 -8.73629e-14
10.1079 3.14525e-05 48.8996 -8.54072e-14
10.1228 3.14286e-05 49.1438 -8.34938e-14
10.1377 3.14049e-05 49.3791 -8.16238e-14
10.1527 3.13812e-05 49.6056 -7.97984e-14
10.1676 3.13576e-05 49.8233 -7.80183e-14
10.1825 3.13341e-05 50.0322 -7.62843e-14
10.1974 3.13107e-05 50.2324 -7.4597e-14
10.2123 3.12873e-05 50.424 -7.29568e-14
10.2272 3.12641e-05 50.607 -7.1364e-14
10.2421 3.12409e-05 50.7815 -6.98187e-14
10.2571 3.12179e-05 50.9477 -6.83208e-14
10.272 3.11949e-05 51.1057 -6.68703e-14
10.2869 3.1172e-05 51.2557 -6.54668e-14
10.3018 3.11492e-05 51.3978 -6.41099e-14
10.3167 3.11265e-05 51.5322 -6.27992e-14
10.3316 3.11038e-05 51.6591 -6.15338e-14
10.3465 3.10813e-05 51.7786 -6.03132e-14
10.3615 3.10588e-05 51.8911 -5.91364e-14
10.3764 3.10365e-05 51.9966 -5.80025e-14
10.3913 3.10142e-05 52.0954 -5.69106e-14
10.4062 3.09919e-05 52.1878 -5.58597e-14
10.4211 3.09698e-05 52.2738 -5.48485e-14
10.436 3.09477e-05 52.3539 -5.3876e-14
10.451 3.09257e-05 52.428 -5.29411e-14
10.4659 3.09038e-05 52.4966 -5.20424e-14
10.4808 3.08819e-05 52.5598 -5.11788e-14
10.4957 3.08601e-05 52.6177 -5.03491e-14
10.5106 3.08383e-05 52.6707 -4.9552e-14
10.5255 3.08166e-05 52.7189 -4.87863e-14
10.5404 3.0795e-05 52.7626 -4.80508e-14
10.5554 3.07734e-05 52.8018 -4.73442e-14
10.5703 3.07518e-05 52.8369 -4.66655e-14
10.5852 3.07304e-05 52.868 -4.60134e-14
10.6001 3.07089e-05 52.8953 -4.53867e-14
10.615 3.06875e-05 52.9189 -4.47844e-14
10.6299 3.06662e-05 52.9391 -4.42054e-14
10.6448 3.06449e-05 52.956 -4.36486e-14
10.6598 3.06236e-05 52.9698 -4.3113e-14
10.6747 3.06024e-05 52.9806 -4.25976e-14
10.6896 3.05812e-05 52.9885 -4.21014e-14
10.7045 3.05601e-05 52.9938 -4.16236e-14
10.7194 3.0539e-05 52.9966 -4.11632e-14
10.7343 3.0518e-05 52.9969 -4.07194e-14
10.7492 3.0497e-05 52.995 -4.02914e-14
10.7642 3.0476e-05 52.9909 -3.98783e-14
10.7791 3.04551e-05 52.9847 -3.94796e-14
10.794 3.04342e-05 52.9766 -3.90943e-14
10.8089 3.04133e-05 52.9667 -3.87219e-14
10.8238 3.03925e-05 52.9551 -3.83617e-14
10.8387 3.03717e-05 52.9418 -3.80131e-14
10.8537 3.0351e-05 52.927 -3.76755e-14
10.8686 3.03303e-05 52.9108 -3.73483e-14
10.8835 3.03096e-05 52.8931 -3.7031e-14
10.8984 3.0289e-05 52.8742 -3.67231e-14
10.9133 3.02684e-05 52.8541 -3.64242e-14
10.9282 3.02479e-05 52.8328 -3.61337e-14
10.9431 3.02274e-05 52.8104 -3.58512e-14
10.9581 3.02069e-05 52.7871 -3.55764e-14
10.973 3.01864e-05 52.7628 -3.53088e-14
10.9879 3.0166e-05 52.7376 -3.50481e-14
11.0028 3.01457e-05 52.7115 -3.47939e-14
11.0177 3.01254e-05 52.6847 -3.45459e-14
11.0326 3.01051e-05 52.6571 -3.43038e-14
11.0475 3.00848e-05 52.6288 -3.40673e-14
11.0625 3.00646e-05 52.5999 -3.38361e-14
11.0774 3.00444e-05 52.5704 -3.361e-14
11.0923 3.00243e-05 52.5403 -3.33887e-14
11.1072 3.00042e-05 52.5097 -3.3172e-14
11.1221 2.99841e-05 52.4786 -3.29596e-14
11.137 2.99641e-05 52.447 -3.27514e-14
11.152 2.99441e-05 52.415 -3.25472e-14
11.1669 2.99241e-05 52.3826 -3.23467e-14
11.1818 2.99042e-05 52.3498 -3.21499e-14
11.1967 2.98843e-05 52.3167 -3.19564e-14
11.2116 2.98645e-05 52.2832 -3.17663e-14
11.2265 2.98447e-05 52.2494 -3.15793e-14
11.2414 2.98249e-05 52.2154 -3.13953e-14
11.2564 2.98052e-05 52.1811 -3.12141e-14
11.2713 2.97855e-05 52.1465 -3.10357e-14
11.2862 2.97659e-05 52.1118 -3.08599e-14
11.3011 2.97462e-05 52.0768 -3.06866e-14
11.316 2.97267e-05 52.0417 -3.05158e-14
11.3309 2.97071e-05 52.0064 -3.03472e-14
11.3458 2.96876e-05 51.9709 -3.01809e-14
11.3608 2.96681e-05 51.9353 -3.00167e-14
11.3757 2.96487e-05 51.8995 -2.98546e-14
11.3906 2.96293e-05 51.8637 -2.96945e-14
11.4055 2.961e-05 51.8277 -2.95362e-14
11.4204 2.95906e-05 51.7916 -2.93798e-14
11.4353 2.95714e-05 51.7555 -2.92252e-14
11.4503 2.95521e-05 51.7192 -2.90723e-14
11.4652 2.95329e-05 51.6829 -2.8921e-14
11.4801 2.95137e-05 51.6466 -2.87713e-14
11.495 2.94946e-05 51.6102 -2.86232e-14
11.5099 2.94755e-05 51.5737 -2.84766e-14
11.5248 2.94564e-05 51.5372 -2.83314e-14
11.5397 2.94374e-05 51.5007 -2.81876e-14
11.5547 2.94184e-05 51.4641 -2.80452e-14
11.5696 2.93994e-05 51.4276 -2.79041e-14
11.5845 2.93805e-05 51.391 -2.77643e-14
11.5994 2.93616e-05 51.3544 -2.76257e-14
11.6143 2.93428e-05 51.3178 -2.74884e-14
11.6292 2.9324e-05 51.2812 -2.73523e-14
11.6441 2.93052e-05 51.2447 -2.72173e-14
11.6591 2.92864e-05 51.2081 -2.70834e-14
11.674 2.92677e-05 51.1715 -2.69506e-14
11.6889 2.92491e-05 51.135 -2.6819e-14
11.7038 2.92304e-05 51.0985 -2.66883e-14
11.7187 2.92118e-05 51.062 -2.65587e-14
11.7336 2.91933e-05 51.0255 -2.64301e-14
11.7485 2.91747e-05 50.9891 -2.63025e-14
11.7635 2.91562e-05 50.9527 -2.61758e-14
11.7784 2.91378e-05 50.9163 -2.60501e-14
11.7933 2.91193e-05 50.88 -2.59253e-14
11.8082 2.91009e-05 50.8437 -2.58014e-14
11.8231 2.90826e-05 50.8074 -2.56785e-14
11.838 2.90643e-05 50.7712 -2.55564e-14
11.853 2.9046e-05 50.735 -2.54351e-14
11.8679 2.90277e-05 50.6989 -2.53147e-14
11.8828 2.90095e-05 50.6628 -2.51951e-14
11.8977 2.89913e-05 50.6268 -2.50764e-14
11.9126 2.89732e-05 50.5908 -2.49584e-14
11.9275 2.89551e-05 50.5548 -2.48413e-14
11.9424 2.8937e-05 50.5189 -2.47249e-14
11.9574 2.89189e-05 50.4831 -2.46093e-14
11.9723 2.89009e-05 50.4473 -2.44945e-14
11.9872 2.88829e-05 50.4116 -2.43804e-14
12.0021 2.8865e-05 50.3759 -2.42671e-14
12.017 2.88471e-05 50.3403 -2.41545e-14
12.0319 2.88292e-05 50.3048 -2.40426e-14
12.0468 2.88113e-05 50.2693 -2.39314e-14
12.0618 2.87935e-05 50.2338 -2.38209e-14
12.0767 2.87757e-05 50.1985 -2.37112e-14
12.0916 2.8758e-05 50.1631 -2.36021e-14
12.1065 2.87402e-05 50.1279 -2.34937e-14
12.1214 2.87226e-05 50.0927 -2.33859e-14
12.1363 2.87049e-05 50.0575 -2.32788e-14
12.1513 2.86873e-05 50.0224 -2.31724e-14
12.1662 2.86697e-05 49.9874 -2.30667e-14
12.1811 2.86521e-05 49.9525 -2.29615e-14
12.196 2.86346e-05 49.9176 -2.2857e-14
12.2109 2.86171e-05 49.8827 -2.27532e-14
12.2258 2.85997e-05 49.848 -2.26499e-14
12.2407 2.85822e-05 49.8132 -2.25473e-14
12.2557 2.85648e-05 49.7786 -2.24453e-14
12.2706 2.85475e-05 49.744 -2.23439e-14
12.2855 2.85301e-05 49.7095 -2.22431e-14
12.3004 2.85128e-05 49.675 -2.21429e-14
12.3153 2.84956e-05 49.6406 -2.20433e-14
12.3302 2.84783e-05 49.6063 -2.19443e-14
12.3451 2.84611e-05 49.572 -2.18458e-14
12.3601 2.84439e-05 49.5378 -2.1748e-14
12.375 2.84268e-05 49.5036 -2.16507e-14
12.3899 2.84097e-05 49.4696 -2.15539e-14
12.4048 2.83926e-05 49.4355 -2.14577e-14
12.4197 2.83755e-05 49.4016 -2.13621e-14
12.4346 2.83585e-05 49.3677 -2.1267e-14
12.4495 2.83415e-05 49.3339 -2.11725e-14
12.4645 2.83246e-05 49.3001 -2.10785e-14
12.4794 2.83076e-05 49.2664 -2.09851e-14
12.4943 2.82907e-05 49.2327 -2.08922e-14
12.5092 2.82739e-05 49.1992 -2.07998e-14
12.5241 2.8257e-05 49.1656 -2.07079e-14
12.539 2.82402e-05 49.1322 -2.06166e-14
12.554 2.82234e-05 49.0988 -2.05258e-14
12.5689 2.82067e-05 49.0655 -2.04355e-14
12.5838 2.819e-05 49.0322 -2.03457e-14
12.5987 2.81733e-05 48.999 -2.02564e-14
12.6136 2.81566e-05 48.9658 -2.01676e-14
12.6285 2.814e-05 48.9327 -2.00793e-14
12.6434 2.81234e-05 48.8997 -1.99915e-14
12.6584 2.81068e-05 48.8668 -1.99042e-14
12.6733 2.80903e-05 48.8339 -1.98174e-14
12.6882 2.80737e-05 48.801 -1.9731e-14
12.7031 2.80573e-05 48.7683 -1.96452e-14
12.718 2.80408e-05 48.7355 -1.95598e-14
12.7329 2.80244e-05 48.7029 -1.94749e-14
12.7478 2.8008e-05 48.6703 -1.93904e-14
12.7628 2.79916e-05 48.6378 -1.93065e-14
12.7777 2.79753e-05 48.6053 -1.9223e-14
12.7926 2.7959e-05 48.5729 -1.91399e-14
12.8075 2.79427e-05 48.5405 -1.90573e-14
12.8224 2.79264e-05 48.5082 -1.89752e-14
12.8373 2.79102e-05 48.476 -1.88935e-14
12.8523 2.7894e-05 48.4438 -1.88123e-14
12.8672 2.78778e-05 48.4117 -1.87315e-14
12.8821 2.78617e-05 48.3797 -1.86511e-14
12.897 2.78456e-05 48.3477 -1.85712e-14
12.9119 2.78295e-05 48.3158 -1.84917e-14
12.9268 2.78134e-05 48.2839 -1.84127e-14
12.9417 2.77974e-05 48.2521 -1.83341e-14
12.9567 2.77814e-05 48.2203 -1.82559e-14
12.9716 2.77654e-05 48.1886 -1.81781e-14
12.9865 2.77494e-05 48.157 -1.81008e-14
13.0014 2.77335e-05 48.1254 -1.80238e-14
13.0163 2.77176e-05 48.0939 -1.79473e-14
13.0312 2.77018e-05 48.0624 -1.78712e-14
13.0461 2.76859e-05 48.031 -1.77955e-14
13.0611 2.76701e-05 47.9997 -1.77202e-14
13.076 2.76543e-05 47.9684 -1.76454e-14
13.0909 2.76386e-05 47.9371 -1.75709e-14
13.1058 2.76228e-05 47.906 -1.74968e-14
13.1207 2.76071e-05 47.8749 -1.74231e-14
13.1356 2.75915e-05 47.8438 -1.73498e-14
13.1506 2.75758e-05 47.8128 -1.72769e-14
13.1655 2.75602e-05 47.7818 -1.72044e-14
13.1804 2.75446e-05 47.751 -1.71323e-14
13.1953 2.7529e-05 47.7201 -1.70606e-14
13.2102 2.75135e-05 47.6893 -1.69892e-14
13.2251 2.74979e-05 47.6586 -1.69182e-14
13.24 2.74825e-05 47.6279 -1.68476e-14
13.255 2.7467e-05 47.5973 -1.67774e-14
13.2699 2.74516e-05 47.5668 -1.67076e-14
13.2848 2.74361e-05 47.5363 -1.66381e-14
13.2997 2.74207e-05 47.5058 -1.65689e-14
13.3146 2.74054e-05 47.4754 -1.65002e-14
13.3295 2.739e-05 47.4451 -1.64318e-14
13.3444 2.73747e-05 47.4148 -1.63638e-14
13.3594 2.73595e-05 47.3846 -1.62961e-14
13.3743 2.73442e-05 47.3544 -1.62288e-14
13.3892 2.7329e-05 47.3243 -1.61618e-14
13.4041 2.73137e-05 47.2942 -1.60952e-14
13.419 2.72986e-05 47.2642 -1.60289e-14
13.4339 2.72834e-05 47.2343 -1.5963e-14
13.4488 2.72683e-05 47.2044 -1.58974e-14
13.4638 2.72532e-05 47.1745 -1.58321e-14
13.4787 2.72381e-05 47.1447 -1.57672e-14
13.4936 2.7223e-05 47.115 -1.57027e-14
13.5085 2.7208e-05 47.0853 -1.56384e-14
13.5234 2.7193e-05 47.0557 -1.55745e-14
13.5383 2.7178e-05 47.0261 -1.5511e-14
13.5533 2.7163e-05 46.9965 -1.54477e-14
13.5682 2.71481e-05 46.9671 -1.53848e-14
13.5831 2.71332e-05 46.9376 -1.53222e-14
13.598 2.71183e-05 46.9083 -1.526e-14
13.6129 2.71035e-05 46.8789 -1.5198e-14
13.6278 2.70886e-05 46.8497 -1.51364e-14
13.6427 2.70738e-05 46.8204 -1.50751e-14
13.6577 2.7059e-05 46.7913 -1.50141e-14
13.6726 2.70443e-05 46.7622 -1.49534e-14
13.6875 2.70295e-05 46.7331 -1.48931e-14
13.7024 2.70148e-05 46.7041 -1.4833e-14
13.7173 2.70001e-05 46.6751 -1.47733e-14
13.7322 2.69854e-05 46.6462 -1.47138e-14
13.7471 2.69708e-05 46.6173 -1.46547e-14
13.7621 2.69562e-05 46.5885 -1.45958e-14
13.777 2.69416e-05 46.5598 -1.45373e-14
13.7919 2.6927e-05 46.5311 -1.44791e-14
13.8068 2.69125e-05 46.5024 -1.44211e-14
13.8217 2.68979e-05 46.4738 -1.43634e-14
13.8366 2.68834e-05 46.4452 -1.43061e-14
13.8516 2.6869e-05 46.4167 -1.4249e-14
13.8665 2.68545e-05 46.3882 -1.41922e-14
13.8814 2.68401e-05 46.3598 -1.41357e-14
13.8963 2.68257e-05 46.3315 -1.40795e-14
13.9112 2.68113e-05 46.3032 -1.40236e-14
13.9261 2.67969e-05 46.2749 -1.39679e-14
13.941 2.67826e-05 46.2467 -1.39126e-14
13.956 2.67683e-05 46.2185 -1.38575e-14
13.9709 2.6754e-05 46.1904 -1.38027e-14
13.9858 2.67397e-05 46.1623 -1.37481e-14
14.0007 2.67255e-05 46.1343 -1.36939e-14
14.0156 2.67112e-05 46.1063 -1.36399e-14
14.0305 2.6697e-05 46.0784 -1.35862e-14
14.0454 2.66829e-05 46.0505 -1.35327e-14
14.0604 2.66687e-05 46.0227 -1.34795e-14
14.0753 2.66546e-05 45.9949 -1.34266e-14
14.0902 2.66405e-05 45.9672 -1.33739e-14
14.1051 2.66264e-05 45.9395 -1.33215e-14
14.12 2.66123e-05 45.9118 -1.32694e-14
14.1349 2.65983e-05 45.8842 -1.32175e-14
14.1498 2.65842e-05 45.8567 -1.31659e-14
14.1648 2.65702e-05 45.8292 -1.31145e-14
14.1797 2.65563e-05 45.8017 -1.30634e-14
14.1946 2.65423e-05 45.7743 -1.30125e-14
14.2095 2.65284e-05 45.747 -1.29619e-14
14.2244 2.65145e-05 45.7197 -1.29116e-14
14.2393 2.65006e-05 45.6924 -1.28615e-14
14.2543 2.64867e-05 45.6652 -1.28116e-14
14.2692 2.64729e-05 45.638 -1.2762e-14
14.2841 2.6459e-05 45.6109 -1.27126e-14
14.299 2.64452e-05 45.5838 -1.26635e-14
14.3139 2.64315e-05 45.5567 -1.26146e-14
14.3288 2.64177e-05 45.5297 -1.25659e-14
14.3437 2.6404e-05 45.5028 -1.25175e-14
14.3587 2.63902e-05 45.4759 -1.24693e-14
14.3736 2.63765e-05 45.449 -1.24214e-14
14.3885 2.63629e-05 45.4222 -1.23737e-14
14.4034 2.63492e-05 45.3954 -1.23262e-14
14.4183 2.63356e-05 45.3687 -1.22789e-14
14.4332 2.6322e-05 45.342 -1.22319e-14
14.4481 2.63084e-05 45.3154 -1.21851e-14
14.4631 2.62948e-05 45.2888 -1.21385e-14
14.478 2.62813e-05 45.2623 -1.20922e-14
14.4929 2.62677e-05 45.2358 -1.20461e-14
14.5078 2.62542e-05 45.2093 -1.20002e-14
14.5227 2.62407e-05 45.1829 -1.19545e-14
14.5376 2.62273e-05 45.1565 -1.19091e-14
14.5526 2.62138e-05 45.1302 -1.18639e-14
14.5675 2.62004e-05 45.1039 -1.18188e-14
14.5824 2.6187e-05 45.0777 -1.1774e-14
14.5973 2.61736e-05 45.0515 -1.17295e-14
14.6122 2.61603e-05 45.0253 -1.16851e-14
14.6271 2.61469e-05 44.9992 -1.16409e-14
14.642 2.61336e-05 44.9732 -1.1597e-14
14.657 2.61203e-05 44.9471 -1.15533e-14
14.6719 2.6107e-05 44.9211 -1.15097e-14
14.6868 2.60938e-05 44.8952 -1.14664e-14
14.7017 2.60805e-05 44.8693 -1.14233e-14
14.7166 2.60673e-05 44.8435 -1.13804e-14
14.7315 2.60541e-05 44.8176 -1.13377e-14
14.7464 2.60409e-05 44.7919 -1.12952e-14
14.7614 2.60278e-05 44.7661 -1.12529e-14
14.7763 2.60146e-05 44.7405 -1.12108e-14
14.7912 2.60015e-05 44.7148 -1.11689e-14
14.8061 2.59884e-05 44.6892 -1.11272e-14
14.821 2.59753e-05 44.6637 -1.10857e-14
14.8359 2.59623e-05 44.6381 -1.10444e-14
14.8509 2.59492e-05 44.6127 -1.10033e-14
14.8658 2.59362e-05 44.5872 -1.09624e-14
14.8807 2.59232e-05 44.5618 -1.09216e-14
14.8956 2.59102e-05 44.5365 -1.08805e-14
14.9105 2.58973e-05 44.5112 -1.08372e-14
14.9254 2.58844e-05 44.4859 -1.07828e-14
14.9403 2.58717e-05 44.4608 -1.06856e-14
14.9553 2.58598e-05 44.4363 -1.04572e-14
14.9702 2.58502e-05 44.4132 -9.92741e-15
14.9851 2.58462e-05 44.394 -8.93391e-15
15 2.58522e-05 44.3813 -4.15367e-15
