0.1 0.00024864 882.379 -3.00754e-07
0.114915 0.000254009 833.565 -5.12169e-07
0.12983 0.000253225 786.997 -3.61204e-07
0.144745 0.000249391 744.387 -2.57898e-07
0.15966 0.000244039 705.926 -1.87738e-07
0.174575 0.000237976 671.316 -1.39439e-07
0.189489 0.000231641 640.134 -1.05548e-07
0.204404 0.00022528 611.955 -8.129e-08
0.219319 0.000219031 586.391 -6.3593e-08
0.234234 0.000212968 563.104 -5.04532e-08
0.249149 0.000207129 541.805 -4.05382e-08
0.264064 0.000201532 522.248 -3.29459e-08
0.278979 0.00019618 504.223 -2.70537e-08
0.293894 0.00019107 487.553 -2.24249e-08
0.308809 0.000186193 472.083 -1.87477e-08
0.323724 0.000181538 457.684 -1.57966e-08
0.338639 0.000177094 444.242 -1.34059e-08
0.353554 0.000172849 431.661 -1.14524e-08
0.368468 0.000168791 419.855 -9.84346e-09
0.383383 0.000164908 408.75 -8.50844e-09
0.398298 0.000161189 398.282 -7.39313e-09
0.413213 0.000157624 388.393 -6.45542e-09
0.428128 0.000154203 379.034 -5.66235e-09
0.443043 0.000150916 370.158 -4.98788e-09
0.457958 0.000147755 361.728 -4.41129e-09
0.472873 0.000144713 353.706 -3.91597e-09
0.487788 0.000141782 346.062 -3.48852e-09
0.502703 0.000138954 338.767 -3.11804e-09
0.517618 0.000136225 331.795 -2.79563e-09
0.532533 0.000133587 325.123 -2.51398e-09
0.547447 0.000131036 318.729 -2.26703e-09
0.562362 0.000128567 312.596 -2.04977e-09
0.577277 0.000126175 306.705 -1.858e-09
0.592192 0.000123855 301.041 -1.68821e-09
0.607107 0.000121603 295.589 -1.53743e-09
0.622022 0.000119417 290.335 -1.40315e-09
0.636937 0.000117292 285.269 -1.28325e-09
0.651852 0.000115225 280.378 -1.17592e-09
0.666767 0.000113213 275.652 -1.0796e-09
0.681682 0.000111253 271.082 -9.92956e-10
0.696597 0.000109344 266.659 -9.14847e-10
0.711512 0.000107481 262.375 -8.44279e-10
0.726426 0.000105663 258.222 -7.80393e-10
0.741341 0.000103888 254.194 -7.22442e-10
0.756256 0.000102154 250.283 -6.69774e-10
0.771171 0.000100459 246.484 -6.21821e-10
0.786086 9.88005e-05 242.791 -5.78083e-10
0.801001 9.71777e-05 239.199 -5.38124e-10
0.815916 9.55886e-05 235.703 -5.01556e-10
0.830831 9.40319e-05 232.297 -4.68039e-10
0.845746 9.25061e-05 228.979 -4.37273e-10
0.860661 9.101e-05 225.744 -4.0899e-10
0.875576 8.95422e-05 222.588 -3.82953e-10
0.89049 8.81017e-05 219.507 -3.58951e-10
0.905405 8.66873e-05 216.499 -3.36796e-10
0.92032 8.52979e-05 213.559 -3.1632e-10
0.935235 8.39326e-05 210.686 -2.97371e-10
0.95015 8.25905e-05 207.875 -2.79816e-10
0.965065 8.12706e-05 205.125 -2.63532e-10
0.97998 7.99721e-05 202.433 -2.48411e-10
0.994895 7.86943e-05 199.797 -2.34354e-10
1.00981 7.74362e-05 197.214 -2.21273e-10
1.02472 7.61974e-05 194.682 -2.09087e-10
1.03964 7.49769e-05 192.199 -1.97724e-10
1.05455 7.37743e-05 189.764 -1.87118e-10
1.06947 7.25888e-05 187.374 -1.77209e-10
1.08438 7.142e-05 185.028 -1.67943e-10
1.0993 7.02671e-05 182.723 -1.59271e-10
1.11421 6.91298e-05 180.459 -1.51148e-10
1.12913 6.80074e-05 178.234 -1.43531e-10
1.14404 6.68996e-05 176.047 -1.36385e-10
1.15896 6.58058e-05 173.896 -1.29674e-10
1.17387 6.47255e-05 171.779 -1.23367e-10
1.18879 6.36585e-05 169.696 -1.17436e-10
1.2037 6.26042e-05 167.646 -1.11853e-10
1.21862 6.15623e-05 165.626 -1.06596e-10
1.23353 6.05324e-05 163.637 -1.0164e-10
1.24845 5.95141e-05 161.678 -9.69661e-11
1.26336 5.85071e-05 159.746 -9.2555e-11
1.27828 5.75112e-05 157.841 -8.83891e-11
1.29319 5.65259e-05 155.963 -8.44525e-11
1.30811 5.5551e-05 154.11 -8.07301e-11
1.32302 5.45861e-05 152.281 -7.72082e-11
1.33794 5.36311e-05 150.477 -7.3874e-11
1.35285 5.26856e-05 148.695 -7.07158e-11
1.36777 5.17494e-05 146.935 -6.77225e-11
1.38268 5.08223e-05 145.197 -6.4884e-11
1.3976 4.9904e-05 143.479 -6.21908e-11
1.41251 4.89942e-05 141.782 -5.96341e-11
1.42743 4.80928e-05 140.104 -5.72058e-11
1.44234 4.71996e-05 138.444 -5.48982e-11
1.45726 4.63144e-05 136.803 -5.27041e-11
1.47217 4.5437e-05 135.179 -5.0617e-11
1.48709 4.45671e-05 133.573 -4.86305e-11
1.502 4.37047e-05 131.982 -4.67388e-11
1.51692 4.28497e-05 130.408 -4.49364e-11
1.53183 4.20017e-05 128.849 -4.32179e-11
1.54675 4.11609e-05 127.305 -4.15785e-11
1.56166 4.0327e-05 125.776 -4.00135e-11
1.57658 3.95e-05 124.261 -3.8518e-11
1.59149 3.86799e-05 122.759 -3.70878e-11
1.60641 3.78666e-05 121.27 -3.57183e-11
1.62132 3.70603e-05 119.795 -3.4405e-11
1.63624 3.62611e-05 118.332 -3.31434e-11
1.65115 3.54693e-05 116.882 -3.19285e-11
1.66607 3.46852e-05 115.445 -3.07553e-11
1.68098 3.39093e-05 114.019 -2.96179e-11
1.6959 3.31425e-05 112.607 -2.85098e-11
1.71081 3.23856e-05 111.207 -2.74234e-11
1.72573 3.16402e-05 109.821 -2.63497e-11
1.74064 3.0908e-05 108.448 -2.52779e-11
1.75556 3.01914e-05 107.091 -2.41948e-11
1.77047 2.94939e-05 105.751 -2.30839e-11
1.78539 2.88197e-05 104.431 -2.19247e-11
1.8003 2.81744e-05 103.132 -2.06919e-11
1.81522 2.75656e-05 101.86 -1.93532e-11
1.83013 2.70027e-05 100.619 -1.78685e-11
1.84505 2.64985e-05 99.4159 -1.61875e-11
1.85996 2.60692e-05 98.2591 -1.4248e-11
1.87487 2.57358e-05 97.1591 -1.1973e-11
1.88979 2.55252e-05 96.1286 -9.26917e-12
1.9047 2.54719e-05 95.183 -6.02449e-12
1.91962 2.56193e-05 94.3401 -2.10752e-12
1.93453 2.6022e-05 93.6198 2.63222e-12
1.94945 2.67479e-05 93.0435 8.36183e-12
1.96436 2.78803e-05 92.6326 1.52602e-11
1.97928 2.952e-05 92.4067 2.35106e-11
1.99419 3.17874e-05 92.3808 3.32908e-11
2.00911 3.48237e-05 92.5629 4.4761e-11
2.02402 3.87912e-05 92.9513 5.80471e-11
2.03894 4.38718e-05 93.5327 7.3218e-11
2.05385 5.0263e-05 94.2806 9.02501e-11
2.06877 5.81687e-05 95.1555 1.08973e-10
2.08368 6.7783e-05 96.105 1.28987e-10
2.0986 7.9264e-05 97.064 1.4956e-10
2.11351 9.26926e-05 97.9552 1.69494e-10
2.12843 0.000108016 98.6903 1.87008e-10
2.14334 0.000124977 99.1703 1.99667e-10
2.15826 0.000143034 99.2892 2.04464e-10
2.17317 0.000161307 98.9386 1.9814e-10
2.18809 0.00017856 98.0161 1.77815e-10
2.203 0.000193282 96.4365 1.4189e-10
2.21792 0.00020388 94.1443 9.09696e-11
2.23283 0.000208971 91.1263 2.84226e-11
2.24775 0.000207698 87.4194 -3.97905e-11
2.26266 0.000199977 83.116 -1.06103e-10
2.27758 0.000186572 78.3641 -1.6281e-10
2.29249 0.000168988 73.3667 -2.03483e-10
2.30741 0.000149201 68.3761 -2.23948e-10
2.32232 0.000129321 63.6786 -2.22877e-10
2.33724 0.000111234 59.5537 -2.02307e-10
2.35215 9.62695e-05 56.2052 -1.67964e-10
2.36707 8.49786e-05 53.6943 -1.28323e-10
2.38198 7.7147e-05 51.9311 -9.16928e-11
2.3969 7.20681e-05 50.7384 -6.30937e-11
2.41181 6.89113e-05 49.9326 -4.34557e-11
2.42673 6.69733e-05 49.3689 -3.11373e-11
2.44164 6.57599e-05 48.9498 -2.38177e-11
2.45656 6.49619e-05 48.6156 -1.95516e-11
2.47147 6.43997e-05 48.3319 -1.70282e-11
2.48639 6.39731e-05 48.079 -1.54654e-11
2.5013 6.36272e-05 47.846 -1.44284e-11
2.51622 6.33318e-05 47.6264 -1.36851e-11
2.53113 6.30696e-05 47.4165 -1.31128e-11
2.54605 6.28304e-05 47.2138 -1.2646e-11
2.56096 6.26076e-05 47.0169 -1.22484e-11
2.57588 6.2397e-05 46.8246 -1.18987e-11
2.59079 6.21956e-05 46.6361 -1.15839e-11
2.60571 6.20014e-05 46.4509 -1.12952e-11
2.62062 6.18129e-05 46.2686 -1.1027e-11
2.63554 6.16289e-05 46.0888 -1.07749e-11
2.65045 6.14487e-05 45.9114 -1.05361e-11
2.66537 6.12716e-05 45.736 -1.03084e-11
2.68028 6.10973e-05 45.5627 -1.00901e-11
2.6952 6.09253e-05 45.3913 -9.88002e-12
2.71011 6.07553e-05 45.2217 -9.67719e-12
2.72503 6.05873e-05 45.0538 -9.48091e-12
2.73994 6.0421e-05 44.8876 -9.2906e-12
2.75485 6.02564e-05 44.723 -9.10582e-12
2.76977 6.00933e-05 44.56 -8.9262e-12
2.78468 5.99316e-05 44.3986 -8.75144e-12
2.7996 5.97714e-05 44.2386 -8.58129e-12
2.81451 5.96126e-05 44.0802 -8.41553e-12
2.82943 5.9455e-05 43.9232 -8.25398e-12
2.84434 5.92988e-05 43.7676 -8.09646e-12
2.85926 5.91438e-05 43.6134 -7.94283e-12
2.87417 5.899e-05 43.4607 -7.79295e-12
2.88909 5.88374e-05 43.3092 -7.64669e-12
2.904 5.86861e-05 43.1592 -7.50394e-12
2.91892 5.85359e-05 43.0105 -7.36459e-12
2.93383 5.83869e-05 42.863 -7.22853e-12
2.94875 5.8239e-05 42.7169 -7.09567e-12
2.96366 5.80922e-05 42.572 -6.96591e-12
2.97858 5.79466e-05 42.4284 -6.83916e-12
2.99349 5.7802e-05 42.286 -6.71533e-12
3.00841 5.76585e-05 42.1448 -6.59435e-12
3.02332 5.75161e-05 42.0049 -6.47613e-12
3.03824 5.73747e-05 41.8661 -6.3606e-12
3.05315 5.72344e-05 41.7285 -6.24767e-12
3.06807 5.70951e-05 41.592 -6.13729e-12
3.08298 5.69568e-05 41.4567 -6.02938e-12
3.0979 5.68195e-05 41.3225 -5.92387e-12
3.11281 5.66832e-05 41.1894 -5.82069e-12
3.12773 5.65478e-05 41.0574 -5.7198e-12
3.14264 5.64135e-05 40.9265 -5.62111e-12
3.15756 5.628e-05 40.7966 -5.52459e-12
3.17247 5.61476e-05 40.6678 -5.43016e-12
3.18739 5.6016e-05 40.54 -5.33778e-12
3.2023 5.58854e-05 40.4133 -5.24738e-12
3.21722 5.57557e-05 40.2876 -5.15893e-12
3.23213 5.56269e-05 40.1628 -5.07236e-12
3.24705 5.5499e-05 40.0391 -4.98764e-12
3.26196 5.53719e-05 39.9163 -4.9047e-12
3.27688 5.52458e-05 39.7945 -4.82352e-12
3.29179 5.51204e-05 39.6737 -4.74403e-12
3.30671 5.4996e-05 39.5537 -4.6662e-12
3.32162 5.48723e-05 39.4348 -4.58999e-12
3.33654 5.47495e-05 39.3167 -4.51536e-12
3.35145 5.46276e-05 39.1995 -4.44226e-12
3.36637 5.45064e-05 39.0832 -4.37066e-12
3.38128 5.4386e-05 38.9678 -4.30053e-12
3.3962 5.42665e-05 38.8533 -4.23182e-12
3.41111 5.41477e-05 38.7397 -4.16449e-12
3.42603 5.40297e-05 38.6268 -4.09853e-12
3.44094 5.39124e-05 38.5149 -4.03389e-12
3.45586 5.3796e-05 38.4037 -3.97054e-12
3.47077 5.36802e-05 38.2934 -3.90845e-12
3.48569 5.35652e-05 38.1839 -3.84759e-12
3.5006 5.3451e-05 38.0752 -3.78793e-12
3.51552 5.33375e-05 37.9673 -3.72945e-12
3.53043 5.32247e-05 37.8602 -3.6721e-12
3.54535 5.31126e-05 37.7538 -3.61588e-12
3.56026 5.30012e-05 37.6483 -3.56074e-12
3.57518 5.28905e-05 37.5434 -3.50667e-12
3.59009 5.27805e-05 37.4394 -3.45364e-12
3.60501 5.26712e-05 37.336 -3.40162e-12
3.61992 5.25626e-05 37.2334 -3.3506e-12
3.63483 5.24546e-05 37.1315 -3.30055e-12
3.64975 5.23473e-05 37.0304 -3.25144e-12
3.66466 5.22407e-05 36.9299 -3.20326e-12
3.67958 5.21347e-05 36.8302 -3.15599e-12
3.69449 5.20293e-05 36.7311 -3.10959e-12
3.70941 5.19246e-05 36.6327 -3.06407e-12
3.72432 5.18205e-05 36.535 -3.01938e-12
3.73924 5.1717e-05 36.438 -2.97553e-12
3.75415 5.16142e-05 36.3416 -2.93247e-12
3.76907 5.1512e-05 36.2459 -2.89021e-12
3.78398 5.14103e-05 36.1508 -2.84872e-12
3.7989 5.13093e-05 36.0564 -2.80799e-12
3.81381 5.12089e-05 35.9626 -2.76799e-12
3.82873 5.1109e-05 35.8695 -2.72872e-12
3.84364 5.10097e-05 35.7769 -2.69015e-12
3.85856 5.0911e-05 35.685 -2.65227e-12
3.87347 5.08129e-05 35.5937 -2.61507e-12
3.88839 5.07154e-05 35.503 -2.57852e-12
3.9033 5.06184e-05 35.4128 -2.54263e-12
3.91822 5.05219e-05 35.3233 -2.50737e-12
3.93313 5.0426e-05 35.2343 -2.47273e-12
3.94805 5.03307e-05 35.146 -2.43869e-12
3.96296 5.02359e-05 35.0582 -2.40525e-12
3.97788 5.01416e-05 34.9709 -2.37239e-12
3.99279 5.00478e-05 34.8843 -2.3401e-12
4.00771 4.99546e-05 34.7981 -2.30836e-12
4.02262 4.98619e-05 34.7126 -2.27717e-12
4.03754 4.97697e-05 34.6275 -2.24652e-12
4.05245 4.9678e-05 34.543 -2.21638e-12
4.06737 4.95869e-05 34.4591 -2.18676e-12
4.08228 4.94962e-05 34.3756 -2.15765e-12
4.0972 4.9406e-05 34.2927 -2.12902e-12
4.11211 4.93163e-05 34.2103 -2.10087e-12
4.12703 4.92271e-05 34.1284 -2.0732e-12
4.14194 4.91384e-05 34.047 -2.04598e-12
4.15686 4.90501e-05 33.9662 -2.01923e-12
4.17177 4.89624e-05 33.8858 -1.99291e-12
4.18669 4.88751e-05 33.8059 -1.96703e-12
4.2016 4.87882e-05 33.7265 -1.94157e-12
4.21652 4.87019e-05 33.6476 -1.91653e-12
4.23143 4.86159e-05 33.5691 -1.8919e-12
4.24635 4.85305e-05 33.4911 -1.86768e-12
4.26126 4.84455e-05 33.4136 -1.84384e-12
4.27618 4.83609e-05 33.3366 -1.82039e-12
4.29109 4.82768e-05 33.26 -1.79732e-12
4.30601 4.81931e-05 33.1839 -1.77462e-12
4.32092 4.81098e-05 33.1082 -1.75228e-12
4.33584 4.8027e-05 33.033 -1.7303e-12
4.35075 4.79446e-05 32.9582 -1.70867e-12
4.36567 4.78626e-05 32.8838 -1.68738e-12
4.38058 4.77811e-05 32.8099 -1.66643e-12
4.3955 4.76999e-05 32.7364 -1.64581e-12
4.41041 4.76192e-05 32.6634 -1.62551e-12
4.42533 4.75389e-05 32.5907 -1.60553e-12
4.44024 4.74589e-05 32.5185 -1.58586e-12
4.45516 4.73794e-05 32.4467 -1.56649e-12
4.47007 4.73003e-05 32.3753 -1.54743e-12
4.48498 4.72216e-05 32.3043 -1.52865e-12
4.4999 4.71433e-05 32.2337 -1.51017e-12
4.51481 4.70653e-05 32.1635 -1.49197e-12
4.52973 4.69878e-05 32.0937 -1.47405e-12
4.54464 4.69106e-05 32.0243 -1.4564e-12
4.55956 4.68338e-05 31.9553 -1.43902e-12
4.57447 4.67574e-05 31.8867 -1.4219e-12
4.58939 4.66813e-05 31.8185 -1.40504e-12
4.6043 4.66056e-05 31.7506 -1.38844e-12
4.61922 4.65303e-05 31.6831 -1.37208e-12
4.63413 4.64554e-05 31.616 -1.35597e-12
4.64905 4.63808e-05 31.5493 -1.34009e-12
4.66396 4.63066e-05 31.4829 -1.32446e-12
4.67888 4.62327e-05 31.4169 -1.30905e-12
4.69379 4.61592e-05 31.3512 -1.29387e-12
4.70871 4.6086e-05 31.2859 -1.27891e-12
4.72362 4.60132e-05 31.221 -1.26418e-12
4.73854 4.59407e-05 31.1564 -1.24966e-12
4.75345 4.58686e-05 31.0921 -1.23534e-12
4.76837 4.57968e-05 31.0282 -1.22124e-12
4.78328 4.57253e-05 30.9646 -1.20734e-12
4.7982 4.56542e-05 30.9014 -1.19365e-12
4.81311 4.55834e-05 30.8385 -1.18014e-12
4.82803 4.55129e-05 30.776 -1.16684e-12
4.84294 4.54428e-05 30.7137 -1.15372e-12
4.85786 4.5373e-05 30.6518 -1.14079e-12
4.87277 4.53035e-05 30.5903 -1.12804e-12
4.88769 4.52343e-05 30.529 -1.11548e-12
4.9026 4.51654e-05 30.4681 -1.10309e-12
4.91752 4.50969e-05 30.4075 -1.09088e-12
4.93243 4.50286e-05 30.3471 -1.07883e-12
4.94735 4.49607e-05 30.2871 -1.06696e-12
4.96226 4.48931e-05 30.2275 -1.05525e-12
4.97718 4.48257e-05 30.1681 -1.0437e-12
4.99209 4.47587e-05 30.109 -1.03232e-12
5.00701 4.4692e-05 30.0502 -1.02109e-12
5.02192 4.46256e-05 29.9918 -1.01002e-12
5.03684 4.45594e-05 29.9336 -9.99097e-13
5.05175 4.44936e-05 29.8757 -9.88326e-13
5.06667 4.44281e-05 29.8181 -9.77702e-13
5.08158 4.43628e-05 29.7608 -9.67223e-13
5.0965 4.42979e-05 29.7038 -9.56886e-13
5.11141 4.42332e-05 29.647 -9.4669e-13
5.12633 4.41688e-05 29.5906 -9.36631e-13
5.14124 4.41047e-05 29.5344 -9.26707e-13
5.15616 4.40408e-05 29.4785 -9.16917e-13
5.17107 4.39772e-05 29.4229 -9.07258e-13
5.18599 4.3914e-05 29.3676 -8.97728e-13
5.2009 4.38509e-05 29.3125 -8.88325e-13
5.21582 4.37882e-05 29.2577 -8.79047e-13
5.23073 4.37257e-05 29.2031 -8.69891e-13
5.24565 4.36635e-05 29.1489 -8.60857e-13
5.26056 4.36016e-05 29.0949 -8.51942e-13
5.27548 4.35399e-05 29.0411 -8.43143e-13
5.29039 4.34784e-05 28.9876 -8.3446e-13
5.30531 4.34173e-05 28.9344 -8.2589e-13
5.32022 4.33564e-05 28.8814 -8.17432e-13
5.33514 4.32957e-05 28.8287 -8.09083e-13
5.35005 4.32353e-05 28.7762 -8.00843e-13
5.36496 4.31752e-05 28.724 -7.92709e-13
5.37988 4.31153e-05 28.672 -7.8468e-13
5.39479 4.30556e-05 28.6203 -7.76754e-13
5.40971 4.29962e-05 28.5688 -7.6893e-13
5.42462 4.29371e-05 28.5176 -7.61205e-13
5.43954 4.28782e-05 28.4666 -7.53579e-13
5.45445 4.28195e-05 28.4158 -7.4605e-13
5.46937 4.27611e-05 28.3653 -7.38616e-13
5.48428 4.27029e-05 28.315 -7.31276e-13
5.4992 4.26449e-05 28.265 -7.24028e-13
5.51411 4.25872e-05 28.2151 -7.16872e-13
5.52903 4.25297e-05 28.1655 -7.09805e-13
5.54394 4.24725e-05 28.1162 -7.02827e-13
5.55886 4.24155e-05 28.067 -6.95935e-13
5.57377 4.23587e-05 28.0181 -6.8913e-13
5.58869 4.23021e-05 27.9694 -6.82408e-13
5.6036 4.22458e-05 27.9209 -6.7577e-13
5.61852 4.21897e-05 27.8727 -6.69214e-13
5.63343 4.21338e-05 27.8246 -6.62738e-13
5.64835 4.20781e-05 27.7768 -6.56342e-13
5.66326 4.20226e-05 27.7292 -6.50024e-13
5.67818 4.19674e-05 27.6818 -6.43783e-13
5.69309 4.19124e-05 27.6347 -6.37618e-13
5.70801 4.18576e-05 27.5877 -6.31528e-13
5.72292 4.1803e-05 27.5409 -6.25512e-13
5.73784 4.17487e-05 27.4944 -6.19568e-13
5.75275 4.16945e-05 27.448 -6.13696e-13
5.76767 4.16405e-05 27.4019 -6.07895e-13
5.78258 4.15868e-05 27.356 -6.02163e-13
5.7975 4.15333e-05 27.3102 -5.965e-13
5.81241 4.14799e-05 27.2647 -5.90904e-13
5.82733 4.14268e-05 27.2194 -5.85375e-13
5.84224 4.13739e-05 27.1742 -5.79912e-13
5.85716 4.13212e-05 27.1293 -5.74513e-13
5.87207 4.12687e-05 27.0845 -5.69177e-13
5.88699 4.12164e-05 27.04 -5.63905e-13
5.9019 4.11643e-05 26.9956 -5.58695e-13
5.91682 4.11123e-05 26.9515 -5.53545e-13
5.93173 4.10606e-05 26.9075 -5.48456e-13
5.94665 4.10091e-05 26.8637 -5.43426e-13
5.96156 4.09578e-05 26.8201 -5.38455e-13
5.97648 4.09066e-05 26.7767 -5.33541e-13
5.99139 4.08557e-05 26.7334 -5.28684e-13
6.00631 4.08049e-05 26.6904 -5.23884e-13
6.02122 4.07543e-05 26.6475 -5.19138e-13
6.03614 4.0704e-05 26.6048 -5.14447e-13
6.05105 4.06538e-05 26.5623 -5.0981e-13
6.06597 4.06037e-05 26.52 -5.05226e-13
6.08088 4.05539e-05 26.4779 -5.00694e-13
6.0958 4.05043e-05 26.4359 -4.96214e-13
6.11071 4.04548e-05 26.3941 -4.91784e-13
6.12563 4.04055e-05 26.3525 -4.87405e-13
6.14054 4.03564e-05 26.311 -4.83075e-13
6.15546 4.03075e-05 26.2697 -4.78794e-13
6.17037 4.02588e-05 26.2286 -4.74561e-13
6.18529 4.02102e-05 26.1877 -4.70375e-13
6.2002 4.01618e-05 26.1469 -4.66236e-13
6.21512 4.01136e-05 26.1063 -4.62144e-13
6.23003 4.00656e-05 26.0659 -4.58097e-13
6.24494 4.00177e-05 26.0256 -4.54095e-13
6.25986 3.997e-05 25.9855 -4.50137e-13
6.27477 3.99225e-05 25.9456 -4.46223e-13
6.28969 3.98751e-05 25.9058 -4.42352e-13
6.3046 3.98279e-05 25.8662 -4.38524e-13
6.31952 3.97809e-05 25.8267 -4.34737e-13
6.33443 3.9734e-05 25.7874 -4.30993e-13
6.34935 3.96873e-05 25.7482 -4.27289e-13
6.36426 3.96408e-05 25.7093 -4.23625e-13
6.37918 3.95944e-05 25.6704 -4.20002e-13
6.39409 3.95483e-05 25.6318 -4.16417e-13
6.40901 3.95022e-05 25.5932 -4.12872e-13
6.42392 3.94563e-05 25.5549 -4.09364e-13
6.43884 3.94106e-05 25.5167 -4.05895e-13
6.45375 3.93651e-05 25.4786 -4.02463e-13
6.46867 3.93197e-05 25.4407 -3.99067e-13
6.48358 3.92744e-05 25.4029 -3.95708e-13
6.4985 3.92294e-05 25.3653 -3.92385e-13
6.51341 3.91844e-05 25.3278 -3.89097e-13
6.52833 3.91397e-05 25.2905 -3.85844e-13
6.54324 3.9095e-05 25.2533 -3.82626e-13
6.55816 3.90506e-05 25.2163 -3.79441e-13
6.57307 3.90063e-05 25.1794 -3.76291e-13
6.58799 3.89621e-05 25.1427 -3.73173e-13
6.6029 3.89181e-05 25.1061 -3.70088e-13
6.61782 3.88742e-05 25.0697 -3.67036e-13
6.63273 3.88305e-05 25.0334 -3.64015e-13
6.64765 3.8787e-05 24.9972 -3.61026e-13
6.66256 3.87436e-05 24.9612 -3.58068e-13
6.67748 3.87003e-05 24.9253 -3.55141e-13
6.69239 3.86572e-05 24.8895 -3.52244e-13
6.70731 3.86142e-05 24.8539 -3.49377e-13
6.72222 3.85714e-05 24.8184 -3.46539e-13
6.73714 3.85287e-05 24.7831 -3.43731e-13
6.75205 3.84862e-05 24.7479 -3.40952e-13
6.76697 3.84438e-05 24.7128 -3.38201e-13
6.78188 3.84016e-05 24.6779 -3.35478e-13
6.7968 3.83595e-05 24.6431 -3.32783e-13
6.81171 3.83175e-05 24.6085 -3.30116e-13
6.82663 3.82757e-05 24.5739 -3.27475e-13
6.84154 3.8234e-05 24.5396 -3.24862e-13
6.85646 3.81924e-05 24.5053 -3.22275e-13
6.87137 3.8151e-05 24.4712 -3.19713e-13
6.88629 3.81098e-05 24.4372 -3.17178e-13
6.9012 3.80687e-05 24.4033 -3.14668e-13
6.91612 3.80277e-05 24.3696 -3.12184e-13
6.93103 3.79868e-05 24.336 -3.09724e-13
6.94595 3.79461e-05 24.3025 -3.07288e-13
6.96086 3.79056e-05 24.2692 -3.04877e-13
6.97578 3.78651e-05 24.236 -3.0249e-13
6.99069 3.78248e-05 24.2029 -3.00127e-13
7.00561 3.77847e-05 24.1699 -2.97786e-13
7.02052 3.77447e-05 24.1371 -2.95469e-13
7.03544 3.77048e-05 24.1044 -2.93175e-13
7.05035 3.7665e-05 24.0718 -2.90903e-13
7.06527 3.76254e-05 24.0394 -2.88654e-13
7.08018 3.75859e-05 24.0071 -2.86426e-13
7.0951 3.75466e-05 23.9749 -2.84221e-13
7.11001 3.75074e-05 23.9429 -2.82036e-13
7.12492 3.74683e-05 23.9109 -2.79873e-13
7.13984 3.74294e-05 23.8792 -2.77731e-13
7.15475 3.73906e-05 23.8475 -2.75609e-13
7.16967 3.73519e-05 23.816 -2.73508e-13
7.18458 3.73134e-05 23.7846 -2.71427e-13
7.1995 3.7275e-05 23.7533 -2.69366e-13
7.21441 3.72368e-05 23.7222 -2.67325e-13
7.22933 3.71987e-05 23.6912 -2.65303e-13
7.24424 3.71607e-05 23.6603 -2.63301e-13
7.25916 3.71229e-05 23.6295 -2.61317e-13
7.27407 3.70852e-05 23.5989 -2.59352e-13
7.28899 3.70476e-05 23.5685 -2.57406e-13
7.3039 3.70102e-05 23.5381 -2.55478e-13
7.31882 3.69729e-05 23.5079 -2.53568e-13
7.33373 3.69358e-05 23.4779 -2.51676e-13
7.34865 3.68988e-05 23.448 -2.49801e-13
7.36356 3.6862e-05 23.4182 -2.47944e-13
7.37848 3.68253e-05 23.3886 -2.46104e-13
7.39339 3.67888e-05 23.3591 -2.44281e-13
7.40831 3.67524e-05 23.3297 -2.42475e-13
7.42322 3.67161e-05 23.3006 -2.40685e-13
7.43814 3.66801e-05 23.2715 -2.38912e-13
7.45305 3.66441e-05 23.2426 -2.37154e-13
7.46797 3.66084e-05 23.2139 -2.35413e-13
7.48288 3.65728e-05 23.1853 -2.33687e-13
7.4978 3.65373e-05 23.1569 -2.31977e-13
7.51271 3.65021e-05 23.1287 -2.30282e-13
7.52763 3.6467e-05 23.1006 -2.28602e-13
7.54254 3.64321e-05 23.0727 -2.26937e-13
7.55746 3.63973e-05 23.045 -2.25286e-13
7.57237 3.63627e-05 23.0175 -2.2365e-13
7.58729 3.63284e-05 22.9901 -2.22028e-13
7.6022 3.62942e-05 22.963 -2.2042e-13
7.61712 3.62602e-05 22.936 -2.18825e-13
7.63203 3.62264e-05 22.9092 -2.17245e-13
7.64695 3.61928e-05 22.8827 -2.15677e-13
7.66186 3.61594e-05 22.8563 -2.14122e-13
7.67678 3.61263e-05 22.8302 -2.1258e-13
7.69169 3.60934e-05 22.8043 -2.11051e-13
7.70661 3.60607e-05 22.7786 -2.09534e-13
7.72152 3.60282e-05 22.7532 -2.08028e-13
7.73644 3.5996e-05 22.7281 -2.06535e-13
7.75135 3.59641e-05 22.7032 -2.05053e-13
7.76627 3.59324e-05 22.6785 -2.03582e-13
7.78118 3.5901e-05 22.6542 -2.02122e-13
7.7961 3.58699e-05 22.6301 -2.00672e-13
7.81101 3.58391e-05 22.6064 -1.99232e-13
7.82593 3.58086e-05 22.5829 -1.97803e-13
7.84084 3.57785e-05 22.5598 -1.96382e-13
7.85576 3.57486e-05 22.5371 -1.94971e-13
7.87067 3.57192e-05 22.5147 -1.93568e-13
7.88559 3.56901e-05 22.4927 -1.92173e-13
7.9005 3.56614e-05 22.4711 -1.90786e-13
7.91542 3.56332e-05 22.4498 -1.89406e-13
7.93033 3.56053e-05 22.4291 -1.88033e-13
7.94525 3.55779e-05 22.4087 -1.86665e-13
7.96016 3.5551e-05 22.3889 -1.85303e-13
7.97508 3.55246e-05 22.3695 -1.83945e-13
7.98999 3.54988e-05 22.3507 -1.82591e-13
8.0049 3.54735e-05 22.3324 -1.81239e-13
8.01982 3.54488e-05 22.3147 -1.7989e-13
8.03473 3.54247e-05 22.2976 -1.78541e-13
8.04965 3.54013e-05 22.2811 -1.77192e-13
8.06456 3.53786e-05 22.2653 -1.75842e-13
8.07948 3.53566e-05 22.2503 -1.74489e-13
8.09439 3.53354e-05 22.2359 -1.73131e-13
8.10931 3.53151e-05 22.2224 -1.71767e-13
8.12422 3.52957e-05 22.2096 -1.70396e-13
8.13914 3.52772e-05 22.1978 -1.69014e-13
8.15405 3.52597e-05 22.1869 -1.6762e-13
8.16897 3.52434e-05 22.1769 -1.66211e-13
8.18388 3.52282e-05 22.168 -1.64784e-13
8.1988 3.52142e-05 22.1601 -1.63335e-13
8.21371 3.52015e-05 22.1534 -1.61863e-13
8.22863 3.51903e-05 22.1479 -1.60361e-13
8.24354 3.51805e-05 22.1437 -1.58826e-13
8.25846 3.51725e-05 22.1409 -1.57252e-13
8.27337 3.51661e-05 22.1395 -1.55634e-13
8.28829 3.51617e-05 22.1396 -1.53965e-13
8.3032 3.51593e-05 22.1413 -1.52237e-13
8.31812 3.5159e-05 22.1448 -1.50442e-13
8.33303 3.51612e-05 22.15 -1.48569e-13
8.34795 3.5166e-05 22.1572 -1.46608e-13
8.36286 3.51735e-05 22.1664 -1.44544e-13
8.37778 3.51841e-05 22.1778 -1.42362e-13
8.39269 3.51979e-05 22.1915 -1.40043e-13
8.40761 3.52154e-05 22.2077 -1.37566e-13
8.42252 3.52369e-05 22.2265 -1.34905e-13
8.43744 3.52627e-05 22.2481 -1.32026e-13
8.45235 3.52933e-05 22.2726 -1.28892e-13
8.46727 3.53293e-05 22.3004 -1.25453e-13
8.48218 3.53711e-05 22.3316 -1.21649e-13
8.4971 3.54197e-05 22.3666 -1.17404e-13
8.51201 3.54757e-05 22.4055 -1.12624e-13
8.52693 3.55402e-05 22.4488 -1.07187e-13
8.54184 3.56144e-05 22.4968 -1.00944e-13
8.55676 3.56999e-05 22.5499 -9.37067e-14
8.57167 3.57983e-05 22.6088 -8.52425e-14
8.58659 3.5912e-05 22.6741 -7.52688e-14
8.6015 3.60437e-05 22.7464 -6.34462e-14
8.61642 3.61967e-05 22.8267 -4.93775e-14
8.63133 3.63751e-05 22.916 -3.2609e-14
8.64625 3.65836e-05 23.0155 -1.26408e-14
8.66116 3.68282e-05 23.1269 1.10544e-14
8.67608 3.71156e-05 23.2517 3.90013e-14
8.69099 3.74536e-05 23.3919 7.16778e-14
8.70591 3.7851e-05 23.5498 1.09459e-13
8.72082 3.83175e-05 23.7279 1.52548e-13
8.73574 3.88634e-05 23.9288 2.00908e-13
8.75065 3.94993e-05 24.1552 2.54187e-13
8.76557 4.02356e-05 24.41 3.11668e-13
8.78048 4.10818e-05 24.6956 3.72238e-13
8.7954 4.20462e-05 25.0146 4.34402e-13
8.81031 4.31348e-05 25.3686 4.96334e-13
8.82523 4.43508e-05 25.7589 5.55977e-13
8.84014 4.56942e-05 26.1859 6.11175e-13
8.85506 4.71613e-05 26.6493 6.59823e-13
8.86997 4.87447e-05 27.1476 7.00015e-13
8.88488 5.04333e-05 27.6787 7.3017e-13
8.8998 5.22125e-05 28.2398 7.4912e-13
8.91471 5.40649e-05 28.8272 7.56156e-13
8.92963 5.59708e-05 29.4369 7.51036e-13
8.94454 5.7909e-05 30.0645 7.33948e-13
8.95946 5.98574e-05 30.7055 7.05455e-13
8.97437 6.17936e-05 31.3555 6.66426e-13
8.98929 6.36959e-05 32.0101 6.17956e-13
9.0042 6.55435e-05 32.6651 5.61289e-13
9.01912 6.73171e-05 33.3168 4.97759e-13
9.03403 6.8999e-05 33.9616 4.28722e-13
9.04895 7.05738e-05 34.5964 3.55517e-13
9.06386 7.20282e-05 35.2184 2.79427e-13
9.07878 7.33511e-05 35.8254 2.01651e-13
9.09369 7.45337e-05 36.4153 1.23289e-13
9.10861 7.55694e-05 36.9864 4.53272e-14
9.12352 7.64538e-05 37.5375 -3.13624e-14
9.13844 7.71843e-05 38.0674 -1.06027e-13
9.15335 7.77603e-05 38.5754 -1.78029e-13
9.16827 7.81828e-05 39.0609 -2.46841e-13
9.18318 7.84543e-05 39.5236 -3.12038e-13
9.1981 7.85784e-05 39.9632 -3.73293e-13
9.21301 7.85602e-05 40.3799 -4.30364e-13
9.22793 7.84054e-05 40.7738 -4.83089e-13
9.24284 7.81206e-05 41.1451 -5.31374e-13
9.25776 7.77129e-05 41.4942 -5.75186e-13
9.27267 7.719e-05 41.8215 -6.14547e-13
9.28759 7.65598e-05 42.1277 -6.49522e-13
9.3025 7.58306e-05 42.4132 -6.80212e-13
9.31742 7.50105e-05 42.6787 -7.06753e-13
9.33233 7.41078e-05 42.925 -7.29302e-13
9.34725 7.31307e-05 43.1526 -7.48039e-13
9.36216 7.20873e-05 43.3625 -7.63155e-13
9.37708 7.09853e-05 43.5552 -7.74855e-13
9.39199 6.98323e-05 43.7317 -7.83347e-13
9.40691 6.86356e-05 43.8926 -7.88845e-13
9.42182 6.74022e-05 44.0387 -7.91564e-13
9.43674 6.61385e-05 44.1709 -7.91714e-13
9.45165 6.48509e-05 44.2898 -7.89505e-13
9.46657 6.35452e-05 44.3963 -7.8514e-13
9.48148 6.22268e-05 44.4911 -7.78816e-13
9.4964 6.09008e-05 44.5749 -7.70721e-13
9.51131 5.9572e-05 44.6485 -7.61037e-13
9.52623 5.82446e-05 44.7125 -7.49937e-13
9.54114 5.69227e-05 44.7676 -7.37582e-13
9.55606 5.56098e-05 44.8146 -7.24127e-13
9.57097 5.43093e-05 44.8541 -7.09716e-13
9.58589 5.30241e-05 44.8866 -6.94485e-13
9.6008 5.17568e-05 44.9129 -6.78558e-13
9.61572 5.05099e-05 44.9334 -6.62052e-13
9.63063 4.92854e-05 44.9489 -6.45076e-13
9.64555 4.8085e-05 44.9597 -6.27728e-13
9.66046 4.69105e-05 44.9665 -6.10101e-13
9.67538 4.57632e-05 44.9697 -5.92277e-13
9.69029 4.46442e-05 44.9698 -5.74334e-13
9.70521 4.35544e-05 44.9673 -5.5634e-13
9.72012 4.24946e-05 44.9625 -5.38359e-13
9.73504 4.14654e-05 44.956 -5.20447e-13
9.74995 4.04673e-05 44.948 -5.02655e-13
9.76486 3.95005e-05 44.939 -4.85029e-13
9.77978 3.85652e-05 44.9292 -4.67609e-13
9.79469 3.76615e-05 44.9191 -4.50431e-13
9.80961 3.67894e-05 44.9088 -4.33528e-13
9.82452 3.59486e-05 44.8986 -4.16927e-13
9.83944 3.5139e-05 44.8888 -4.00651e-13
9.85435 3.43602e-05 44.8796 -3.84721e-13
9.86927 3.36118e-05 44.8712 -3.69156e-13
9.88418 3.28935e-05 44.8638 -3.53968e-13
9.8991 3.22048e-05 44.8575 -3.39171e-13
9.91401 3.1545e-05 44.8525 -3.24775e-13
9.92893 3.09136e-05 44.8489 -3.10785e-13
9.94384 3.03101e-05 44.8467 -2.97208e-13
9.95876 2.97337e-05 44.8461 -2.84048e-13
9.97367 2.91838e-05 44.8472 -2.71305e-13
9.98859 2.86597e-05 44.8499 -2.58981e-13
10.0035 2.81607e-05 44.8543 -2.47075e-13
10.0184 2.76861e-05 44.8605 -2.35584e-13
10.0333 2.72352e-05 44.8684 -2.24504e-13
10.0482 2.68072e-05 44.878 -2.13833e-13
10.0632 2.64015e-05 44.8893 -2.03563e-13
10.0781 2.60172e-05 44.9023 -1.93689e-13
10.093 2.56537e-05 44.917 -1.84205e-13
10.1079 2.53102e-05 44.9333 -1.75103e-13
10.1228 2.4986e-05 44.9511 -1.66375e-13
10.1377 2.46805e-05 44.9705 -1.58013e-13
10.1527 2.43929e-05 44.9913 -1.50008e-13
10.1676 2.41225e-05 45.0134 -1.42351e-13
10.1825 2.38686e-05 45.037 -1.35032e-13
10.1974 2.36307e-05 45.0617 -1.28042e-13
10.2123 2.3408e-05 45.0877 -1.21371e-13
10.2272 2.31999e-05 45.1147 -1.1501e-13
10.2421 2.30058e-05 45.1429 -1.08947e-13
10.2571 2.28251e-05 45.172 -1.03175e-13
10.272 2.26572e-05 45.202 -9.76812e-14
10.2869 2.25016e-05 45.2328 -9.24572e-14
10.3018 2.23576e-05 45.2644 -8.74928e-14
10.3167 2.22248e-05 45.2967 -8.27783e-14
10.3316 2.21027e-05 45.3296 -7.8304e-14
10.3465 2.19907e-05 45.3631 -7.40604e-14
10.3615 2.18884e-05 45.3972 -7.00382e-14
10.3764 2.17952e-05 45.4317 -6.62283e-14
10.3913 2.17108e-05 45.4665 -6.26218e-14
10.4062 2.16347e-05 45.5018 -5.92098e-14
10.4211 2.15665e-05 45.5373 -5.5984e-14
10.436 2.15058e-05 45.5731 -5.2936e-14
10.451 2.14522e-05 45.609 -5.00578e-14
10.4659 2.14053e-05 45.6451 -4.73416e-14
10.4808 2.13649e-05 45.6813 -4.47798e-14
10.4957 2.13304e-05 45.7176 -4.23652e-14
10.5106 2.13017e-05 45.7539 -4.00907e-14
10.5255 2.12784e-05 45.7903 -3.79496e-14
10.5404 2.12602e-05 45.8265 -3.59352e-14
10.5554 2.12468e-05 45.8627 -3.40413e-14
10.5703 2.12379e-05 45.8988 -3.22617e-14
10.5852 2.12334e-05 45.9348 -3.05908e-14
10.6001 2.12328e-05 45.9706 -2.9023e-14
10.615 2.12361e-05 46.0062 -2.75528e-14
10.6299 2.1243e-05 46.0416 -2.61752e-14
10.6448 2.12532e-05 46.0768 -2.48853e-14
10.6598 2.12665e-05 46.1117 -2.36784e-14
10.6747 2.12828e-05 46.1464 -2.255e-14
10.6896 2.13019e-05 46.1808 -2.14959e-14
10.7045 2.13235e-05 46.2149 -2.0512e-14
10.7194 2.13476e-05 46.2486 -1.95945e-14
10.7343 2.13739e-05 46.282 -1.87396e-14
10.7492 2.14024e-05 46.3151 -1.79439e-14
10.7642 2.14328e-05 46.3478 -1.72039e-14
10.7791 2.1465e-05 46.3801 -1.65166e-14
10.794 2.14989e-05 46.412 -1.58789e-14
10.8089 2.15344e-05 46.4436 -1.5288e-14
10.8238 2.15713e-05 46.4747 -1.4741e-14
10.8387 2.16096e-05 46.5054 -1.42356e-14
10.8537 2.16491e-05 46.5357 -1.37691e-14
10.8686 2.16898e-05 46.5656 -1.33392e-14
10.8835 2.17314e-05 46.595 -1.29439e-14
10.8984 2.1774e-05 46.624 -1.2581e-14
10.9133 2.18175e-05 46.6526 -1.22485e-14
10.9282 2.18618e-05 46.6807 -1.19445e-14
10.9431 2.19068e-05 46.7084 -1.16674e-14
10.9581 2.19524e-05 46.7355 -1.14154e-14
10.973 2.19985e-05 46.7623 -1.11869e-14
10.9879 2.20452e-05 46.7886 -1.09805e-14
11.0028 2.20923e-05 46.8144 -1.07948e-14
11.0177 2.21398e-05 46.8397 -1.06283e-14
11.0326 2.21876e-05 46.8646 -1.048e-14
11.0475 2.22357e-05 46.889 -1.03486e-14
11.0625 2.2284e-05 46.9129 -1.02329e-14
11.0774 2.23325e-05 46.9363 -1.01319e-14
11.0923 2.23811e-05 46.9593 -1.00447e-14
11.1072 2.24299e-05 46.9818 -9.97024e-15
11.1221 2.24787e-05 47.0039 -9.90769e-15
11.137 2.25275e-05 47.0254 -9.85622e-15
11.152 2.25764e-05 47.0465 -9.81505e-15
11.1669 2.26251e-05 47.0671 -9.78343e-15
11.1818 2.26739e-05 47.0873 -9.76066e-15
11.1967 2.27225e-05 47.107 -9.74611e-15
11.2116 2.2771e-05 47.1262 -9.73915e-15
11.2265 2.28194e-05 47.145 -9.73921e-15
11.2414 2.28676e-05 47.1633 -9.74574e-15
11.2564 2.29156e-05 47.1811 -9.75824e-15
11.2713 2.29634e-05 47.1985 -9.77622e-15
11.2862 2.30109e-05 47.2154 -9.79924e-15
11.3011 2.30582e-05 47.2319 -9.82687e-15
11.316 2.31053e-05 47.2479 -9.85872e-15
11.3309 2.31521e-05 47.2635 -9.89442e-15
11.3458 2.31986e-05 47.2786 -9.93361e-15
11.3608 2.32448e-05 47.2933 -9.97597e-15
11.3757 2.32906e-05 47.3076 -1.00212e-14
11.3906 2.33362e-05 47.3214 -1.0069e-14
11.4055 2.33814e-05 47.3348 -1.01191e-14
11.4204 2.34262e-05 47.3477 -1.01713e-14
11.4353 2.34707e-05 47.3603 -1.02252e-14
11.4503 2.35149e-05 47.3724 -1.02808e-14
11.4652 2.35587e-05 47.3841 -1.03378e-14
11.4801 2.3602e-05 47.3953 -1.0396e-14
11.495 2.36451e-05 47.4062 -1.04552e-14
11.5099 2.36877e-05 47.4166 -1.05153e-14
11.5248 2.37299e-05 47.4267 -1.0576e-14
11.5397 2.37717e-05 47.4363 -1.06374e-14
11.5547 2.38131e-05 47.4455 -1.06991e-14
11.5696 2.38541e-05 47.4544 -1.07612e-14
11.5845 2.38947e-05 47.4628 -1.08234e-14
11.5994 2.39349e-05 47.4709 -1.08857e-14
11.6143 2.39747e-05 47.4786 -1.09479e-14
11.6292 2.40141e-05 47.4859 -1.10101e-14
11.6441 2.4053e-05 47.4928 -1.1072e-14
11.6591 2.40915e-05 47.4993 -1.11336e-14
11.674 2.41296e-05 47.5055 -1.11949e-14
11.6889 2.41673e-05 47.5113 -1.12557e-14
11.7038 2.42045e-05 47.5167 -1.1316e-14
11.7187 2.42413e-05 47.5218 -1.13758e-14
11.7336 2.42777e-05 47.5265 -1.1435e-14
11.7485 2.43137e-05 47.5309 -1.14935e-14
11.7635 2.43492e-05 47.5349 -1.15513e-14
11.7784 2.43844e-05 47.5386 -1.16083e-14
11.7933 2.44191e-05 47.5419 -1.16646e-14
11.8082 2.44533e-05 47.5449 -1.17201e-14
11.8231 2.44872e-05 47.5475 -1.17747e-14
11.838 2.45206e-05 47.5499 -1.18285e-14
11.853 2.45537e-05 47.5519 -1.18814e-14
11.8679 2.45863e-05 47.5535 -1.19333e-14
11.8828 2.46184e-05 47.5549 -1.19843e-14
11.8977 2.46502e-05 47.5559 -1.20344e-14
11.9126 2.46816e-05 47.5566 -1.20835e-14
11.9275 2.47125e-05 47.557 -1.21316e-14
11.9424 2.4743e-05 47.5571 -1.21787e-14
11.9574 2.47732e-05 47.5569 -1.22248e-14
11.9723 2.48029e-05 47.5564 -1.22699e-14
11.9872 2.48322e-05 47.5555 -1.23139e-14
12.0021 2.48611e-05 47.5544 -1.2357e-14
12.017 2.48897e-05 47.553 -1.2399e-14
12.0319 2.49178e-05 47.5513 -1.244e-14
12.0468 2.49455e-05 47.5494 -1.248e-14
12.0618 2.49729e-05 47.5471 -1.25189e-14
12.0767 2.49998e-05 47.5446 -1.25568e-14
12.0916 2.50264e-05 47.5417 -1.25937e-14
12.1065 2.50526e-05 47.5387 -1.26295e-14
12.1214 2.50784e-05 47.5353 -1.26644e-14
12.1363 2.51038e-05 47.5317 -1.26982e-14
12.1513 2.51288e-05 47.5278 -1.27309e-14
12.1662 2.51535e-05 47.5236 -1.27627e-14
12.1811 2.51778e-05 47.5192 -1.27935e-14
12.196 2.52017e-05 47.5146 -1.28233e-14
12.2109 2.52253e-05 47.5097 -1.28521e-14
12.2258 2.52485e-05 47.5045 -1.28799e-14
12.2407 2.52714e-05 47.4991 -1.29067e-14
12.2557 2.52938e-05 47.4934 -1.29326e-14
12.2706 2.5316e-05 47.4875 -1.29575e-14
12.2855 2.53378e-05 47.4814 -1.29814e-14
12.3004 2.53592e-05 47.475 -1.30044e-14
12.3153 2.53803e-05 47.4684 -1.30265e-14
12.3302 2.5401e-05 47.4616 -1.30477e-14
12.3451 2.54215e-05 47.4545 -1.30679e-14
12.3601 2.54415e-05 47.4473 -1.30872e-14
12.375 2.54613e-05 47.4398 -1.31057e-14
12.3899 2.54807e-05 47.432 -1.31232e-14
12.4048 2.54998e-05 47.4241 -1.31399e-14
12.4197 2.55185e-05 47.416 -1.31557e-14
12.4346 2.55369e-05 47.4076 -1.31707e-14
12.4495 2.55551e-05 47.399 -1.31848e-14
12.4645 2.55728e-05 47.3903 -1.31981e-14
12.4794 2.55903e-05 47.3813 -1.32105e-14
12.4943 2.56075e-05 47.3721 -1.32222e-14
12.5092 2.56243e-05 47.3627 -1.3233e-14
12.5241 2.56409e-05 47.3532 -1.32431e-14
12.539 2.56572e-05 47.3434 -1.32523e-14
12.554 2.56731e-05 47.3335 -1.32608e-14
12.5689 2.56888e-05 47.3233 -1.32685e-14
12.5838 2.57041e-05 47.313 -1.32755e-14
12.5987 2.57192e-05 47.3025 -1.32818e-14
12.6136 2.57339e-05 47.2918 -1.32873e-14
12.6285 2.57484e-05 47.2809 -1.3292e-14
12.6434 2.57626e-05 47.2698 -1.32961e-14
12.6584 2.57766e-05 47.2586 -1.32995e-14
12.6733 2.57902e-05 47.2472 -1.33022e-14
12.6882 2.58036e-05 47.2357 -1.33042e-14
12.7031 2.58167e-05 47.2239 -1.33055e-14
12.718 2.58295e-05 47.212 -1.33062e-14
12.7329 2.5842e-05 47.2 -1.33062e-14
12.7478 2.58543e-05 47.1877 -1.33056e-14
12.7628 2.58664e-05 47.1753 -1.33044e-14
12.7777 2.58781e-05 47.1628 -1.33025e-14
12.7926 2.58896e-05 47.1501 -1.33e-14
12.8075 2.59009e-05 47.1373 -1.3297e-14
12.8224 2.59119e-05 47.1242 -1.32933e-14
12.8373 2.59227e-05 47.1111 -1.3289e-14
12.8523 2.59332e-05 47.0978 -1.32842e-14
12.8672 2.59434e-05 47.0844 -1.32788e-14
12.8821 2.59534e-05 47.0708 -1.32729e-14
12.897 2.59632e-05 47.057 -1.32664e-14
12.9119 2.59728e-05 47.0432 -1.32593e-14
12.9268 2.59821e-05 47.0292 -1.32517e-14
12.9417 2.59911e-05 47.015 -1.32437e-14
12.9567 2.6e-05 47.0008 -1.32351e-14
12.9716 2.60086e-05 46.9864 -1.32259e-14
12.9865 2.6017e-05 46.9718 -1.32163e-14
13.0014 2.60252e-05 46.9572 -1.32062e-14
13.0163 2.60331e-05 46.9424 -1.31957e-14
13.0312 2.60408e-05 46.9275 -1.31846e-14
13.0461 2.60484e-05 46.9124 -1.31731e-14
13.0611 2.60557e-05 46.8973 -1.31612e-14
13.076 2.60627e-05 46.882 -1.31487e-14
13.0909 2.60696e-05 46.8666 -1.31359e-14
13.1058 2.60763e-05 46.8511 -1.31226e-14
13.1207 2.60828e-05 46.8355 -1.31089e-14
13.1356 2.6089e-05 46.8198 -1.30947e-14
13.1506 2.60951e-05 46.8039 -1.30802e-14
13.1655 2.6101e-05 46.788 -1.30653e-14
13.1804 2.61066e-05 46.7719 -1.30499e-14
13.1953 2.61121e-05 46.7558 -1.30342e-14
13.2102 2.61174e-05 46.7395 -1.30181e-14
13.2251 2.61225e-05 46.7232 -1.30016e-14
13.24 2.61274e-05 46.7067 -1.29847e-14
13.255 2.61322e-05 46.6901 -1.29675e-14
13.2699 2.61367e-05 46.6735 -1.29499e-14
13.2848 2.61411e-05 46.6567 -1.2932e-14
13.2997 2.61453e-05 46.6399 -1.29137e-14
13.3146 2.61493e-05 46.6229 -1.28951e-14
13.3295 2.61531e-05 46.6059 -1.28761e-14
13.3444 2.61568e-05 46.5888 -1.28569e-14
13.3594 2.61603e-05 46.5715 -1.28373e-14
13.3743 2.61636e-05 46.5542 -1.28174e-14
13.3892 2.61668e-05 46.5369 -1.27972e-14
13.4041 2.61698e-05 46.5194 -1.27767e-14
13.419 2.61726e-05 46.5018 -1.27559e-14
13.4339 2.61753e-05 46.4842 -1.27348e-14
13.4488 2.61778e-05 46.4665 -1.27134e-14
13.4638 2.61802e-05 46.4487 -1.26918e-14
13.4787 2.61824e-05 46.4308 -1.26699e-14
13.4936 2.61845e-05 46.4129 -1.26477e-14
13.5085 2.61864e-05 46.3949 -1.26252e-14
13.5234 2.61881e-05 46.3768 -1.26025e-14
13.5383 2.61897e-05 46.3586 -1.25796e-14
13.5533 2.61912e-05 46.3404 -1.25564e-14
13.5682 2.61925e-05 46.3221 -1.25329e-14
13.5831 2.61937e-05 46.3038 -1.25092e-14
13.598 2.61948e-05 46.2853 -1.24853e-14
13.6129 2.61957e-05 46.2668 -1.24612e-14
13.6278 2.61964e-05 46.2483 -1.24368e-14
13.6427 2.61971e-05 46.2297 -1.24123e-14
13.6577 2.61976e-05 46.211 -1.23875e-14
13.6726 2.6198e-05 46.1922 -1.23625e-14
13.6875 2.61982e-05 46.1734 -1.23373e-14
13.7024 2.61983e-05 46.1546 -1.23119e-14
13.7173 2.61983e-05 46.1357 -1.22863e-14
13.7322 2.61982e-05 46.1167 -1.22605e-14
13.7471 2.6198e-05 46.0977 -1.22345e-14
13.7621 2.61976e-05 46.0786 -1.22084e-14
13.777 2.61971e-05 46.0595 -1.21821e-14
13.7919 2.61965e-05 46.0403 -1.21556e-14
13.8068 2.61958e-05 46.0211 -1.21289e-14
13.8217 2.6195e-05 46.0018 -1.21021e-14
13.8366 2.6194e-05 45.9825 -1.20751e-14
13.8516 2.6193e-05 45.9631 -1.20479e-14
13.8665 2.61918e-05 45.9437 -1.20206e-14
13.8814 2.61905e-05 45.9243 -1.19932e-14
13.8963 2.61892e-05 45.9048 -1.19656e-14
13.9112 2.61877e-05 45.8852 -1.19378e-14
13.9261 2.61861e-05 45.8656 -1.19099e-14
13.941 2.61844e-05 45.846 -1.18819e-14
13.956 2.61827e-05 45.8264 -1.18538e-14
13.9709 2.61808e-05 45.8067 -1.18255e-14
13.9858 2.61788e-05 45.7869 -1.17971e-14
14.0007 2.61768e-05 45.7672 -1.17686e-14
14.0156 2.61746e-05 45.7474 -1.17399e-14
14.0305 2.61723e-05 45.7276 -1.17112e-14
14.0454 2.617e-05 45.7077 -1.16823e-14
14.0604 2.61676e-05 45.6878 -1.16533e-14
14.0753 2.61651e-05 45.6679 -1.16243e-14
14.0902 2.61625e-05 45.6479 -1.15951e-14
14.1051 2.61598e-05 45.6279 -1.15658e-14
14.12 2.6157e-05 45.6079 -1.15364e-14
14.1349 2.61542e-05 45.5879 -1.15069e-14
14.1498 2.61512e-05 45.5678 -1.14774e-14
14.1648 2.61482e-05 45.5477 -1.14477e-14
14.1797 2.61451e-05 45.5276 -1.1418e-14
14.1946 2.6142e-05 45.5075 -1.13882e-14
14.2095 2.61388e-05 45.4873 -1.13583e-14
14.2244 2.61354e-05 45.4671 -1.13283e-14
14.2393 2.61321e-05 45.4469 -1.12983e-14
14.2543 2.61286e-05 45.4267 -1.12682e-14
14.2692 2.61251e-05 45.4065 -1.1238e-14
14.2841 2.61215e-05 45.3862 -1.12078e-14
14.299 2.61179e-05 45.366 -1.11774e-14
14.3139 2.61141e-05 45.3457 -1.11471e-14
14.3288 2.61104e-05 45.3254 -1.11167e-14
14.3437 2.61065e-05 45.3051 -1.10862e-14
14.3587 2.61026e-05 45.2847 -1.10556e-14
14.3736 2.60986e-05 45.2644 -1.1025e-14
14.3885 2.60946e-05 45.244 -1.09944e-14
14.4034 2.60905e-05 45.2237 -1.09637e-14
14.4183 2.60864e-05 45.2033 -1.0933e-14
14.4332 2.60822e-05 45.1829 -1.09022e-14
14.4481 2.60779e-05 45.1625 -1.08714e-14
14.4631 2.60736e-05 45.1421 -1.08406e-14
14.478 2.60693e-05 45.1217 -1.08097e-14
14.4929 2.60649e-05 45.1013 -1.07788e-14
14.5078 2.60604e-05 45.0809 -1.07478e-14
14.5227 2.60559e-05 45.0604 -1.07169e-14
14.5376 2.60514e-05 45.04 -1.06859e-14
14.5526 2.60468e-05 45.0196 -1.06548e-14
14.5675 2.60421e-05 44.9991 -1.06238e-14
14.5824 2.60375e-05 44.9787 -1.05927e-14
14.5973 2.60327e-05 44.9582 -1.05616e-14
14.6122 2.6028e-05 44.9378 -1.05305e-14
14.6271 2.60231e-05 44.9173 -1.04994e-14
14.642 2.60183e-05 44.8969 -1.04683e-14
14.657 2.60134e-05 44.8765 -1.04371e-14
14.6719 2.60085e-05 44.856 -1.04059e-14
14.6868 2.60035e-05 44.8356 -1.03748e-14
14.7017 2.59985e-05 44.8151 -1.03436e-14
14.7166 2.59935e-05 44.7947 -1.03124e-14
14.7315 2.59884e-05 44.7743 -1.02812e-14
14.7464 2.59833e-05 44.7539 -1.025e-14
14.7614 2.59782e-05 44.7334 -1.02189e-14
14.7763 2.59731e-05 44.713 -1.01877e-14
14.7912 2.59679e-05 44.6926 -1.01565e-14
14.8061 2.59627e-05 44.6722 -1.01253e-14
14.821 2.59574e-05 44.6518 -1.00941e-14
14.8359 2.59521e-05 44.6315 -1.0063e-14
14.8509 2.59469e-05 44.6111 -1.00318e-14
14.8658 2.59415e-05 44.5907 -1.00006e-14
14.8807 2.59362e-05 44.5704 -9.96951e-15
14.8956 2.59308e-05 44.55 -9.93838e-15
14.9105 2.59254e-05 44.5297 -9.90727e-15
14.9254 2.592e-05 44.5094 -9.87617e-15
14.9403 2.59146e-05 44.4891 -9.84509e-15
14.9553 2.59092e-05 44.4688 -9.81403e-15
14.9702 2.59037e-05 44.4485 -9.78299e-15
14.9851 2.58982e-05 44.4282 -9.75197e-15
15 2.58927e-05 44.408 -4.86823e-15
