0.1 0.000314022 979.051
0.114915 0.000295003 891.949
0.12983 0.000277568 820.689
0.144745 0.000262875 762.619
0.15966 0.000250293 714.216
0.174575 0.000239359 673.12
0.189489 0.000229744 637.698
0.204404 0.000221202 606.782
0.219319 0.000213547 579.514
0.234234 0.000206635 555.244
0.249149 0.000200354 533.473
0.264064 0.000194613 513.811
0.278979 0.000189338 495.946
0.293894 0.000184471 479.626
0.308809 0.00017996 464.646
0.323724 0.000175765 450.838
0.338639 0.000171851 438.059
0.353554 0.000168186 426.192
0.368468 0.000164747 415.135
0.383383 0.00016151 404.803
0.398298 0.000158457 395.122
0.413213 0.000155571 386.029
0.428128 0.000152837 377.467
0.443043 0.000150242 369.388
0.457958 0.000147775 361.75
0.472873 0.000145426 354.515
0.487788 0.000143185 347.65
0.502703 0.000141045 341.125
0.517618 0.000138998 334.913
0.532533 0.000137037 328.992
0.547447 0.000135158 323.34
0.562362 0.000133353 317.937
0.577277 0.000131619 312.766
0.592192 0.000129951 307.812
0.607107 0.000128345 303.06
0.622022 0.000126796 298.498
0.636937 0.000125303 294.112
0.651852 0.000123861 289.894
0.666767 0.000122468 285.831
0.681682 0.000121121 281.917
0.696597 0.000119817 278.141
0.711512 0.000118554 274.496
0.726426 0.000117331 270.975
0.741341 0.000116145 267.571
0.756256 0.000114994 264.278
0.771171 0.000113876 261.091
0.786086 0.000112791 258.003
0.801001 0.000111735 255.01
0.815916 0.000110709 252.108
0.830831 0.000109711 249.292
0.845746 0.000108739 246.558
0.860661 0.000107793 243.902
0.875576 0.000106871 241.321
0.89049 0.000105972 238.811
0.905405 0.000105096 236.369
0.92032 0.000104241 233.992
0.935235 0.000103406 231.678
0.95015 0.000102591 229.424
0.965065 0.000101795 227.227
0.97998 0.000101018 225.085
0.994895 0.000100258 222.996
1.00981 9.95145e-05 220.958
1.02472 9.87876e-05 218.969
1.03964 9.80764e-05 217.026
1.05455 9.73803e-05 215.129
1.06947 9.66989e-05 213.275
1.08438 9.60315e-05 211.464
1.0993 9.53778e-05 209.692
1.11421 9.47373e-05 207.96
1.12913 9.41095e-05 206.265
1.14404 9.3494e-05 204.607
1.15896 9.28905e-05 202.983
1.17387 9.22984e-05 201.394
1.18879 9.17176e-05 199.837
1.2037 9.11476e-05 198.312
1.21862 9.05881e-05 196.818
1.23353 9.00387e-05 195.353
1.24845 8.94993e-05 193.917
1.26336 8.89694e-05 192.509
1.27828 8.84488e-05 191.128
1.29319 8.79372e-05 189.772
1.30811 8.74345e-05 188.443
1.32302 8.69402e-05 187.138
1.33794 8.64543e-05 185.856
1.35285 8.59764e-05 184.598
1.36777 8.55063e-05 183.362
1.38268 8.50439e-05 182.149
1.3976 8.45888e-05 180.956
1.41251 8.4141e-05 179.784
1.42743 8.37003e-05 178.632
1.44234 8.32664e-05 177.5
1.45726 8.28392e-05 176.386
1.47217 8.24184e-05 175.291
1.48709 8.2004e-05 174.214
1.502 8.15958e-05 173.154
1.51692 8.11937e-05 172.111
1.53183 8.07974e-05 171.085
1.54675 8.04068e-05 170.074
1.56166 8.00218e-05 169.079
1.57658 7.96422e-05 168.099
1.59149 7.9268e-05 167.134
1.60641 7.88989e-05 166.182
1.62132 7.85348e-05 165.243
1.63624 7.81756e-05 164.317
1.65115 7.78211e-05 163.403
1.66607 7.74712e-05 162.499
1.68098 7.71256e-05 161.605
1.6959 7.67843e-05 160.719
1.71081 7.64469e-05 159.839
1.72573 7.61132e-05 158.963
1.74064 7.57828e-05 158.087
1.75556 7.54556e-05 157.209
1.77047 7.51309e-05 156.322
1.78539 7.48083e-05 155.419
1.8003 7.44872e-05 154.493
1.81522 7.4167e-05 153.531
1.83013 7.3847e-05 152.519
1.84505 7.3527e-05 151.438
1.85996 7.32067e-05 150.264
1.87487 7.28869e-05 148.968
1.88979 7.25694e-05 147.514
1.9047 7.22576e-05 145.859
1.91962 7.19567e-05 143.954
1.93453 7.16733e-05 141.746
1.94945 7.14139e-05 139.176
1.96436 7.11828e-05 136.189
1.97928 7.09789e-05 132.735
1.99419 7.07946e-05 128.784
2.00911 7.06162e-05 124.333
2.02402 7.04286e-05 119.418
2.03894 7.02201e-05 114.117
2.05385 6.99866e-05 108.543
2.06877 6.97313e-05 102.831
2.08368 6.94619e-05 97.1202
2.0986 6.91865e-05 91.54
2.11351 6.89118e-05 86.1988
2.12843 6.86421e-05 81.1822
2.14334 6.83791e-05 76.5527
2.15826 6.81234e-05 72.3519
2.17317 6.78746e-05 68.6024
2.18809 6.7632e-05 65.3095
2.203 6.73946e-05 62.4635
2.21792 6.71619e-05 60.0405
2.23283 6.6933e-05 58.0059
2.24775 6.67076e-05 56.3168
2.26266 6.64853e-05 54.9265
2.27758 6.62658e-05 53.7876
2.29249 6.60488e-05 52.8552
2.30741 6.58342e-05 52.0893
2.32232 6.56219e-05 51.455
2.33724 6.54118e-05 50.9238
2.35215 6.52038e-05 50.4723
2.36707 6.49978e-05 50.082
2.38198 6.47938e-05 49.7387
2.3969 6.45918e-05 49.4311
2.41181 6.43917e-05 49.151
2.42673 6.41935e-05 48.8919
2.44164 6.39971e-05 48.6489
2.45656 6.38024e-05 48.4185
2.47147 6.36096e-05 48.1979
2.48639 6.34185e-05 47.9851
2.5013 6.32291e-05 47.7786
2.51622 6.30415e-05 47.5773
2.53113 6.28554e-05 47.3803
2.54605 6.26711e-05 47.1869
2.56096 6.24883e-05 46.9968
2.57588 6.23071e-05 46.8094
2.59079 6.21275e-05 46.6246
2.60571 6.19494e-05 46.4421
2.62062 6.17729e-05 46.2618
2.63554 6.15979e-05 46.0836
2.65045 6.14243e-05 45.9072
2.66537 6.12522e-05 45.7328
2.68028 6.10815e-05 45.5601
2.6952 6.09123e-05 45.3891
2.71011 6.07444e-05 45.2199
2.72503 6.0578e-05 45.0522
2.73994 6.04129e-05 44.8862
2.75485 6.02491e-05 44.7218
2.76977 6.00867e-05 44.5589
2.78468 5.99255e-05 44.3975
2.7996 5.97657e-05 44.2376
2.81451 5.96071e-05 44.0792
2.82943 5.94498e-05 43.9223
2.84434 5.92938e-05 43.7667
2.85926 5.91389e-05 43.6126
2.87417 5.89853e-05 43.4598
2.88909 5.88328e-05 43.3085
2.904 5.86815e-05 43.1584
2.91892 5.85314e-05 43.0097
2.93383 5.83824e-05 42.8623
2.94875 5.82346e-05 42.7161
2.96366 5.80879e-05 42.5713
2.97858 5.79423e-05 42.4277
2.99349 5.77977e-05 42.2853
3.00841 5.76543e-05 42.1441
3.02332 5.75119e-05 42.0041
3.03824 5.73706e-05 41.8654
3.05315 5.72303e-05 41.7278
3.06807 5.7091e-05 41.5913
3.08298 5.69527e-05 41.456
3.0979 5.68155e-05 41.3218
3.11281 5.66792e-05 41.1887
3.12773 5.65439e-05 41.0567
3.14264 5.64095e-05 40.9258
3.15756 5.62761e-05 40.7959
3.17247 5.61437e-05 40.6671
3.18739 5.60122e-05 40.5394
3.2023 5.58816e-05 40.4126
3.21722 5.57519e-05 40.2869
3.23213 5.56231e-05 40.1622
3.24705 5.54952e-05 40.0385
3.26196 5.53682e-05 39.9157
3.27688 5.52421e-05 39.7939
3.29179 5.51168e-05 39.673
3.30671 5.49923e-05 39.5531
3.32162 5.48687e-05 39.4341
3.33654 5.4746e-05 39.3161
3.35145 5.4624e-05 39.1989
3.36637 5.45029e-05 39.0826
3.38128 5.43825e-05 38.9672
3.3962 5.4263e-05 38.8527
3.41111 5.41442e-05 38.7391
3.42603 5.40262e-05 38.6262
3.44094 5.3909e-05 38.5143
3.45586 5.37926e-05 38.4032
3.47077 5.36769e-05 38.2928
3.48569 5.35619e-05 38.1833
3.5006 5.34477e-05 38.0746
3.51552 5.33342e-05 37.9667
3.53043 5.32214e-05 37.8596
3.54535 5.31093e-05 37.7533
3.56026 5.2998e-05 37.6477
3.57518 5.28873e-05 37.5429
3.59009 5.27773e-05 37.4388
3.60501 5.2668e-05 37.3355
3.61992 5.25594e-05 37.2329
3.63483 5.24515e-05 37.131
3.64975 5.23442e-05 37.0298
3.66466 5.22376e-05 36.9294
3.67958 5.21316e-05 36.8296
3.69449 5.20262e-05 36.7306
3.70941 5.19215e-05 36.6322
3.72432 5.18175e-05 36.5345
3.73924 5.1714e-05 36.4375
3.75415 5.16112e-05 36.3411
3.76907 5.1509e-05 36.2454
3.78398 5.14074e-05 36.1503
3.7989 5.13064e-05 36.0559
3.81381 5.12059e-05 35.9621
3.82873 5.11061e-05 35.869
3.84364 5.10068e-05 35.7764
3.85856 5.09082e-05 35.6845
3.87347 5.08101e-05 35.5932
3.88839 5.07125e-05 35.5025
3.9033 5.06155e-05 35.4123
3.91822 5.05191e-05 35.3228
3.93313 5.04232e-05 35.2339
3.94805 5.03279e-05 35.1455
3.96296 5.02331e-05 35.0577
3.97788 5.01388e-05 34.9705
3.99279 5.00451e-05 34.8838
4.00771 4.99519e-05 34.7977
4.02262 4.98592e-05 34.7121
4.03754 4.9767e-05 34.6271
4.05245 4.96754e-05 34.5426
4.06737 4.95842e-05 34.4586
4.08228 4.94935e-05 34.3752
4.0972 4.94034e-05 34.2923
4.11211 4.93137e-05 34.2099
4.12703 4.92245e-05 34.128
4.14194 4.91358e-05 34.0466
4.15686 4.90476e-05 33.9657
4.17177 4.89598e-05 33.8853
4.18669 4.88725e-05 33.8054
4.2016 4.87857e-05 33.726
4.21652 4.86993e-05 33.6471
4.23143 4.86134e-05 33.5687
4.24635 4.8528e-05 33.4907
4.26126 4.8443e-05 33.4132
4.27618 4.83584e-05 33.3362
4.29109 4.82743e-05 33.2596
4.30601 4.81906e-05 33.1834
4.32092 4.81074e-05 33.1078
4.33584 4.80246e-05 33.0325
4.35075 4.79422e-05 32.9578
4.36567 4.78602e-05 32.8834
4.38058 4.77787e-05 32.8095
4.3955 4.76976e-05 32.736
4.41041 4.76168e-05 32.6629
4.42533 4.75365e-05 32.5903
4.44024 4.74566e-05 32.5181
4.45516 4.73771e-05 32.4463
4.47007 4.7298e-05 32.3749
4.48498 4.72193e-05 32.3039
4.4999 4.7141e-05 32.2333
4.51481 4.7063e-05 32.1631
4.52973 4.69855e-05 32.0934
4.54464 4.69083e-05 32.024
4.55956 4.68316e-05 31.955
4.57447 4.67551e-05 31.8863
4.58939 4.66791e-05 31.8181
4.6043 4.66034e-05 31.7502
4.61922 4.65281e-05 31.6827
4.63413 4.64532e-05 31.6156
4.64905 4.63786e-05 31.5489
4.66396 4.63044e-05 31.4825
4.67888 4.62306e-05 31.4165
4.69379 4.6157e-05 31.3508
4.70871 4.60839e-05 31.2855
4.72362 4.60111e-05 31.2206
4.73854 4.59386e-05 31.156
4.75345 4.58665e-05 31.0918
4.76837 4.57947e-05 31.0278
4.78328 4.57232e-05 30.9643
4.7982 4.56521e-05 30.9011
4.81311 4.55813e-05 30.8382
4.82803 4.55109e-05 30.7756
4.84294 4.54407e-05 30.7134
4.85786 4.53709e-05 30.6515
4.87277 4.53014e-05 30.5899
4.88769 4.52323e-05 30.5287
4.9026 4.51634e-05 30.4677
4.91752 4.50949e-05 30.4071
4.93243 4.50266e-05 30.3468
4.94735 4.49587e-05 30.2868
4.96226 4.48911e-05 30.2271
4.97718 4.48238e-05 30.1677
4.99209 4.47568e-05 30.1087
5.00701 4.46901e-05 30.0499
5.02192 4.46236e-05 29.9914
5.03684 4.45575e-05 29.9332
5.05175 4.44917e-05 29.8754
5.06667 4.44262e-05 29.8178
5.08158 4.43609e-05 29.7605
5.0965 4.4296e-05 29.7034
5.11141 4.42313e-05 29.6467
5.12633 4.41669e-05 29.5903
5.14124 4.41028e-05 29.5341
5.15616 4.4039e-05 29.4782
5.17107 4.39754e-05 29.4226
5.18599 4.39121e-05 29.3672
5.2009 4.38491e-05 29.3122
5.21582 4.37864e-05 29.2574
5.23073 4.37239e-05 29.2028
5.24565 4.36617e-05 29.1486
5.26056 4.35997e-05 29.0946
5.27548 4.35381e-05 29.0408
5.29039 4.34767e-05 28.9873
5.30531 4.34155e-05 28.9341
5.32022 4.33546e-05 28.8811
5.33514 4.3294e-05 28.8284
5.35005 4.32336e-05 28.7759
5.36496 4.31734e-05 28.7237
5.37988 4.31135e-05 28.6717
5.39479 4.30539e-05 28.62
5.40971 4.29945e-05 28.5685
5.42462 4.29354e-05 28.5173
5.43954 4.28765e-05 28.4663
5.45445 4.28178e-05 28.4155
5.46937 4.27594e-05 28.365
5.48428 4.27012e-05 28.3147
5.4992 4.26432e-05 28.2647
5.51411 4.25855e-05 28.2148
5.52903 4.25281e-05 28.1652
5.54394 4.24708e-05 28.1159
5.55886 4.24138e-05 28.0667
5.57377 4.2357e-05 28.0178
5.58869 4.23005e-05 27.9691
5.6036 4.22441e-05 27.9206
5.61852 4.2188e-05 27.8724
5.63343 4.21321e-05 27.8244
5.64835 4.20765e-05 27.7765
5.66326 4.2021e-05 27.7289
5.67818 4.19658e-05 27.6815
5.69309 4.19108e-05 27.6344
5.70801 4.1856e-05 27.5874
5.72292 4.18014e-05 27.5406
5.73784 4.17471e-05 27.4941
5.75275 4.16929e-05 27.4478
5.76767 4.1639e-05 27.4016
5.78258 4.15852e-05 27.3557
5.7975 4.15317e-05 27.31
5.81241 4.14784e-05 27.2644
5.82733 4.14253e-05 27.2191
5.84224 4.13724e-05 27.174
5.85716 4.13196e-05 27.129
5.87207 4.12671e-05 27.0843
5.88699 4.12148e-05 27.0397
5.9019 4.11627e-05 26.9954
5.91682 4.11108e-05 26.9512
5.93173 4.10591e-05 26.9072
5.94665 4.10076e-05 26.8634
5.96156 4.09562e-05 26.8198
5.97648 4.09051e-05 26.7764
5.99139 4.08541e-05 26.7332
6.00631 4.08034e-05 26.6901
6.02122 4.07528e-05 26.6473
6.03614 4.07024e-05 26.6046
6.05105 4.06523e-05 26.5621
6.06597 4.06022e-05 26.5198
6.08088 4.05524e-05 26.4776
6.0958 4.05028e-05 26.4356
6.11071 4.04533e-05 26.3938
6.12563 4.0404e-05 26.3522
6.14054 4.03549e-05 26.3108
6.15546 4.0306e-05 26.2695
6.17037 4.02573e-05 26.2284
6.18529 4.02087e-05 26.1874
6.2002 4.01603e-05 26.1467
6.21512 4.01121e-05 26.1061
6.23003 4.00641e-05 26.0656
6.24494 4.00162e-05 26.0253
6.25986 3.99685e-05 25.9852
6.27477 3.9921e-05 25.9453
6.28969 3.98736e-05 25.9055
6.3046 3.98264e-05 25.8659
6.31952 3.97794e-05 25.8264
6.33443 3.97325e-05 25.7871
6.34935 3.96858e-05 25.748
6.36426 3.96393e-05 25.709
6.37918 3.95929e-05 25.6702
6.39409 3.95467e-05 25.6315
6.40901 3.95007e-05 25.593
6.42392 3.94548e-05 25.5546
6.43884 3.94091e-05 25.5164
6.45375 3.93635e-05 25.4783
6.46867 3.93181e-05 25.4404
6.48358 3.92729e-05 25.4026
6.4985 3.92278e-05 25.365
6.51341 3.91828e-05 25.3276
6.52833 3.9138e-05 25.2902
6.54324 3.90934e-05 25.2531
6.55816 3.90489e-05 25.216
6.57307 3.90046e-05 25.1792
6.58799 3.89604e-05 25.1424
6.6029 3.89164e-05 25.1058
6.61782 3.88725e-05 25.0694
6.63273 3.88288e-05 25.033
6.64765 3.87852e-05 24.9969
6.66256 3.87418e-05 24.9608
6.67748 3.86985e-05 24.925
6.69239 3.86553e-05 24.8892
6.70731 3.86123e-05 24.8536
6.72222 3.85695e-05 24.8181
6.73714 3.85267e-05 24.7828
6.75205 3.84842e-05 24.7476
6.76697 3.84417e-05 24.7125
6.78188 3.83994e-05 24.6776
6.7968 3.83573e-05 24.6428
6.81171 3.83153e-05 24.6081
6.82663 3.82734e-05 24.5735
6.84154 3.82316e-05 24.5391
6.85646 3.819e-05 24.5049
6.87137 3.81486e-05 24.4707
6.88629 3.81072e-05 24.4367
6.9012 3.8066e-05 24.4029
6.91612 3.8025e-05 24.3691
6.93103 3.7984e-05 24.3355
6.94595 3.79432e-05 24.302
6.96086 3.79026e-05 24.2686
6.97578 3.7862e-05 24.2354
6.99069 3.78216e-05 24.2023
7.00561 3.77813e-05 24.1693
7.02052 3.77412e-05 24.1365
7.03544 3.77011e-05 24.1038
7.05035 3.76612e-05 24.0712
7.06527 3.76215e-05 24.0387
7.08018 3.75818e-05 24.0064
7.0951 3.75423e-05 23.9742
7.11001 3.75029e-05 23.9421
7.12492 3.74636e-05 23.9101
7.13984 3.74245e-05 23.8783
7.15475 3.73855e-05 23.8466
7.16967 3.73465e-05 23.815
7.18458 3.73078e-05 23.7836
7.1995 3.72691e-05 23.7523
7.21441 3.72306e-05 23.7211
7.22933 3.71921e-05 23.69
7.24424 3.71538e-05 23.6591
7.25916 3.71156e-05 23.6283
7.27407 3.70776e-05 23.5976
7.28899 3.70396e-05 23.5671
7.3039 3.70018e-05 23.5367
7.31882 3.6964e-05 23.5064
7.33373 3.69264e-05 23.4762
7.34865 3.68889e-05 23.4462
7.36356 3.68516e-05 23.4164
7.37848 3.68143e-05 23.3866
7.39339 3.67772e-05 23.357
7.40831 3.67401e-05 23.3276
7.42322 3.67032e-05 23.2983
7.43814 3.66664e-05 23.2691
7.45305 3.66297e-05 23.2401
7.46797 3.65931e-05 23.2112
7.48288 3.65566e-05 23.1825
7.4978 3.65202e-05 23.1539
7.51271 3.64839e-05 23.1255
7.52763 3.64478e-05 23.0973
7.54254 3.64117e-05 23.0692
7.55746 3.63758e-05 23.0412
7.57237 3.63399e-05 23.0135
7.58729 3.63042e-05 22.9859
7.6022 3.62686e-05 22.9585
7.61712 3.6233e-05 22.9312
7.63203 3.61976e-05 22.9042
7.64695 3.61623e-05 22.8773
7.66186 3.61271e-05 22.8506
7.67678 3.6092e-05 22.8242
7.69169 3.6057e-05 22.7979
7.70661 3.60221e-05 22.7719
7.72152 3.59872e-05 22.746
7.73644 3.59525e-05 22.7204
7.75135 3.59179e-05 22.6951
7.76627 3.58834e-05 22.6699
7.78118 3.5849e-05 22.645
7.7961 3.58147e-05 22.6204
7.81101 3.57805e-05 22.5961
7.82593 3.57464e-05 22.572
7.84084 3.57124e-05 22.5482
7.85576 3.56785e-05 22.5247
7.87067 3.56446e-05 22.5015
7.88559 3.56109e-05 22.4787
7.9005 3.55773e-05 22.4562
7.91542 3.55438e-05 22.434
7.93033 3.55103e-05 22.4123
7.94525 3.5477e-05 22.3909
7.96016 3.54437e-05 22.3699
7.97508 3.54106e-05 22.3493
7.98999 3.53775e-05 22.3292
8.0049 3.53445e-05 22.3095
8.01982 3.53116e-05 22.2904
8.03473 3.52789e-05 22.2717
8.04965 3.52462e-05 22.2535
8.06456 3.52136e-05 22.236
8.07948 3.5181e-05 22.219
8.09439 3.51486e-05 22.2026
8.10931 3.51163e-05 22.1868
8.12422 3.5084e-05 22.1718
8.13914 3.50519e-05 22.1574
8.15405 3.50198e-05 22.1438
8.16897 3.49878e-05 22.131
8.18388 3.49559e-05 22.1189
8.1988 3.49241e-05 22.1078
8.21371 3.48924e-05 22.0976
8.22863 3.48608e-05 22.0883
8.24354 3.48292e-05 22.08
8.25846 3.47978e-05 22.0727
8.27337 3.47664e-05 22.0666
8.28829 3.47351e-05 22.0616
8.3032 3.47039e-05 22.0579
8.31812 3.46728e-05 22.0554
8.33303 3.46417e-05 22.0543
8.34795 3.46108e-05 22.0546
8.36286 3.45799e-05 22.0564
8.37778 3.45491e-05 22.0598
8.39269 3.45184e-05 22.0647
8.40761 3.44878e-05 22.0714
8.42252 3.44572e-05 22.0799
8.43744 3.44268e-05 22.0903
8.45235 3.43964e-05 22.1027
8.46727 3.43661e-05 22.1171
8.48218 3.43359e-05 22.1337
8.4971 3.43057e-05 22.1526
8.51201 3.42757e-05 22.1739
8.52693 3.42457e-05 22.1976
8.54184 3.42158e-05 22.2239
8.55676 3.4186e-05 22.253
8.57167 3.41562e-05 22.2849
8.58659 3.41266e-05 22.3197
8.6015 3.4097e-05 22.3576
8.61642 3.40675e-05 22.3987
8.63133 3.40381e-05 22.4431
8.64625 3.40087e-05 22.491
8.66116 3.39794e-05 22.5424
8.67608 3.39503e-05 22.5976
8.69099 3.39211e-05 22.6567
8.70591 3.38921e-05 22.7198
8.72082 3.38631e-05 22.787
8.73574 3.38342e-05 22.8585
8.75065 3.38054e-05 22.9344
8.76557 3.37767e-05 23.0149
8.78048 3.3748e-05 23.1001
8.7954 3.37194e-05 23.1902
8.81031 3.36909e-05 23.2852
8.82523 3.36625e-05 23.3853
8.84014 3.36341e-05 23.4907
8.85506 3.36059e-05 23.6014
8.86997 3.35776e-05 23.7176
8.88488 3.35495e-05 23.8395
8.8998 3.35215e-05 23.9671
8.91471 3.34935e-05 24.1005
8.92963 3.34656e-05 24.2398
8.94454 3.34377e-05 24.3853
8.95946 3.341e-05 24.5368
8.97437 3.33823e-05 24.6946
8.98929 3.33547e-05 24.8587
9.0042 3.33272e-05 25.0292
9.01912 3.32997e-05 25.2061
9.03403 3.32723e-05 25.3896
9.04895 3.3245e-05 25.5796
9.06386 3.32178e-05 25.7762
9.07878 3.31907e-05 25.9794
9.09369 3.31636e-05 26.1893
9.10861 3.31366e-05 26.4059
9.12352 3.31097e-05 26.6292
9.13844 3.30828e-05 26.8592
9.15335 3.30561e-05 27.0958
9.16827 3.30294e-05 27.3392
9.18318 3.30028e-05 27.5892
9.1981 3.29763e-05 27.8458
9.21301 3.29498e-05 28.1089
9.22793 3.29235e-05 28.3786
9.24284 3.28972e-05 28.6548
9.25776 3.2871e-05 28.9373
9.27267 3.28449e-05 29.2262
9.28759 3.28188e-05 29.5214
9.3025 3.27929e-05 29.8226
9.31742 3.2767e-05 30.13
9.33233 3.27412e-05 30.4432
9.34725 3.27154e-05 30.7623
9.36216 3.26898e-05 31.0871
9.37708 3.26642e-05 31.4174
9.39199 3.26388e-05 31.7531
9.40691 3.26134e-05 32.0941
9.42182 3.2588e-05 32.4402
9.43674 3.25628e-05 32.7911
9.45165 3.25376e-05 33.1468
9.46657 3.25125e-05 33.507
9.48148 3.24875e-05 33.8715
9.4964 3.24625e-05 34.2401
9.51131 3.24376e-05 34.6126
9.52623 3.24128e-05 34.9886
9.54114 3.2388e-05 35.368
9.55606 3.23633e-05 35.7505
9.57097 3.23386e-05 36.1359
9.58589 3.2314e-05 36.5237
9.6008 3.22895e-05 36.9138
9.61572 3.22649e-05 37.3057
9.63063 3.22404e-05 37.6993
9.64555 3.2216e-05 38.0941
9.66046 3.21915e-05 38.4898
9.67538 3.21671e-05 38.886
9.69029 3.21427e-05 39.2824
9.70521 3.21182e-05 39.6787
9.72012 3.20938e-05 40.0743
9.73504 3.20694e-05 40.4689
9.74995 3.20449e-05 40.8622
9.76486 3.20205e-05 41.2537
9.77978 3.1996e-05 41.643
9.79469 3.19714e-05 42.0298
9.80961 3.19469e-05 42.4135
9.82452 3.19223e-05 42.7938
9.83944 3.18977e-05 43.1704
9.85435 3.1873e-05 43.5427
9.86927 3.18483e-05 43.9104
9.88418 3.18235e-05 44.2731
9.8991 3.17987e-05 44.6305
9.91401 3.17739e-05 44.9821
9.92893 3.17491e-05 45.3277
9.94384 3.17242e-05 45.6668
9.95876 3.16993e-05 45.9992
9.97367 3.16744e-05 46.3246
9.98859 3.16495e-05 46.6428
10.0035 3.16246e-05 46.9533
10.0184 3.15997e-05 47.2561
10.0333 3.15749e-05 47.5508
10.0482 3.15501e-05 47.8374
10.0632 3.15253e-05 48.1156
10.0781 3.15006e-05 48.3854
10.093 3.1476e-05 48.6465
10.1079 3.14514e-05 48.899
10.1228 3.14269e-05 49.1427
10.1377 3.14026e-05 49.3776
10.1527 3.13783e-05 49.6037
10.1676 3.13541e-05 49.8211
10.1825 3.13301e-05 50.0297
10.1974 3.13061e-05 50.2295
10.2123 3.12823e-05 50.4208
10.2272 3.12587e-05 50.6035
10.2421 3.12351e-05 50.7778
10.2571 3.12117e-05 50.9437
10.272 3.11884e-05 51.1015
10.2869 3.11653e-05 51.2513
10.3018 3.11423e-05 51.3932
10.3167 3.11194e-05 51.5275
10.3316 3.10966e-05 51.6542
10.3465 3.1074e-05 51.7737
10.3615 3.10514e-05 51.8861
10.3764 3.1029e-05 51.9916
10.3913 3.10067e-05 52.0904
10.4062 3.09845e-05 52.1827
10.4211 3.09624e-05 52.2688
10.436 3.09404e-05 52.3489
10.451 3.09184e-05 52.4231
10.4659 3.08966e-05 52.4917
10.4808 3.08748e-05 52.555
10.4957 3.08532e-05 52.613
10.5106 3.08315e-05 52.6661
10.5255 3.081e-05 52.7144
10.5404 3.07885e-05 52.7582
10.5554 3.07671e-05 52.7975
10.5703 3.07458e-05 52.8327
10.5852 3.07245e-05 52.8639
10.6001 3.07032e-05 52.8914
10.615 3.0682e-05 52.9151
10.6299 3.06609e-05 52.9355
10.6448 3.06398e-05 52.9525
10.6598 3.06187e-05 52.9664
10.6747 3.05977e-05 52.9773
10.6896 3.05767e-05 52.9854
10.7045 3.05558e-05 52.9908
10.7194 3.05349e-05 52.9937
10.7343 3.0514e-05 52.9942
10.7492 3.04932e-05 52.9923
10.7642 3.04724e-05 52.9884
10.7791 3.04516e-05 52.9823
10.794 3.04309e-05 52.9743
10.8089 3.04102e-05 52.9645
10.8238 3.03895e-05 52.953
10.8387 3.03689e-05 52.9398
10.8537 3.03483e-05 52.9251
10.8686 3.03277e-05 52.9089
10.8835 3.03072e-05 52.8914
10.8984 3.02867e-05 52.8726
10.9133 3.02662e-05 52.8525
10.9282 3.02458e-05 52.8313
10.9431 3.02254e-05 52.8091
10.9581 3.0205e-05 52.7858
10.973 3.01846e-05 52.7615
10.9879 3.01643e-05 52.7364
11.0028 3.01441e-05 52.7104
11.0177 3.01238e-05 52.6836
11.0326 3.01036e-05 52.6561
11.0475 3.00834e-05 52.6279
11.0625 3.00633e-05 52.599
11.0774 3.00432e-05 52.5695
11.0923 3.00231e-05 52.5395
11.1072 3.00031e-05 52.5089
11.1221 2.99831e-05 52.4779
11.137 2.99631e-05 52.4463
11.152 2.99432e-05 52.4143
11.1669 2.99233e-05 52.382
11.1818 2.99034e-05 52.3492
11.1967 2.98836e-05 52.3161
11.2116 2.98638e-05 52.2827
11.2265 2.9844e-05 52.2489
11.2414 2.98243e-05 52.2149
11.2564 2.98046e-05 52.1807
11.2713 2.97849e-05 52.1461
11.2862 2.97653e-05 52.1114
11.3011 2.97457e-05 52.0765
11.316 2.97262e-05 52.0413
11.3309 2.97067e-05 52.006
11.3458 2.96872e-05 51.9706
11.3608 2.96677e-05 51.935
11.3757 2.96483e-05 51.8993
11.3906 2.9629e-05 51.8634
11.4055 2.96096e-05 51.8274
11.4204 2.95903e-05 51.7914
11.4353 2.9571e-05 51.7552
11.4503 2.95518e-05 51.719
11.4652 2.95326e-05 51.6827
11.4801 2.95135e-05 51.6464
11.495 2.94943e-05 51.61
11.5099 2.94753e-05 51.5735
11.5248 2.94562e-05 51.5371
11.5397 2.94372e-05 51.5006
11.5547 2.94182e-05 51.464
11.5696 2.93993e-05 51.4275
11.5845 2.93803e-05 51.3909
11.5994 2.93615e-05 51.3543
11.6143 2.93426e-05 51.3177
11.6292 2.93238e-05 51.2812
11.6441 2.93051e-05 51.2446
11.6591 2.92863e-05 51.208
11.674 2.92676e-05 51.1715
11.6889 2.9249e-05 51.1349
11.7038 2.92303e-05 51.0984
11.7187 2.92117e-05 51.0619
11.7336 2.91932e-05 51.0255
11.7485 2.91746e-05 50.989
11.7635 2.91562e-05 50.9526
11.7784 2.91377e-05 50.9163
11.7933 2.91193e-05 50.8799
11.8082 2.91009e-05 50.8436
11.8231 2.90825e-05 50.8074
11.838 2.90642e-05 50.7711
11.853 2.90459e-05 50.735
11.8679 2.90277e-05 50.6988
11.8828 2.90095e-05 50.6628
11.8977 2.89913e-05 50.6267
11.9126 2.89731e-05 50.5907
11.9275 2.8955e-05 50.5548
11.9424 2.89369e-05 50.5189
11.9574 2.89189e-05 50.4831
11.9723 2.89009e-05 50.4473
11.9872 2.88829e-05 50.4116
12.0021 2.88649e-05 50.3759
12.017 2.8847e-05 50.3403
12.0319 2.88292e-05 50.3048
12.0468 2.88113e-05 50.2693
12.0618 2.87935e-05 50.2338
12.0767 2.87757e-05 50.1984
12.0916 2.8758e-05 50.1631
12.1065 2.87402e-05 50.1279
12.1214 2.87226e-05 50.0927
12.1363 2.87049e-05 50.0575
12.1513 2.86873e-05 50.0224
12.1662 2.86697e-05 49.9874
12.1811 2.86521e-05 49.9525
12.196 2.86346e-05 49.9176
12.2109 2.86171e-05 49.8827
12.2258 2.85997e-05 49.848
12.2407 2.85822e-05 49.8132
12.2557 2.85648e-05 49.7786
12.2706 2.85475e-05 49.744
12.2855 2.85301e-05 49.7095
12.3004 2.85128e-05 49.675
12.3153 2.84956e-05 49.6406
12.3302 2.84783e-05 49.6063
12.3451 2.84611e-05 49.572
12.3601 2.8444e-05 49.5378
12.375 2.84268e-05 49.5037
12.3899 2.84097e-05 49.4696
12.4048 2.83926e-05 49.4355
12.4197 2.83756e-05 49.4016
12.4346 2.83585e-05 49.3677
12.4495 2.83415e-05 49.3339
12.4645 2.83246e-05 49.3001
12.4794 2.83076e-05 49.2664
12.4943 2.82907e-05 49.2327
12.5092 2.82739e-05 49.1992
12.5241 2.8257e-05 49.1656
12.539 2.82402e-05 49.1322
12.554 2.82234e-05 49.0988
12.5689 2.82067e-05 49.0655
12.5838 2.819e-05 49.0322
12.5987 2.81733e-05 48.999
12.6136 2.81566e-05 48.9658
12.6285 2.814e-05 48.9328
12.6434 2.81234e-05 48.8997
12.6584 2.81068e-05 48.8668
12.6733 2.80903e-05 48.8339
12.6882 2.80738e-05 48.801
12.7031 2.80573e-05 48.7683
12.718 2.80408e-05 48.7356
12.7329 2.80244e-05 48.7029
12.7478 2.8008e-05 48.6703
12.7628 2.79916e-05 48.6378
12.7777 2.79753e-05 48.6053
12.7926 2.7959e-05 48.5729
12.8075 2.79427e-05 48.5405
12.8224 2.79264e-05 48.5083
12.8373 2.79102e-05 48.476
12.8523 2.7894e-05 48.4439
12.8672 2.78778e-05 48.4117
12.8821 2.78617e-05 48.3797
12.897 2.78456e-05 48.3477
12.9119 2.78295e-05 48.3158
12.9268 2.78134e-05 48.2839
12.9417 2.77974e-05 48.2521
12.9567 2.77814e-05 48.2203
12.9716 2.77654e-05 48.1886
12.9865 2.77495e-05 48.157
13.0014 2.77335e-05 48.1254
13.0163 2.77176e-05 48.0939
13.0312 2.77018e-05 48.0624
13.0461 2.76859e-05 48.031
13.0611 2.76701e-05 47.9997
13.076 2.76543e-05 47.9684
13.0909 2.76386e-05 47.9372
13.1058 2.76229e-05 47.906
13.1207 2.76071e-05 47.8749
13.1356 2.75915e-05 47.8438
13.1506 2.75758e-05 47.8128
13.1655 2.75602e-05 47.7819
13.1804 2.75446e-05 47.751
13.1953 2.7529e-05 47.7201
13.2102 2.75135e-05 47.6893
13.2251 2.7498e-05 47.6586
13.24 2.74825e-05 47.628
13.255 2.7467e-05 47.5973
13.2699 2.74516e-05 47.5668
13.2848 2.74361e-05 47.5363
13.2997 2.74208e-05 47.5058
13.3146 2.74054e-05 47.4754
13.3295 2.73901e-05 47.4451
13.3444 2.73748e-05 47.4148
13.3594 2.73595e-05 47.3846
13.3743 2.73442e-05 47.3544
13.3892 2.7329e-05 47.3243
13.4041 2.73138e-05 47.2942
13.419 2.72986e-05 47.2642
13.4339 2.72834e-05 47.2343
13.4488 2.72683e-05 47.2044
13.4638 2.72532e-05 47.1745
13.4787 2.72381e-05 47.1447
13.4936 2.7223e-05 47.115
13.5085 2.7208e-05 47.0853
13.5234 2.7193e-05 47.0557
13.5383 2.7178e-05 47.0261
13.5533 2.71631e-05 46.9965
13.5682 2.71481e-05 46.9671
13.5831 2.71332e-05 46.9376
13.598 2.71183e-05 46.9083
13.6129 2.71035e-05 46.8789
13.6278 2.70886e-05 46.8497
13.6427 2.70738e-05 46.8205
13.6577 2.7059e-05 46.7913
13.6726 2.70443e-05 46.7622
13.6875 2.70295e-05 46.7331
13.7024 2.70148e-05 46.7041
13.7173 2.70001e-05 46.6751
13.7322 2.69855e-05 46.6462
13.7471 2.69708e-05 46.6173
13.7621 2.69562e-05 46.5885
13.777 2.69416e-05 46.5598
13.7919 2.6927e-05 46.5311
13.8068 2.69125e-05 46.5024
13.8217 2.6898e-05 46.4738
13.8366 2.68835e-05 46.4452
13.8516 2.6869e-05 46.4167
13.8665 2.68545e-05 46.3883
13.8814 2.68401e-05 46.3598
13.8963 2.68257e-05 46.3315
13.9112 2.68113e-05 46.3032
13.9261 2.67969e-05 46.2749
13.941 2.67826e-05 46.2467
13.956 2.67683e-05 46.2185
13.9709 2.6754e-05 46.1904
13.9858 2.67397e-05 46.1623
14.0007 2.67255e-05 46.1343
14.0156 2.67113e-05 46.1063
14.0305 2.66971e-05 46.0784
14.0454 2.66829e-05 46.0505
14.0604 2.66687e-05 46.0227
14.0753 2.66546e-05 45.9949
14.0902 2.66405e-05 45.9672
14.1051 2.66264e-05 45.9395
14.12 2.66123e-05 45.9118
14.1349 2.65983e-05 45.8842
14.1498 2.65843e-05 45.8567
14.1648 2.65703e-05 45.8292
14.1797 2.65563e-05 45.8017
14.1946 2.65423e-05 45.7743
14.2095 2.65284e-05 45.747
14.2244 2.65145e-05 45.7197
14.2393 2.65006e-05 45.6924
14.2543 2.64867e-05 45.6652
14.2692 2.64729e-05 45.638
14.2841 2.6459e-05 45.6109
14.299 2.64452e-05 45.5838
14.3139 2.64315e-05 45.5567
14.3288 2.64177e-05 45.5297
14.3437 2.6404e-05 45.5028
14.3587 2.63902e-05 45.4759
14.3736 2.63766e-05 45.449
14.3885 2.63629e-05 45.4222
14.4034 2.63492e-05 45.3955
14.4183 2.63356e-05 45.3687
14.4332 2.6322e-05 45.3421
14.4481 2.63084e-05 45.3154
14.4631 2.62948e-05 45.2888
14.478 2.62813e-05 45.2623
14.4929 2.62677e-05 45.2358
14.5078 2.62542e-05 45.2093
14.5227 2.62408e-05 45.1829
14.5376 2.62273e-05 45.1565
14.5526 2.62138e-05 45.1302
14.5675 2.62004e-05 45.1039
14.5824 2.6187e-05 45.0777
14.5973 2.61736e-05 45.0515
14.6122 2.61603e-05 45.0253
14.6271 2.61469e-05 44.9992
14.642 2.61336e-05 44.9732
14.657 2.61203e-05 44.9471
14.6719 2.6107e-05 44.9212
14.6868 2.60938e-05 44.8952
14.7017 2.60805e-05 44.8693
14.7166 2.60673e-05 44.8435
14.7315 2.60541e-05 44.8177
14.7464 2.60409e-05 44.7919
14.7614 2.60278e-05 44.7662
14.7763 2.60146e-05 44.7405
14.7912 2.60015e-05 44.7148
14.8061 2.59884e-05 44.6892
14.821 2.59753e-05 44.6637
14.8359 2.59623e-05 44.6381
14.8509 2.59492e-05 44.6127
14.8658 2.59362e-05 44.5872
14.8807 2.59232e-05 44.5618
14.8956 2.59103e-05 44.5365
14.9105 2.58975e-05 44.5113
14.9254 2.58851e-05 44.4864
14.9403 2.58737e-05 44.4621
14.9553 2.58642e-05 44.4391
14.9702 2.58582e-05 44.4185
14.9851 2.58575e-05 44.4014
15 2.58632e-05 44.3885
