0.1   982.159  
0.114915   891.935  
0.12983   820.639  
0.144745   762.578  
0.15966   714.182  
0.174575   673.091  
0.189489   637.673  
0.204404   606.76  
0.219319   579.494  
0.234234   555.227  
0.249149   533.458  
0.264064   513.797  
0.278979   495.933  
0.293894   479.614  
0.308809   464.635  
0.323724   450.828  
0.338639   438.05  
0.353554   426.183  
0.368468   415.127  
0.383383   404.796  
0.398298   395.116  
0.413213   386.022  
0.428128   377.461  
0.443043   369.382  
0.457958   361.745  
0.472873   354.51  
0.487788   347.645  
0.502703   341.12  
0.517618   334.909  
0.532533   328.988  
0.547447   323.336  
0.562362   317.933  
0.577277   312.762  
0.592192   307.809  
0.607107   303.057  
0.622022   298.494  
0.636937   294.109  
0.651852   289.891  
0.666767   285.829  
0.681682   281.914  
0.696597   278.138  
0.711512   274.493  
0.726426   270.972  
0.741341   267.568  
0.756256   264.276  
0.771171   261.088  
0.786086   258.001  
0.801001   255.008  
0.815916   252.106  
0.830831   249.29  
0.845746   246.556  
0.860661   243.9  
0.875576   241.319  
0.89049   238.809  
0.905405   236.367  
0.92032   233.991  
0.935235   231.677  
0.95015   229.422  
0.965065   227.226  
0.97998   225.084  
0.994895   222.995  
1.00981   220.957  
1.02472   218.967  
1.03964   217.025  
1.05455   215.128  
1.06947   213.274  
1.08438   211.463  
1.0993   209.691  
1.11421   207.959  
1.12913   206.264  
1.14404   204.606  
1.15896   202.982  
1.17387   201.393  
1.18879   199.836  
1.2037   198.311  
1.21862   196.817  
1.23353   195.352  
1.24845   193.916  
1.26336   192.508  
1.27828   191.127  
1.29319   189.772  
1.30811   188.442  
1.32302   187.137  
1.33794   185.855  
1.35285   184.597  
1.36777   183.362  
1.38268   182.148  
1.3976   180.955  
1.41251   179.783  
1.42743   178.631  
1.44234   177.499  
1.45726   176.385  
1.47217   175.29  
1.48709   174.213  
1.502   173.153  
1.51692   172.111  
1.53183   171.084  
1.54675   170.074  
1.56166   169.079  
1.57658   168.099  
1.59149   167.134  
1.60641   166.182  
1.62132   165.244  
1.63624   164.318  
1.65115   163.404  
1.66607   162.502  
1.68098   161.608  
1.6959   160.724  
1.71081   159.846  
1.72573   158.972  
1.74064   158.1  
1.75556   157.225  
1.77047   156.344  
1.78539   155.449  
1.8003   154.532  
1.81522   153.583  
1.83013   152.586  
1.84505   151.524  
1.85996   150.373  
1.87487   149.101  
1.88979   147.672  
1.9047   146.04  
1.91962   144.15  
1.93453   141.943  
1.94945   139.356  
1.96436   136.33  
1.97928   132.819  
1.99419   128.8  
2.00911   124.282  
2.02402   119.315  
2.03894   113.983  
2.05385   108.401  
2.06877   102.699  
2.08368   97.0089  
2.0986   91.4521  
2.11351   86.1331  
2.12843   81.1351  
2.14334   76.52  
2.15826   72.3297  
2.17317   68.5875  
2.18809   65.2997  
2.203   62.457  
2.21792   60.0363  
2.23283   58.0031  
2.24775   56.315  
2.26266   54.9253  
2.27758   53.7867  
2.29249   52.8547  
2.30741   52.0889  
2.32232   51.4548  
2.33724   50.9236  
2.35215   50.4721  
2.36707   50.0819  
2.38198   49.7386  
2.3969   49.4311  
2.41181   49.151  
2.42673   48.8918  
2.44164   48.6489  
2.45656   48.4184  
2.47147   48.1979  
2.48639   47.9851  
2.5013   47.7786  
2.51622   47.5773  
2.53113   47.3803  
2.54605   47.1869  
2.56096   46.9968  
2.57588   46.8094  
2.59079   46.6246  
2.60571   46.4421  
2.62062   46.2618  
2.63554   46.0836  
2.65045   45.9072  
2.66537   45.7328  
2.68028   45.5601  
2.6952   45.3891  
2.71011   45.2198  
2.72503   45.0522  
2.73994   44.8862  
2.75485   44.7218  
2.76977   44.5589  
2.78468   44.3975  
2.7996   44.2376  
2.81451   44.0792  
2.82943   43.9223  
2.84434   43.7667  
2.85926   43.6126  
2.87417   43.4598  
2.88909   43.3085  
2.904   43.1584  
2.91892   43.0097  
2.93383   42.8623  
2.94875   42.7161  
2.96366   42.5713  
2.97858   42.4277  
2.99349   42.2853  
3.00841   42.1441  
3.02332   42.0041  
3.03824   41.8654  
3.05315   41.7278  
3.06807   41.5913  
3.08298   41.456  
3.0979   41.3218  
3.11281   41.1887  
3.12773   41.0567  
3.14264   40.9258  
3.15756   40.7959  
3.17247   40.6671  
3.18739   40.5394  
3.2023   40.4126  
3.21722   40.2869  
3.23213   40.1622  
3.24705   40.0385  
3.26196   39.9157  
3.27688   39.7939  
3.29179   39.673  
3.30671   39.5531  
3.32162   39.4341  
3.33654   39.3161  
3.35145   39.1989  
3.36637   39.0826  
3.38128   38.9672  
3.3962   38.8527  
3.41111   38.7391  
3.42603   38.6262  
3.44094   38.5143  
3.45586   38.4032  
3.47077   38.2928  
3.48569   38.1833  
3.5006   38.0746  
3.51552   37.9667  
3.53043   37.8596  
3.54535   37.7533  
3.56026   37.6477  
3.57518   37.5429  
3.59009   37.4388  
3.60501   37.3355  
3.61992   37.2329  
3.63483   37.131  
3.64975   37.0298  
3.66466   36.9294  
3.67958   36.8296  
3.69449   36.7306  
3.70941   36.6322  
3.72432   36.5345  
3.73924   36.4375  
3.75415   36.3411  
3.76907   36.2454  
3.78398   36.1503  
3.7989   36.0559  
3.81381   35.9621  
3.82873   35.869  
3.84364   35.7764  
3.85856   35.6845  
3.87347   35.5932  
3.88839   35.5025  
3.9033   35.4123  
3.91822   35.3228  
3.93313   35.2339  
3.94805   35.1455  
3.96296   35.0577  
3.97788   34.9705  
3.99279   34.8838  
4.00771   34.7977  
4.02262   34.7121  
4.03754   34.6271  
4.05245   34.5426  
4.06737   34.4586  
4.08228   34.3752  
4.0972   34.2923  
4.11211   34.2099  
4.12703   34.128  
4.14194   34.0466  
4.15686   33.9657  
4.17177   33.8853  
4.18669   33.8054  
4.2016   33.726  
4.21652   33.6471  
4.23143   33.5687  
4.24635   33.4907  
4.26126   33.4132  
4.27618   33.3362  
4.29109   33.2596  
4.30601   33.1834  
4.32092   33.1078  
4.33584   33.0325  
4.35075   32.9578  
4.36567   32.8834  
4.38058   32.8095  
4.3955   32.736  
4.41041   32.6629  
4.42533   32.5903  
4.44024   32.5181  
4.45516   32.4463  
4.47007   32.3749  
4.48498   32.3039  
4.4999   32.2333  
4.51481   32.1631  
4.52973   32.0934  
4.54464   32.024  
4.55956   31.955  
4.57447   31.8863  
4.58939   31.8181  
4.6043   31.7502  
4.61922   31.6827  
4.63413   31.6156  
4.64905   31.5489  
4.66396   31.4825  
4.67888   31.4165  
4.69379   31.3508  
4.70871   31.2855  
4.72362   31.2206  
4.73854   31.156  
4.75345   31.0918  
4.76837   31.0278  
4.78328   30.9643  
4.7982   30.9011  
4.81311   30.8382  
4.82803   30.7756  
4.84294   30.7134  
4.85786   30.6515  
4.87277   30.5899  
4.88769   30.5287  
4.9026   30.4677  
4.91752   30.4071  
4.93243   30.3468  
4.94735   30.2868  
4.96226   30.2271  
4.97718   30.1677  
4.99209   30.1087  
5.00701   30.0499  
5.02192   29.9914  
5.03684   29.9332  
5.05175   29.8754  
5.06667   29.8178  
5.08158   29.7605  
5.0965   29.7034  
5.11141   29.6467  
5.12633   29.5903  
5.14124   29.5341  
5.15616   29.4782  
5.17107   29.4226  
5.18599   29.3672  
5.2009   29.3122  
5.21582   29.2574  
5.23073   29.2028  
5.24565   29.1486  
5.26056   29.0946  
5.27548   29.0408  
5.29039   28.9873  
5.30531   28.9341  
5.32022   28.8811  
5.33514   28.8284  
5.35005   28.7759  
5.36496   28.7237  
5.37988   28.6717  
5.39479   28.62  
5.40971   28.5685  
5.42462   28.5173  
5.43954   28.4663  
5.45445   28.4155  
5.46937   28.365  
5.48428   28.3147  
5.4992   28.2647  
5.51411   28.2148  
5.52903   28.1652  
5.54394   28.1159  
5.55886   28.0667  
5.57377   28.0178  
5.58869   27.9691  
5.6036   27.9206  
5.61852   27.8724  
5.63343   27.8244  
5.64835   27.7765  
5.66326   27.7289  
5.67818   27.6815  
5.69309   27.6344  
5.70801   27.5874  
5.72292   27.5406  
5.73784   27.4941  
5.75275   27.4478  
5.76767   27.4016  
5.78258   27.3557  
5.7975   27.31  
5.81241   27.2644  
5.82733   27.2191  
5.84224   27.174  
5.85716   27.129  
5.87207   27.0843  
5.88699   27.0397  
5.9019   26.9954  
5.91682   26.9512  
5.93173   26.9072  
5.94665   26.8634  
5.96156   26.8198  
5.97648   26.7764  
5.99139   26.7332  
6.00631   26.6901  
6.02122   26.6473  
6.03614   26.6046  
6.05105   26.5621  
6.06597   26.5198  
6.08088   26.4776  
6.0958   26.4356  
6.11071   26.3938  
6.12563   26.3522  
6.14054   26.3108  
6.15546   26.2695  
6.17037   26.2284  
6.18529   26.1874  
6.2002   26.1467  
6.21512   26.1061  
6.23003   26.0656  
6.24494   26.0253  
6.25986   25.9852  
6.27477   25.9453  
6.28969   25.9055  
6.3046   25.8659  
6.31952   25.8264  
6.33443   25.7871  
6.34935   25.748  
6.36426   25.709  
6.37918   25.6702  
6.39409   25.6315  
6.40901   25.593  
6.42392   25.5546  
6.43884   25.5164  
6.45375   25.4783  
6.46867   25.4404  
6.48358   25.4026  
6.4985   25.365  
6.51341   25.3276  
6.52833   25.2902  
6.54324   25.2531  
6.55816   25.216  
6.57307   25.1792  
6.58799   25.1424  
6.6029   25.1058  
6.61782   25.0694  
6.63273   25.033  
6.64765   24.9969  
6.66256   24.9608  
6.67748   24.925  
6.69239   24.8892  
6.70731   24.8536  
6.72222   24.8181  
6.73714   24.7828  
6.75205   24.7476  
6.76697   24.7125  
6.78188   24.6776  
6.7968   24.6428  
6.81171   24.6081  
6.82663   24.5735  
6.84154   24.5391  
6.85646   24.5049  
6.87137   24.4707  
6.88629   24.4367  
6.9012   24.4029  
6.91612   24.3691  
6.93103   24.3355  
6.94595   24.302  
6.96086   24.2686  
6.97578   24.2354  
6.99069   24.2023  
7.00561   24.1693  
7.02052   24.1365  
7.03544   24.1038  
7.05035   24.0712  
7.06527   24.0387  
7.08018   24.0064  
7.0951   23.9742  
7.11001   23.9421  
7.12492   23.9101  
7.13984   23.8783  
7.15475   23.8466  
7.16967   23.815  
7.18458   23.7836  
7.1995   23.7523  
7.21441   23.7211  
7.22933   23.69  
7.24424   23.6591  
7.25916   23.6283  
7.27407   23.5976  
7.28899   23.5671  
7.3039   23.5367  
7.31882   23.5064  
7.33373   23.4762  
7.34865   23.4462  
7.36356   23.4164  
7.37848   23.3866  
7.39339   23.357  
7.40831   23.3276  
7.42322   23.2983  
7.43814   23.2691  
7.45305   23.2401  
7.46797   23.2112  
7.48288   23.1825  
7.4978   23.1539  
7.51271   23.1255  
7.52763   23.0973  
7.54254   23.0692  
7.55746   23.0412  
7.57237   23.0135  
7.58729   22.9859  
7.6022   22.9585  
7.61712   22.9312  
7.63203   22.9042  
7.64695   22.8773  
7.66186   22.8506  
7.67678   22.8242  
7.69169   22.7979  
7.70661   22.7719  
7.72152   22.746  
7.73644   22.7204  
7.75135   22.6951  
7.76627   22.6699  
7.78118   22.645  
7.7961   22.6204  
7.81101   22.5961  
7.82593   22.572  
7.84084   22.5482  
7.85576   22.5247  
7.87067   22.5015  
7.88559   22.4787  
7.9005   22.4562  
7.91542   22.434  
7.93033   22.4123  
7.94525   22.3909  
7.96016   22.3699  
7.97508   22.3493  
7.98999   22.3292  
8.0049   22.3095  
8.01982   22.2903  
8.03473   22.2717  
8.04965   22.2535  
8.06456   22.236  
8.07948   22.219  
8.09439   22.2026  
8.10931   22.1868  
8.12422   22.1718  
8.13914   22.1574  
8.15405   22.1438  
8.16897   22.1309  
8.18388   22.1189  
8.1988   22.1078  
8.21371   22.0975  
8.22863   22.0883  
8.24354   22.08  
8.25846   22.0727  
8.27337   22.0666  
8.28829   22.0616  
8.3032   22.0579  
8.31812   22.0554  
8.33303   22.0543  
8.34795   22.0546  
8.36286   22.0564  
8.37778   22.0597  
8.39269   22.0647  
8.40761   22.0714  
8.42252   22.0799  
8.43744   22.0903  
8.45235   22.1027  
8.46727   22.1171  
8.48218   22.1337  
8.4971   22.1526  
8.51201   22.1738  
8.52693   22.1976  
8.54184   22.2239  
8.55676   22.2529  
8.57167   22.2848  
8.58659   22.3196  
8.6015   22.3575  
8.61642   22.3986  
8.63133   22.443  
8.64625   22.4909  
8.66116   22.5424  
8.67608   22.5976  
8.69099   22.6566  
8.70591   22.7197  
8.72082   22.7869  
8.73574   22.8584  
8.75065   22.9343  
8.76557   23.0148  
8.78048   23.1  
8.7954   23.19  
8.81031   23.285  
8.82523   23.3851  
8.84014   23.4905  
8.85506   23.6012  
8.86997   23.7174  
8.88488   23.8393  
8.8998   23.9668  
8.91471   24.1002  
8.92963   24.2396  
8.94454   24.385  
8.95946   24.5365  
8.97437   24.6943  
8.98929   24.8583  
9.0042   25.0288  
9.01912   25.2057  
9.03403   25.3891  
9.04895   25.579  
9.06386   25.7756  
9.07878   25.9788  
9.09369   26.1886  
9.10861   26.4052  
9.12352   26.6284  
9.13844   26.8583  
9.15335   27.0949  
9.16827   27.3381  
9.18318   27.588  
9.1981   27.8446  
9.21301   28.1076  
9.22793   28.3772  
9.24284   28.6533  
9.25776   28.9357  
9.27267   29.2245  
9.28759   29.5195  
9.3025   29.8206  
9.31742   30.1278  
9.33233   30.4409  
9.34725   30.7598  
9.36216   31.0843  
9.37708   31.4145  
9.39199   31.75  
9.40691   32.0907  
9.42182   32.4366  
9.43674   32.7873  
9.45165   33.1427  
9.46657   33.5026  
9.48148   33.8668  
9.4964   34.2351  
9.51131   34.6073  
9.52623   34.983  
9.54114   35.3621  
9.55606   35.7443  
9.57097   36.1293  
9.58589   36.5169  
9.6008   36.9066  
9.61572   37.2983  
9.63063   37.6915  
9.64555   38.086  
9.66046   38.4814  
9.67538   38.8774  
9.69029   39.2735  
9.70521   39.6695  
9.72012   40.0649  
9.73504   40.4594  
9.74995   40.8525  
9.76486   41.2439  
9.77978   41.6332  
9.79469   42.0199  
9.80961   42.4037  
9.82452   42.7841  
9.83944   43.1607  
9.85435   43.5332  
9.86927   43.9012  
9.88418   44.2642  
9.8991   44.622  
9.91401   44.974  
9.92893   45.3201  
9.94384   45.6598  
9.95876   45.9928  
9.97367   46.3189  
9.98859   46.6377  
10.0035   46.949  
10.0184   47.2525  
10.0333   47.548  
10.0482   47.8354  
10.0632   48.1145  
10.0781   48.385  
10.093   48.647  
10.1079   48.9003  
10.1228   49.1448  
10.1377   49.3805  
10.1527   49.6074  
10.1676   49.8255  
10.1825   50.0348  
10.1974   50.2353  
10.2123   50.4272  
10.2272   50.6105  
10.2421   50.7853  
10.2571   50.9517  
10.272   51.1099  
10.2869   51.2601  
10.3018   51.4023  
10.3167   51.5368  
10.3316   51.6638  
10.3465   51.7835  
10.3615   51.896  
10.3764   52.0016  
10.3913   52.1004  
10.4062   52.1927  
10.4211   52.2788  
10.436   52.3588  
10.451   52.4329  
10.4659   52.5014  
10.4808   52.5645  
10.4957   52.6224  
10.5106   52.6753  
10.5255   52.7234  
10.5404   52.7669  
10.5554   52.8061  
10.5703   52.841  
10.5852   52.872  
10.6001   52.8991  
10.615   52.9227  
10.6299   52.9427  
10.6448   52.9595  
10.6598   52.9731  
10.6747   52.9838  
10.6896   52.9916  
10.7045   52.9968  
10.7194   52.9994  
10.7343   52.9997  
10.7492   52.9976  
10.7642   52.9934  
10.7791   52.9871  
10.794   52.9789  
10.8089   52.9689  
10.8238   52.9572  
10.8387   52.9438  
10.8537   52.9289  
10.8686   52.9125  
10.8835   52.8948  
10.8984   52.8758  
10.9133   52.8556  
10.9282   52.8342  
10.9431   52.8118  
10.9581   52.7884  
10.973   52.764  
10.9879   52.7387  
11.0028   52.7126  
11.0177   52.6857  
11.0326   52.6581  
11.0475   52.6298  
11.0625   52.6008  
11.0774   52.5712  
11.0923   52.5411  
11.1072   52.5104  
11.1221   52.4793  
11.137   52.4477  
11.152   52.4156  
11.1669   52.3832  
11.1818   52.3504  
11.1967   52.3172  
11.2116   52.2837  
11.2265   52.2499  
11.2414   52.2158  
11.2564   52.1815  
11.2713   52.1469  
11.2862   52.1122  
11.3011   52.0772  
11.316   52.042  
11.3309   52.0067  
11.3458   51.9712  
11.3608   51.9355  
11.3757   51.8998  
11.3906   51.8639  
11.4055   51.8279  
11.4204   51.7918  
11.4353   51.7557  
11.4503   51.7194  
11.4652   51.6831  
11.4801   51.6467  
11.495   51.6103  
11.5099   51.5738  
11.5248   51.5373  
11.5397   51.5008  
11.5547   51.4643  
11.5696   51.4277  
11.5845   51.3911  
11.5994   51.3545  
11.6143   51.3179  
11.6292   51.2813  
11.6441   51.2448  
11.6591   51.2082  
11.674   51.1716  
11.6889   51.1351  
11.7038   51.0985  
11.7187   51.062  
11.7336   51.0256  
11.7485   50.9891  
11.7635   50.9527  
11.7784   50.9163  
11.7933   50.88  
11.8082   50.8437  
11.8231   50.8074  
11.838   50.7712  
11.853   50.735  
11.8679   50.6989  
11.8828   50.6628  
11.8977   50.6268  
11.9126   50.5908  
11.9275   50.5549  
11.9424   50.519  
11.9574   50.4831  
11.9723   50.4474  
11.9872   50.4116  
12.0021   50.376  
12.017   50.3403  
12.0319   50.3048  
12.0468   50.2693  
12.0618   50.2338  
12.0767   50.1985  
12.0916   50.1631  
12.1065   50.1279  
12.1214   50.0927  
12.1363   50.0575  
12.1513   50.0224  
12.1662   49.9874  
12.1811   49.9525  
12.196   49.9176  
12.2109   49.8827  
12.2258   49.848  
12.2407   49.8132  
12.2557   49.7786  
12.2706   49.744  
12.2855   49.7095  
12.3004   49.675  
12.3153   49.6406  
12.3302   49.6063  
12.3451   49.572  
12.3601   49.5378  
12.375   49.5036  
12.3899   49.4696  
12.4048   49.4355  
12.4197   49.4016  
12.4346   49.3677  
12.4495   49.3339  
12.4645   49.3001  
12.4794   49.2664  
12.4943   49.2327  
12.5092   49.1991  
12.5241   49.1656  
12.539   49.1322  
12.554   49.0988  
12.5689   49.0654  
12.5838   49.0322  
12.5987   48.999  
12.6136   48.9658  
12.6285   48.9327  
12.6434   48.8997  
12.6584   48.8668  
12.6733   48.8339  
12.6882   48.801  
12.7031   48.7682  
12.718   48.7355  
12.7329   48.7029  
12.7478   48.6703  
12.7628   48.6378  
12.7777   48.6053  
12.7926   48.5729  
12.8075   48.5405  
12.8224   48.5082  
12.8373   48.476  
12.8523   48.4438  
12.8672   48.4117  
12.8821   48.3797  
12.897   48.3477  
12.9119   48.3158  
12.9268   48.2839  
12.9417   48.2521  
12.9567   48.2203  
12.9716   48.1886  
12.9865   48.157  
13.0014   48.1254  
13.0163   48.0939  
13.0312   48.0624  
13.0461   48.031  
13.0611   47.9997  
13.076   47.9684  
13.0909   47.9371  
13.1058   47.906  
13.1207   47.8748  
13.1356   47.8438  
13.1506   47.8128  
13.1655   47.7818  
13.1804   47.7509  
13.1953   47.7201  
13.2102   47.6893  
13.2251   47.6586  
13.24   47.6279  
13.255   47.5973  
13.2699   47.5668  
13.2848   47.5363  
13.2997   47.5058  
13.3146   47.4754  
13.3295   47.4451  
13.3444   47.4148  
13.3594   47.3846  
13.3743   47.3544  
13.3892   47.3243  
13.4041   47.2942  
13.419   47.2642  
13.4339   47.2343  
13.4488   47.2044  
13.4638   47.1745  
13.4787   47.1447  
13.4936   47.115  
13.5085   47.0853  
13.5234   47.0556  
13.5383   47.0261  
13.5533   46.9965  
13.5682   46.967  
13.5831   46.9376  
13.598   46.9082  
13.6129   46.8789  
13.6278   46.8497  
13.6427   46.8204  
13.6577   46.7913  
13.6726   46.7621  
13.6875   46.7331  
13.7024   46.7041  
13.7173   46.6751  
13.7322   46.6462  
13.7471   46.6173  
13.7621   46.5885  
13.777   46.5598  
13.7919   46.531  
13.8068   46.5024  
13.8217   46.4738  
13.8366   46.4452  
13.8516   46.4167  
13.8665   46.3882  
13.8814   46.3598  
13.8963   46.3315  
13.9112   46.3031  
13.9261   46.2749  
13.941   46.2467  
13.956   46.2185  
13.9709   46.1904  
13.9858   46.1623  
14.0007   46.1343  
14.0156   46.1063  
14.0305   46.0784  
14.0454   46.0505  
14.0604   46.0227  
14.0753   45.9949  
14.0902   45.9672  
14.1051   45.9395  
14.12   45.9118  
14.1349   45.8842  
14.1498   45.8567  
14.1648   45.8292  
14.1797   45.8017  
14.1946   45.7743  
14.2095   45.747  
14.2244   45.7196  
14.2393   45.6924  
14.2543   45.6652  
14.2692   45.638  
14.2841   45.6108  
14.299   45.5838  
14.3139   45.5567  
14.3288   45.5297  
14.3437   45.5028  
14.3587   45.4759  
14.3736   45.449  
14.3885   45.4222  
14.4034   45.3954  
14.4183   45.3687  
14.4332   45.342  
14.4481   45.3154  
14.4631   45.2888  
14.478   45.2623  
14.4929   45.2358  
14.5078   45.2093  
14.5227   45.1829  
14.5376   45.1565  
14.5526   45.1302  
14.5675   45.1039  
14.5824   45.0777  
14.5973   45.0515  
14.6122   45.0253  
14.6271   44.9992  
14.642   44.9731  
14.657   44.9471  
14.6719   44.9211  
14.6868   44.8952  
14.7017   44.8693  
14.7166   44.8434  
14.7315   44.8176  
14.7464   44.7919  
14.7614   44.7661  
14.7763   44.7405  
14.7912   44.7148  
14.8061   44.6892  
14.821   44.6636  
14.8359   44.6381  
14.8509   44.6126  
14.8658   44.5872  
14.8807   44.5618  
14.8956   44.5365  
14.9105   44.5111  
14.9254   44.4859  
14.9403   44.4606  
14.9553   44.4354  
14.9702   44.4103  
14.9851   44.3852  
15   44.3601  
