0.1 0.000381846 13072.3
0.114915 0.00018496 39366.4
0.12983 0.000279899 27889
0.144745 0.000255252 28208.9
0.15966 0.000251431 25557.4
0.174575 0.000239238 24032.8
0.189489 0.000230162 22515
0.204404 0.000221449 21250.2
0.219319 0.000213797 20127.3
0.234234 0.000206849 19137
0.249149 0.000200547 18252.5
0.264064 0.000194786 17458.1
0.278979 0.000189496 16739.9
0.293894 0.000184614 16087.1
0.308809 0.000180092 15490.8
0.323724 0.000175886 14943.6
0.338639 0.000171962 14439.5
0.353554 0.00016829 13973.4
0.368468 0.000164843 13540.9
0.383383 0.000161598 13138.3
0.398298 0.000158532 12762.4
0.413213 0.000155617 12409.7
0.428128 0.000152798 12076
0.443043 0.000149958 11754.2
0.457958 0.00014682 11430.1
0.472873 0.00014279 11074.9
0.487788 0.000136676 10633.2
0.502703 0.000125718 9969.54
0.517618 0.000111224 7849.36
0.532533 0.00010996 4017.11
0.547447 0.000148327 1025.29
0.562362 0.000172524 4494.73
0.577277 0.000124684 1028.34
0.592192 0.000158096 4225.03
0.607107 0.000109041 897.6
0.622022 0.000148287 3750.36
0.636937 0.00010511 850.201
0.651852 0.000141904 3506.82
0.666767 0.000103673 830.549
0.681682 0.000137701 3356.57
0.696597 0.000101702 817.604
0.711512 0.000134504 3238.32
0.726426 9.97492e-05 808.462
0.741341 0.000131472 3134.46
0.756256 9.80289e-05 802.093
0.771171 0.000128546 3041.38
0.786086 9.64228e-05 797.747
0.801001 0.00012572 2957.06
0.815916 9.49871e-05 720.723
0.830831 0.00012319 2743.36
0.845746 9.34484e-05 681.552
0.860661 0.000120986 2608.44
0.875576 9.18872e-05 673.488
0.89049 0.000119022 2538.97
0.905405 9.03349e-05 668.239
0.92032 0.000117044 2477.01
0.935235 8.89434e-05 665.468
0.95015 0.000114944 2420.32
0.965065 8.77926e-05 665.009
0.97998 0.000112821 2369.3
0.994895 8.6802e-05 665.827
1.00981 0.000110749 2322.52
1.02472 8.58867e-05 667.444
1.03964 0.000108748 2279.14
1.05455 8.50416e-05 669.718
1.06947 0.000106802 2238.56
1.08438 8.42486e-05 672.499
1.0993 0.000104924 2200.51
1.11421 8.35129e-05 675.675
1.12913 0.000103097 2164.52
1.14404 8.28166e-05 679.193
1.15896 0.000101335 2130.55
1.17387 8.21673e-05 682.953
1.18879 9.96212e-05 2098.16
1.2037 8.15479e-05 686.956
1.21862 9.79691e-05 2067.44
1.23353 8.09674e-05 691.098
1.24845 9.63619e-05 2037.98
1.26336 8.04094e-05 695.424
1.27828 9.4813e-05 2009.94
1.29319 7.98839e-05 699.814
1.30811 9.33059e-05 1982.91
1.32302 7.93748e-05 704.35
1.33794 9.18539e-05 1957.13
1.35285 7.88932e-05 708.891
1.36777 9.04409e-05 1932.17
1.38268 7.8423e-05 713.553
1.3976 8.90799e-05 1908.32
1.41251 7.79763e-05 718.175
1.42743 8.77552e-05 1885.16
1.44234 7.75368e-05 722.903
1.45726 8.64796e-05 1862.99
1.47217 7.71179e-05 727.552
1.48709 8.52377e-05 1841.39
1.502 7.67024e-05 732.297
1.51692 8.40423e-05 1820.7
1.53183 7.63051e-05 736.93
1.54675 8.28779e-05 1800.46
1.56166 7.59077e-05 741.652
1.57658 8.17575e-05 1781.06
1.59149 7.55258e-05 746.235
1.60641 8.06656e-05 1762.01
1.62132 7.51391e-05 750.898
1.63624 7.96154e-05 1743.7
1.65115 7.47634e-05 755.393
1.66607 7.8591e-05 1725.61
1.68098 7.43739e-05 759.948
1.6959 7.76062e-05 1708.09
1.71081 7.3983e-05 764.293
1.72573 7.66444e-05 1690.51
1.74064 7.35548e-05 768.642
1.75556 7.57205e-05 1673.08
1.77047 7.3089e-05 772.687
1.78539 7.48194e-05 1654.91
1.8003 7.25248e-05 776.59
1.81522 7.39641e-05 1635.78
1.83013 7.18358e-05 779.982
1.84505 7.31621e-05 1614.24
1.85996 7.09386e-05 782.969
1.87487 7.24946e-05 1589.42
1.88979 6.98288e-05 785.258
1.9047 7.2083e-05 1559.26
1.91962 6.85371e-05 787.34
1.93453 7.21594e-05 1522.17
1.94945 6.73103e-05 790.268
1.96436 7.28637e-05 1474.62
1.97928 6.65405e-05 798.139
1.99419 7.39266e-05 1411.87
2.00911 6.67355e-05 818.798
2.02402 7.43584e-05 1329.01
2.03894 6.78535e-05 860.197
2.05385 7.33852e-05 1228.76
2.06877 6.90609e-05 920.739
2.08368 7.14825e-05 1120.56
2.0986 6.95974e-05 993.003
2.11351 6.92514e-05 1012.35
2.12843 6.92154e-05 959.022
2.14334 6.90744e-05 875.064
2.15826 6.87214e-05 783.071
2.17317 6.83215e-05 694.914
2.18809 6.79456e-05 615.808
2.203 6.76084e-05 547.347
2.21792 6.73058e-05 489.396
2.23283 6.70297e-05 441.077
2.24775 6.67728e-05 401.248
2.26266 6.65295e-05 368.721
2.27758 6.62961e-05 342.358
2.29249 6.60698e-05 321.116
2.30741 6.5849e-05 304.067
2.32232 6.56324e-05 290.406
2.33724 6.54193e-05 279.449
2.35215 6.52092e-05 270.627
2.36707 6.50018e-05 263.474
2.38198 6.47967e-05 257.615
2.3969 6.4594e-05 252.754
2.41181 6.43933e-05 248.657
2.42673 6.41946e-05 245.145
2.44164 6.39979e-05 242.077
2.45656 6.38031e-05 239.349
2.47147 6.36101e-05 236.881
2.48639 6.34189e-05 234.611
2.5013 6.32294e-05 232.495
2.51622 6.30416e-05 230.499
2.53113 6.28556e-05 228.597
2.54605 6.26712e-05 226.77
2.56096 6.24884e-05 225.004
2.57588 6.23072e-05 223.288
2.59079 6.21275e-05 221.615
2.60571 6.19495e-05 219.979
2.62062 6.17729e-05 218.375
2.63554 6.15979e-05 216.799
2.65045 6.14243e-05 215.25
2.66537 6.12522e-05 213.724
2.68028 6.10815e-05 212.221
2.6952 6.09123e-05 210.74
2.71011 6.07522e-05 209.291
2.72503 6.05663e-05 212.159
2.73994 6.04253e-05 208.563
2.75485 6.02344e-05 211.808
2.76977 6.01061e-05 206.993
2.78468 5.99026e-05 212.754
2.7996 5.97904e-05 206.073
2.81451 5.95798e-05 212.738
2.82943 5.94812e-05 204.713
2.84434 5.92591e-05 213.423
2.85926 5.91759e-05 203.708
2.87417 5.89454e-05 213.586
2.88909 5.88763e-05 202.476
2.904 5.86348e-05 214.127
2.91892 5.85808e-05 201.442
2.93383 5.83301e-05 214.384
2.94875 5.82904e-05 200.293
2.96366 5.80289e-05 214.843
2.97858 5.80042e-05 199.258
2.99349 5.77328e-05 215.147
3.00841 5.77226e-05 198.168
3.02332 5.74404e-05 215.56
3.03824 5.74451e-05 197.147
3.05315 5.71526e-05 215.887
3.06807 5.71719e-05 196.103
3.08298 5.68686e-05 216.271
3.0979 5.69027e-05 195.103
3.11281 5.65887e-05 216.608
3.12773 5.66376e-05 194.097
3.14264 5.63126e-05 216.974
3.15756 5.63763e-05 193.121
3.17247 5.60404e-05 217.313
3.18739 5.61188e-05 192.148
3.2023 5.57717e-05 217.666
3.21722 5.5865e-05 191.196
3.23213 5.55068e-05 218.003
3.24705 5.56149e-05 190.253
3.26196 5.52453e-05 218.347
3.27688 5.53683e-05 189.327
3.29179 5.49873e-05 218.681
3.30671 5.51251e-05 188.412
3.32162 5.47327e-05 219.017
3.33654 5.48854e-05 187.511
3.35145 5.44813e-05 219.347
3.36637 5.46489e-05 186.62
3.38128 5.42332e-05 219.676
3.3962 5.44157e-05 185.743
3.41111 5.39882e-05 220.001
3.42603 5.41857e-05 184.878
3.44094 5.37462e-05 220.324
3.45586 5.39587e-05 184.024
3.47077 5.35073e-05 220.644
3.48569 5.37348e-05 183.181
3.5006 5.32714e-05 220.961
3.51552 5.35139e-05 182.35
3.53043 5.30383e-05 221.276
3.54535 5.32958e-05 181.529
3.56026 5.28081e-05 221.588
3.57518 5.30806e-05 180.719
3.59009 5.25806e-05 221.897
3.60501 5.28682e-05 179.919
3.61992 5.23558e-05 222.204
3.63483 5.26585e-05 179.129
3.64975 5.21337e-05 222.508
3.66466 5.24515e-05 178.35
3.67958 5.19142e-05 222.81
3.69449 5.22471e-05 177.58
3.70941 5.16972e-05 223.11
3.72432 5.20453e-05 176.82
3.73924 5.14827e-05 223.407
3.75415 5.1846e-05 176.069
3.76907 5.12707e-05 223.701
3.78398 5.16492e-05 175.327
3.7989 5.1061e-05 223.994
3.81381 5.14548e-05 174.594
3.82873 5.08538e-05 224.284
3.84364 5.12627e-05 173.87
3.85856 5.06488e-05 224.571
3.87347 5.1073e-05 173.155
3.88839 5.0446e-05 224.857
3.9033 5.08856e-05 172.448
3.91822 5.02455e-05 225.14
3.93313 5.07004e-05 171.75
3.94805 5.00472e-05 225.421
3.96296 5.05174e-05 171.06
3.97788 4.9851e-05 225.7
3.99279 5.03366e-05 170.377
4.00771 4.9657e-05 225.976
4.02262 5.01806e-05 169.741
4.03754 4.94275e-05 235.115
4.05245 4.99704e-05 172.287
4.06737 4.93102e-05 220.229
4.08228 4.98085e-05 166.032
4.0972 4.90711e-05 229.15
4.11211 4.96445e-05 168.609
4.12703 4.8888e-05 230.747
4.14194 4.94707e-05 168.439
4.15686 4.87116e-05 229.534
4.17177 4.92941e-05 167.245
4.18669 4.85389e-05 227.296
4.2016 4.91176e-05 165.688
4.21652 4.83687e-05 224.711
4.23143 4.89424e-05 164.015
4.24635 4.82006e-05 222.031
4.26126 4.87688e-05 162.319
4.27618 4.80342e-05 219.35
4.29109 4.85969e-05 160.633
4.30601 4.78697e-05 216.699
4.32092 4.84267e-05 158.968
4.33584 4.77068e-05 214.092
4.35075 4.82583e-05 157.33
4.36567 4.75456e-05 211.531
4.38058 4.80918e-05 155.719
4.3955 4.73959e-05 209.039
4.41041 4.79169e-05 157.718
4.42533 4.72219e-05 210.124
4.44024 4.77698e-05 153.897
4.45516 4.70952e-05 205.501
4.47007 4.7578e-05 160.4
4.48498 4.69001e-05 211.003
4.4999 4.7459e-05 152.946
4.51481 4.67952e-05 202.878
4.52973 4.72511e-05 162.13
4.54464 4.65866e-05 210.944
4.55956 4.71525e-05 151.678
4.57447 4.65039e-05 199.997
4.58939 4.69275e-05 164.251
4.6043 4.62785e-05 211.263
4.61922 4.68529e-05 150.572
4.63413 4.62177e-05 197.327
4.64905 4.66107e-05 166.206
4.66396 4.59767e-05 211.422
4.67888 4.65589e-05 149.433
4.69379 4.59378e-05 194.673
4.70871 4.62988e-05 168.225
4.72362 4.56806e-05 211.642
4.73854 4.62706e-05 148.339
4.75345 4.56633e-05 192.111
4.76837 4.59771e-05 170.186
4.78328 4.5437e-05 202.585
4.7982 4.59554e-05 156.807
4.81311 4.53605e-05 198.671
4.82803 4.57083e-05 160.632
4.84294 4.51986e-05 201.462
4.85786 4.56326e-05 156.828
4.87277 4.50511e-05 197.097
4.88769 4.54805e-05 161.4
4.9026 4.49063e-05 200.602
4.91752 4.53508e-05 156.624
4.93243 4.47843e-05 195.424
4.94735 4.51987e-05 162.218
4.96226 4.46393e-05 199.853
4.97718 4.50746e-05 156.31
4.99209 4.45229e-05 193.683
5.00701 4.49214e-05 163.16
5.02192 4.43769e-05 199.234
5.03684 4.48035e-05 155.864
5.05175 4.42667e-05 191.853
5.06667 4.46482e-05 164.256
5.08158 4.41189e-05 198.768
5.0965 4.45377e-05 155.257
5.11141 4.40159e-05 189.91
5.12633 4.43789e-05 165.54
5.14124 4.38649e-05 198.482
5.15616 4.4277e-05 154.458
5.17107 4.37704e-05 187.827
5.18599 4.41064e-05 167.047
5.2009 4.36363e-05 198.45
5.21582 4.40057e-05 153.356
5.23073 4.35143e-05 185.474
5.24565 4.38577e-05 169.018
5.26056 4.34203e-05 198.851
5.27548 4.37262e-05 151.759
5.29039 4.32501e-05 182.684
5.30531 4.36378e-05 171.728
5.32022 4.31889e-05 187.217
5.33514 4.3459e-05 164.858
5.35005 4.29992e-05 192.996
5.36496 4.34109e-05 157.117
5.37988 4.29564e-05 185.683
5.39479 4.31852e-05 165.679
5.40971 4.282e-05 192.507
5.42462 4.313e-05 156.551
5.43954 4.26915e-05 183.846
5.45445 4.29968e-05 167.102
5.46937 4.25808e-05 192.408
5.48428 4.28816e-05 155.579
5.4992 4.24592e-05 181.745
5.51411 4.27643e-05 168.849
5.52903 4.2365e-05 192.634
5.54394 4.26349e-05 154.231
5.55886 4.22284e-05 179.343
5.57377 4.25388e-05 171.095
5.58869 4.21539e-05 182.575
5.6036 4.23854e-05 165.949
5.61852 4.2013e-05 188.219
5.63343 4.23103e-05 158.107
5.64835 4.19351e-05 180.984
5.66326 4.21519e-05 167.008
5.67818 4.18114e-05 187.916
5.69309 4.2072e-05 157.417
5.70801 4.17099e-05 179.198
5.72292 4.19389e-05 168.411
5.73784 4.16096e-05 187.901
5.75275 4.18335e-05 156.375
5.76767 4.14909e-05 177.146
5.78258 4.17291e-05 170.245
5.7975 4.14079e-05 179.812
5.81241 4.15987e-05 165.9
5.82733 4.12854e-05 183.999
5.84224 4.1514e-05 159.813
5.85716 4.12007e-05 178.39
5.87207 4.13786e-05 166.797
5.88699 4.1091e-05 183.604
5.9019 4.1289e-05 159.283
5.91682 4.0995e-05 176.827
5.93173 4.11683e-05 167.939
5.94665 4.08999e-05 183.419
5.96156 4.1062e-05 158.484
5.97648 4.08025e-05 175.087
5.99139 4.09543e-05 169.363
6.00631 4.07034e-05 183.45
6.02122 4.08498e-05 157.445
6.03614 4.06135e-05 173.174
6.05105 4.07389e-05 171.08
6.06597 4.051e-05 173.575
6.08088 4.06434e-05 169.974
6.0958 4.04212e-05 182.291
6.11071 4.05297e-05 157.445
6.12563 4.03285e-05 171.614
6.14054 4.04278e-05 171.8
6.15546 4.02376e-05 170.962
6.17037 4.03179e-05 172.234
6.18529 4.01606e-05 169.846
6.2002 4.01993e-05 180.53
6.21512 4.00788e-05 157.85
6.23003 4.00894e-05 170.349
6.24494 3.99932e-05 171.687
6.25986 3.99927e-05 169.534
6.27477 3.9904e-05 178.814
6.28969 3.98762e-05 159.004
6.3046 3.98338e-05 169.973
6.31952 3.97701e-05 178.383
6.33443 3.97356e-05 158.874
6.34935 3.96914e-05 169.115
6.36426 3.96307e-05 176.927
6.37918 3.95964e-05 160.129
6.39409 3.95505e-05 169.366
6.40901 3.94961e-05 176.358
6.42392 3.94557e-05 160.196
6.43884 3.94128e-05 168.681
6.45375 3.93581e-05 175.058
6.46867 3.93199e-05 161.28
6.48358 3.92763e-05 168.802
6.4985 3.92231e-05 174.399
6.51341 3.91843e-05 161.495
6.52833 3.91408e-05 168.245
6.54324 3.90891e-05 173.223
6.55816 3.90503e-05 162.442
6.57307 3.90073e-05 168.263
6.58799 3.89568e-05 172.502
6.6029 3.89175e-05 162.766
6.61782 3.88746e-05 167.8
6.63273 3.88256e-05 171.421
6.64765 3.87862e-05 163.614
6.66256 3.87436e-05 167.746
6.67748 3.86959e-05 170.663
6.69239 3.86562e-05 164.014
6.70731 3.86175e-05 167.36
6.72222 3.85667e-05 169.658
6.73714 3.85159e-05 171.146
6.75205 3.84874e-05 162.423
6.76697 3.84495e-05 165.232
6.78188 3.84038e-05 167.13
6.7968 3.83547e-05 168.321
6.81171 3.83132e-05 168.988
6.82663 3.82718e-05 169.26
6.84154 3.82305e-05 169.235
6.85646 3.81892e-05 168.987
6.87137 3.81479e-05 168.573
6.88629 3.81067e-05 168.037
6.9012 3.80657e-05 167.41
6.91612 3.80247e-05 166.719
6.93103 3.79838e-05 165.979
6.94595 3.79431e-05 165.207
6.96086 3.79024e-05 164.41
6.97578 3.78619e-05 163.598
6.99069 3.78215e-05 162.776
7.00561 3.77813e-05 161.948
7.02052 3.77411e-05 161.118
7.03544 3.77011e-05 160.287
7.05035 3.76612e-05 159.458
7.06527 3.76215e-05 158.631
7.08018 3.75818e-05 157.808
7.0951 3.75423e-05 156.989
7.11001 3.75029e-05 156.175
7.12492 3.74636e-05 155.366
7.13984 3.74245e-05 154.563
7.15475 3.73855e-05 153.766
7.16967 3.73466e-05 152.974
7.18458 3.73078e-05 152.188
7.1995 3.72691e-05 151.409
7.21441 3.72306e-05 150.635
7.22933 3.71921e-05 149.868
7.24424 3.71538e-05 149.106
7.25916 3.71156e-05 148.351
7.27407 3.70776e-05 147.601
7.28899 3.70396e-05 146.858
7.3039 3.70018e-05 146.121
7.31882 3.69641e-05 145.39
7.33373 3.69265e-05 144.665
7.34865 3.6889e-05 143.946
7.36356 3.68516e-05 143.233
7.37848 3.68143e-05 142.527
7.39339 3.67772e-05 141.826
7.40831 3.67401e-05 141.132
7.42322 3.67032e-05 140.443
7.43814 3.66664e-05 139.761
7.45305 3.66297e-05 139.085
7.46797 3.65931e-05 138.415
7.48288 3.65566e-05 137.751
7.4978 3.65202e-05 137.093
7.51271 3.6484e-05 136.442
7.52763 3.64478e-05 135.797
7.54254 3.64117e-05 135.158
7.55746 3.63758e-05 134.526
7.57237 3.634e-05 133.9
7.58729 3.63042e-05 133.281
7.6022 3.62686e-05 132.668
7.61712 3.62331e-05 132.062
7.63203 3.61976e-05 131.463
7.64695 3.61623e-05 130.87
7.66186 3.61271e-05 130.284
7.67678 3.6092e-05 129.706
7.69169 3.6057e-05 129.134
7.70661 3.60221e-05 128.57
7.72152 3.59873e-05 128.013
7.73644 3.59526e-05 127.464
7.75135 3.5918e-05 126.922
7.76627 3.58835e-05 126.388
7.78118 3.58491e-05 125.863
7.7961 3.58148e-05 125.345
7.81101 3.57806e-05 124.836
7.82593 3.57465e-05 124.335
7.84084 3.57124e-05 123.843
7.85576 3.56785e-05 123.361
7.87067 3.56447e-05 122.887
7.88559 3.5611e-05 122.424
7.9005 3.55774e-05 121.97
7.91542 3.55438e-05 121.526
7.93033 3.55104e-05 121.093
7.94525 3.54771e-05 120.671
7.96016 3.54438e-05 120.26
7.97508 3.54107e-05 119.861
7.98999 3.53776e-05 119.474
8.0049 3.53446e-05 119.1
8.01982 3.53118e-05 118.738
8.03473 3.5279e-05 118.39
8.04965 3.52463e-05 118.057
8.06456 3.52137e-05 117.737
8.07948 3.51812e-05 117.434
8.09439 3.51488e-05 117.146
8.10931 3.51165e-05 116.874
8.12422 3.50842e-05 116.62
8.13914 3.50521e-05 116.384
8.15405 3.502e-05 116.167
8.16897 3.4988e-05 115.969
8.18388 3.49562e-05 115.792
8.1988 3.49244e-05 115.637
8.21371 3.48927e-05 115.504
8.22863 3.48611e-05 115.395
8.24354 3.48295e-05 115.311
8.25846 3.47981e-05 115.253
8.27337 3.47667e-05 115.222
8.28829 3.47355e-05 115.219
8.3032 3.47043e-05 115.247
8.31812 3.46732e-05 115.306
8.33303 3.46422e-05 115.398
8.34795 3.46113e-05 115.525
8.36286 3.45804e-05 115.688
8.37778 3.45497e-05 115.89
8.39269 3.4519e-05 116.132
8.40761 3.44884e-05 116.417
8.42252 3.44579e-05 116.747
8.43744 3.44275e-05 117.123
8.45235 3.43972e-05 117.549
8.46727 3.4367e-05 118.027
8.48218 3.43368e-05 118.56
8.4971 3.43068e-05 119.151
8.51201 3.42768e-05 119.803
8.52693 3.42469e-05 120.518
8.54184 3.42171e-05 121.302
8.55676 3.41874e-05 122.156
8.57167 3.41578e-05 123.085
8.58659 3.41282e-05 124.094
8.6015 3.40988e-05 125.186
8.61642 3.40694e-05 126.365
8.63133 3.40402e-05 127.637
8.64625 3.4011e-05 129.007
8.66116 3.39819e-05 130.48
8.67608 3.3953e-05 132.061
8.69099 3.39241e-05 133.757
8.70591 3.38953e-05 135.573
8.72082 3.38667e-05 137.516
8.73574 3.38381e-05 139.594
8.75065 3.38097e-05 141.813
8.76557 3.37813e-05 144.181
8.78048 3.37531e-05 146.706
8.7954 3.3725e-05 149.398
8.81031 3.36971e-05 152.264
8.82523 3.36692e-05 155.315
8.84014 3.36415e-05 158.561
8.85506 3.3614e-05 162.012
8.86997 3.35863e-05 165.679
8.88488 3.35506e-05 169.553
8.8998 3.33581e-05 173.245
8.91471 3.3713e-05 163.756
8.92963 3.3356e-05 171.301
8.94454 3.35754e-05 168.758
8.95946 3.30915e-05 177.265
8.97437 3.37752e-05 163.408
8.98929 3.30924e-05 175.911
9.0042 3.36313e-05 167.745
9.01912 3.27698e-05 181.629
9.03403 3.38986e-05 163.391
9.04895 3.27676e-05 181.312
9.06386 3.37554e-05 166.5
9.07878 3.23816e-05 186.258
9.09369 3.40952e-05 163.823
9.10861 3.23622e-05 187.553
9.12352 3.39673e-05 165.046
9.13844 3.19176e-05 191.085
9.15335 3.43736e-05 164.771
9.16827 3.18548e-05 194.623
9.18318 3.42888e-05 163.486
9.1981 3.13744e-05 196.109
9.21301 3.47341e-05 166.19
9.22793 3.12263e-05 202.386
9.24284 3.47394e-05 162.053
9.25776 3.07668e-05 201.503
9.27267 3.51531e-05 167.756
9.28759 3.04443e-05 210.358
9.3025 3.53897e-05 159.759
9.31742 3.01675e-05 206.478
9.33233 3.55206e-05 170.127
9.34725 2.98545e-05 210.751
9.36216 3.57347e-05 168.192
9.37708 2.959e-05 222.511
9.39199 3.54161e-05 176.062
9.40691 3.00546e-05 210.36
9.42182 3.52977e-05 174.923
9.43674 2.99654e-05 217.089
9.45165 3.50068e-05 181.121
9.46657 3.02323e-05 211.833
9.48148 3.47674e-05 182.494
9.4964 3.0364e-05 214.834
9.51131 3.44777e-05 187.299
9.52623 3.05715e-05 212.181
9.54114 3.41815e-05 189.652
9.55606 3.07831e-05 213.823
9.57097 3.38744e-05 193.901
9.58589 3.09942e-05 212.326
9.6008 3.35593e-05 196.708
9.61572 3.12199e-05 213.301
9.63063 3.32403e-05 200.636
9.64555 3.14422e-05 212.47
9.66046 3.29249e-05 203.704
9.67538 3.16545e-05 212.986
9.69029 3.26006e-05 207.348
9.70521 3.18665e-05 212.588
9.72012 3.23087e-05 210.599
9.73504 3.23357e-05 211.871
9.74995 3.22698e-05 214.458
9.76486 3.22024e-05 217.703
9.77978 3.21489e-05 221.328
9.79469 3.21066e-05 225.184
9.80961 3.20712e-05 229.182
9.82452 3.20399e-05 233.263
9.83944 3.20106e-05 237.389
9.85435 3.19824e-05 241.535
9.86927 3.19544e-05 245.683
9.88418 3.19263e-05 249.819
9.8991 3.18979e-05 253.931
9.91401 3.18691e-05 258.012
9.92893 3.18398e-05 262.055
9.94384 3.181e-05 266.051
9.95876 3.17796e-05 269.996
9.97367 3.17488e-05 273.883
9.98859 3.17176e-05 277.707
10.0035 3.16859e-05 281.463
10.0184 3.1654e-05 285.146
10.0333 3.16218e-05 288.753
10.0482 3.15894e-05 292.279
10.0632 3.15568e-05 295.72
10.0781 3.15243e-05 299.074
10.093 3.14918e-05 302.338
10.1079 3.14594e-05 305.509
10.1228 3.14271e-05 308.585
10.1377 3.13951e-05 311.565
10.1527 3.13635e-05 314.446
10.1676 3.13321e-05 317.229
10.1825 3.13012e-05 319.912
10.1974 3.12708e-05 322.494
10.2123 3.12408e-05 324.977
10.2272 3.12114e-05 327.359
10.2421 3.11825e-05 329.641
10.2571 3.11542e-05 331.825
10.272 3.11265e-05 333.91
10.2869 3.10994e-05 335.898
10.3018 3.10728e-05 337.79
10.3167 3.10468e-05 339.589
10.3316 3.10214e-05 341.294
10.3465 3.09965e-05 342.908
10.3615 3.09722e-05 344.434
10.3764 3.09484e-05 345.872
10.3913 3.09251e-05 347.225
10.4062 3.09022e-05 348.495
10.4211 3.08798e-05 349.685
10.436 3.08578e-05 350.796
10.451 3.08362e-05 351.83
10.4659 3.08149e-05 352.791
10.4808 3.07939e-05 353.681
10.4957 3.07733e-05 354.501
10.5106 3.07529e-05 355.255
10.5255 3.07328e-05 355.944
10.5404 3.07129e-05 356.572
10.5554 3.06931e-05 357.139
10.5703 3.06736e-05 357.65
10.5852 3.06542e-05 358.105
10.6001 3.06349e-05 358.507
10.615 3.06157e-05 358.859
10.6299 3.05967e-05 359.162
10.6448 3.05777e-05 359.418
10.6598 3.05587e-05 359.631
10.6747 3.05398e-05 359.8
10.6896 3.0521e-05 359.93
10.7045 3.05022e-05 360.021
10.7194 3.04833e-05 360.075
10.7343 3.04646e-05 360.095
10.7492 3.04458e-05 360.081
10.7642 3.0427e-05 360.035
10.7791 3.04081e-05 359.96
10.794 3.03893e-05 359.856
10.8089 3.03705e-05 359.726
10.8238 3.03516e-05 359.57
10.8387 3.03327e-05 359.39
10.8537 3.03138e-05 359.187
10.8686 3.02949e-05 358.962
10.8835 3.02759e-05 358.717
10.8984 3.02569e-05 358.453
10.9133 3.02379e-05 358.17
10.9282 3.02189e-05 357.871
10.9431 3.01998e-05 357.555
10.9581 3.01808e-05 357.225
10.973 3.01617e-05 356.88
10.9879 3.01425e-05 356.522
11.0028 3.01234e-05 356.151
11.0177 3.01042e-05 355.768
11.0326 3.0085e-05 355.375
11.0475 3.00659e-05 354.971
11.0625 3.00466e-05 354.557
11.0774 3.00274e-05 354.134
11.0923 3.00082e-05 353.703
11.1072 2.9989e-05 353.264
11.1221 2.99697e-05 352.818
11.137 2.99505e-05 352.365
11.152 2.99312e-05 351.905
11.1669 2.9912e-05 351.44
11.1818 2.98927e-05 350.969
11.1967 2.98735e-05 350.493
11.2116 2.98542e-05 350.012
11.2265 2.9835e-05 349.527
11.2414 2.98158e-05 349.038
11.2564 2.97966e-05 348.546
11.2713 2.97774e-05 348.05
11.2862 2.97582e-05 347.551
11.3011 2.9739e-05 347.049
11.316 2.97198e-05 346.544
11.3309 2.97006e-05 346.037
11.3458 2.96815e-05 345.529
11.3608 2.96624e-05 345.018
11.3757 2.96433e-05 344.506
11.3906 2.96242e-05 343.992
11.4055 2.96051e-05 343.476
11.4204 2.95861e-05 342.96
11.4353 2.9567e-05 342.443
11.4503 2.9548e-05 341.925
11.4652 2.95291e-05 341.406
11.4801 2.95101e-05 340.886
11.495 2.94912e-05 340.367
11.5099 2.94723e-05 339.846
11.5248 2.94534e-05 339.326
11.5397 2.94345e-05 338.805
11.5547 2.94157e-05 338.285
11.5696 2.93969e-05 337.764
11.5845 2.93781e-05 337.244
11.5994 2.93594e-05 336.724
11.6143 2.93406e-05 336.204
11.6292 2.93219e-05 335.685
11.6441 2.93033e-05 335.165
11.6591 2.92846e-05 334.647
11.674 2.9266e-05 334.129
11.6889 2.92475e-05 333.611
11.7038 2.92289e-05 333.095
11.7187 2.92104e-05 332.579
11.7336 2.91919e-05 332.063
11.7485 2.91735e-05 331.549
11.7635 2.9155e-05 331.035
11.7784 2.91366e-05 330.522
11.7933 2.91183e-05 330.01
11.8082 2.90999e-05 329.499
11.8231 2.90816e-05 328.989
11.838 2.90634e-05 328.479
11.853 2.90451e-05 327.971
11.8679 2.90269e-05 327.464
11.8828 2.90088e-05 326.958
11.8977 2.89906e-05 326.453
11.9126 2.89725e-05 325.948
11.9275 2.89544e-05 325.445
11.9424 2.89364e-05 324.944
11.9574 2.89183e-05 324.443
11.9723 2.89004e-05 323.943
11.9872 2.88824e-05 323.445
12.0021 2.88645e-05 322.947
12.017 2.88466e-05 322.451
12.0319 2.88287e-05 321.956
12.0468 2.88109e-05 321.462
12.0618 2.87931e-05 320.969
12.0767 2.87754e-05 320.478
12.0916 2.87576e-05 319.988
12.1065 2.87399e-05 319.498
12.1214 2.87222e-05 319.011
12.1363 2.87046e-05 318.524
12.1513 2.8687e-05 318.038
12.1662 2.86694e-05 317.554
12.1811 2.86519e-05 317.071
12.196 2.86344e-05 316.589
12.2109 2.86169e-05 316.109
12.2258 2.85994e-05 315.629
12.2407 2.8582e-05 315.151
12.2557 2.85646e-05 314.674
12.2706 2.85473e-05 314.199
12.2855 2.853e-05 313.724
12.3004 2.85127e-05 313.251
12.3153 2.84954e-05 312.779
12.3302 2.84782e-05 312.308
12.3451 2.8461e-05 311.838
12.3601 2.84438e-05 311.37
12.375 2.84267e-05 310.903
12.3899 2.84096e-05 310.437
12.4048 2.83925e-05 309.972
12.4197 2.83754e-05 309.509
12.4346 2.83584e-05 309.047
12.4495 2.83414e-05 308.585
12.4645 2.83245e-05 308.126
12.4794 2.83075e-05 307.667
12.4943 2.82906e-05 307.21
12.5092 2.82738e-05 306.753
12.5241 2.82569e-05 306.298
12.539 2.82401e-05 305.844
12.554 2.82234e-05 305.392
12.5689 2.82066e-05 304.94
12.5838 2.81899e-05 304.49
12.5987 2.81732e-05 304.041
12.6136 2.81565e-05 303.593
12.6285 2.81399e-05 303.146
12.6434 2.81233e-05 302.7
12.6584 2.81067e-05 302.256
12.6733 2.80902e-05 301.813
12.6882 2.80737e-05 301.371
12.7031 2.80572e-05 300.93
12.718 2.80407e-05 300.49
12.7329 2.80243e-05 300.051
12.7478 2.80079e-05 299.614
12.7628 2.79916e-05 299.177
12.7777 2.79752e-05 298.742
12.7926 2.79589e-05 298.308
12.8075 2.79426e-05 297.875
12.8224 2.79264e-05 297.443
12.8373 2.79101e-05 297.013
12.8523 2.78939e-05 296.583
12.8672 2.78778e-05 296.155
12.8821 2.78616e-05 295.727
12.897 2.78455e-05 295.301
12.9119 2.78294e-05 294.876
12.9268 2.78134e-05 294.452
12.9417 2.77973e-05 294.029
12.9567 2.77813e-05 293.607
12.9716 2.77654e-05 293.186
12.9865 2.77494e-05 292.767
13.0014 2.77335e-05 292.348
13.0163 2.77176e-05 291.93
13.0312 2.77017e-05 291.514
13.0461 2.76859e-05 291.099
13.0611 2.76701e-05 290.684
13.076 2.76543e-05 290.271
13.0909 2.76385e-05 289.859
13.1058 2.76228e-05 289.448
13.1207 2.76071e-05 289.038
13.1356 2.75914e-05 288.629
13.1506 2.75758e-05 288.221
13.1655 2.75601e-05 287.814
13.1804 2.75446e-05 287.408
13.1953 2.7529e-05 287.003
13.2102 2.75134e-05 286.599
13.2251 2.74979e-05 286.196
13.24 2.74824e-05 285.795
13.255 2.7467e-05 285.394
13.2699 2.74515e-05 284.994
13.2848 2.74361e-05 284.595
13.2997 2.74207e-05 284.198
13.3146 2.74054e-05 283.801
13.3295 2.739e-05 283.405
13.3444 2.73747e-05 283.01
13.3594 2.73594e-05 282.617
13.3743 2.73442e-05 282.224
13.3892 2.73289e-05 281.832
13.4041 2.73137e-05 281.441
13.419 2.72985e-05 281.052
13.4339 2.72834e-05 280.663
13.4488 2.72682e-05 280.275
13.4638 2.72531e-05 279.888
13.4787 2.72381e-05 279.502
13.4936 2.7223e-05 279.117
13.5085 2.7208e-05 278.733
13.5234 2.7193e-05 278.35
13.5383 2.7178e-05 277.968
13.5533 2.7163e-05 277.587
13.5682 2.71481e-05 277.207
13.5831 2.71332e-05 276.827
13.598 2.71183e-05 276.449
13.6129 2.71034e-05 276.072
13.6278 2.70886e-05 275.695
13.6427 2.70738e-05 275.32
13.6577 2.7059e-05 274.945
13.6726 2.70442e-05 274.571
13.6875 2.70295e-05 274.199
13.7024 2.70148e-05 273.827
13.7173 2.70001e-05 273.456
13.7322 2.69854e-05 273.086
13.7471 2.69708e-05 272.717
13.7621 2.69562e-05 272.348
13.777 2.69416e-05 271.981
13.7919 2.6927e-05 271.615
13.8068 2.69124e-05 271.249
13.8217 2.68979e-05 270.885
13.8366 2.68834e-05 270.521
13.8516 2.68689e-05 270.158
13.8665 2.68545e-05 269.796
13.8814 2.68401e-05 269.435
13.8963 2.68256e-05 269.075
13.9112 2.68113e-05 268.715
13.9261 2.67969e-05 268.357
13.941 2.67826e-05 267.999
13.956 2.67682e-05 267.642
13.9709 2.6754e-05 267.286
13.9858 2.67397e-05 266.931
14.0007 2.67254e-05 266.577
14.0156 2.67112e-05 266.224
14.0305 2.6697e-05 265.871
14.0454 2.66828e-05 265.52
14.0604 2.66687e-05 265.169
14.0753 2.66545e-05 264.819
14.0902 2.66404e-05 264.47
14.1051 2.66263e-05 264.121
14.12 2.66123e-05 263.774
14.1349 2.65982e-05 263.427
14.1498 2.65842e-05 263.081
14.1648 2.65702e-05 262.736
14.1797 2.65562e-05 262.392
14.1946 2.65423e-05 262.049
14.2095 2.65283e-05 261.706
14.2244 2.65144e-05 261.364
14.2393 2.65005e-05 261.024
14.2543 2.64867e-05 260.683
14.2692 2.64728e-05 260.344
14.2841 2.6459e-05 260.005
14.299 2.64452e-05 259.668
14.3139 2.64314e-05 259.331
14.3288 2.64177e-05 258.995
14.3437 2.64039e-05 258.659
14.3587 2.63902e-05 258.325
14.3736 2.63765e-05 257.991
14.3885 2.63628e-05 257.658
14.4034 2.63492e-05 257.326
14.4183 2.63356e-05 256.994
14.4332 2.63219e-05 256.663
14.4481 2.63084e-05 256.334
14.4631 2.62948e-05 256.004
14.478 2.62812e-05 255.676
14.4929 2.62677e-05 255.348
14.5078 2.62542e-05 255.022
14.5227 2.62407e-05 254.695
14.5376 2.62273e-05 254.37
14.5526 2.62138e-05 254.045
14.5675 2.62004e-05 253.722
14.5824 2.6187e-05 253.398
14.5973 2.61736e-05 253.076
14.6122 2.61602e-05 252.755
14.6271 2.61469e-05 252.434
14.642 2.61336e-05 252.113
14.657 2.61203e-05 251.794
14.6719 2.6107e-05 251.475
14.6868 2.60937e-05 251.157
14.7017 2.60805e-05 250.84
14.7166 2.60673e-05 250.524
14.7315 2.60541e-05 250.208
14.7464 2.6041e-05 249.893
14.7614 2.60279e-05 249.579
14.7763 2.60149e-05 249.267
14.7912 2.60019e-05 248.955
14.8061 2.59891e-05 248.645
14.821 2.59765e-05 248.337
14.8359 2.59642e-05 248.031
14.8509 2.59522e-05 247.728
14.8658 2.59407e-05 247.43
14.8807 2.59296e-05 247.135
14.8956 2.59192e-05 246.847
14.9105 2.59094e-05 246.564
14.9254 2.59002e-05 246.287
14.9403 2.58917e-05 246.017
14.9553 2.58837e-05 245.753
14.9702 2.58762e-05 245.494
14.9851 2.58689e-05 245.239
15 2.58617e-05 244.987
