0.1 0.00037125 12884.5
0.114915 0.000203748 42684.9
0.12983 0.000301207 28301.9
0.144745 0.000256554 28098.7
0.15966 0.000251883 25643.3
0.174575 0.000239323 23998.3
0.189489 0.000229844 22507.6
0.204404 0.000221325 21244.9
0.219319 0.00021363 20117.9
0.234234 0.000206713 19132
0.249149 0.000200427 18246.6
0.264064 0.000194674 17453.4
0.278979 0.000189397 16735.6
0.293894 0.000184523 16083.2
0.308809 0.000180008 15487.3
0.323724 0.000175809 14940.4
0.338639 0.000171891 14436.6
0.353554 0.000168224 13970.7
0.368468 0.000164782 13538.4
0.383383 0.000161543 13136.2
0.398298 0.000158488 12760.7
0.413213 0.000155599 12409.4
0.428128 0.000152863 12079.8
0.443043 0.000150265 11769.9
0.457958 0.000147788 11477.5
0.472873 0.000145389 11199.6
0.487788 0.000142923 10928.1
0.502703 0.000139866 10636.8
0.517618 0.000134649 10249.8
0.532533 0.000123567 9587.03
0.547447 0.000117128 7070.93
0.562362 0.000126094 3189.9
0.577277 0.000174157 964
0.592192 0.000117506 3518.64
0.607107 0.000145673 923.713
0.622022 0.000111589 3294.08
0.636937 0.00014026 882.95
0.651852 0.000108708 3122.23
0.666767 0.000137169 858.022
0.681682 0.000105798 2984.89
0.696597 0.000134613 824.142
0.711512 0.000102993 2839.32
0.726426 0.000132314 813.103
0.741341 0.000100444 2741.76
0.756256 0.000130123 809.438
0.771171 9.80459e-05 2662.35
0.786086 0.00012798 808.234
0.801001 9.58121e-05 2592.12
0.815916 0.000125936 808.979
0.830831 9.37768e-05 2530.14
0.845746 0.000123973 810.378
0.860661 9.1853e-05 2472.79
0.875576 0.000122118 812.952
0.89049 9.00334e-05 2420.47
0.905405 0.000120383 815.951
0.92032 8.82113e-05 2370.32
0.935235 0.000118791 820.435
0.95015 8.64034e-05 2323.92
0.965065 0.000117324 825.235
0.97998 8.46753e-05 2280.24
0.994895 0.000115924 830.363
1.00981 8.30305e-05 2239.23
1.02472 0.00011458 835.562
1.03964 8.14661e-05 2200.39
1.05455 0.000113283 840.894
1.06947 7.9978e-05 2163.65
1.08438 0.00011203 846.208
1.0993 7.8564e-05 2128.73
1.11421 0.000110814 851.528
1.12913 7.72198e-05 2095.51
1.14404 0.000109633 856.778
1.15896 7.59429e-05 2063.84
1.17387 0.000108482 861.955
1.18879 7.47292e-05 2033.6
1.2037 0.00010736 867.029
1.21862 7.35762e-05 2004.68
1.23353 0.000106263 871.979
1.24845 7.24804e-05 1976.99
1.26336 0.00010519 876.807
1.27828 7.14393e-05 1950.45
1.29319 0.000104139 881.477
1.30811 7.04496e-05 1924.96
1.32302 0.000103109 886.014
1.33794 6.95091e-05 1900.49
1.35285 0.000102098 890.372
1.36777 6.86148e-05 1876.93
1.38268 0.000101106 894.593
1.3976 6.77647e-05 1854.28
1.41251 0.00010013 898.621
1.42743 6.69562e-05 1832.42
1.44234 9.91708e-05 902.514
1.45726 6.61873e-05 1811.38
1.47217 9.82268e-05 906.206
1.48709 6.54557e-05 1791.04
1.502 9.72976e-05 909.766
1.51692 6.47598e-05 1771.42
1.53183 9.63824e-05 913.122
1.54675 6.40974e-05 1752.42
1.56166 9.54805e-05 916.351
1.57658 6.34672e-05 1734.07
1.59149 9.45908e-05 919.372
1.60641 6.28677e-05 1716.26
1.62132 9.37121e-05 922.268
1.63624 6.22979e-05 1699.01
1.65115 9.28423e-05 924.945
1.66607 6.17571e-05 1682.19
1.68098 9.19783e-05 927.484
1.6959 6.12458e-05 1665.81
1.71081 9.11144e-05 929.766
1.72573 6.07654e-05 1649.67
1.74064 9.0241e-05 931.849
1.75556 6.03203e-05 1633.67
1.77047 8.93422e-05 933.555
1.78539 5.99187e-05 1617.42
1.8003 8.83905e-05 934.859
1.81522 5.95781e-05 1600.53
1.83013 8.73434e-05 935.427
1.84505 5.9333e-05 1582.08
1.85996 8.61385e-05 935.009
1.87487 5.92538e-05 1561
1.88979 8.46982e-05 932.914
1.9047 5.94784e-05 1535.5
1.91962 8.29416e-05 928.423
1.93453 6.02442e-05 1503.42
1.94945 8.08015e-05 920.505
1.96436 6.18401e-05 1461.13
1.97928 7.82487e-05 909.848
1.99419 6.43103e-05 1402.88
2.00911 7.54214e-05 902.411
2.02402 6.70014e-05 1322.89
2.03894 7.2773e-05 910.997
2.05385 6.88358e-05 1224.14
2.06877 7.08007e-05 943.836
2.08368 6.94052e-05 1117.79
2.0986 6.95745e-05 997.982
2.11351 6.88624e-05 1012.02
2.12843 6.88293e-05 956.19
2.14334 6.86236e-05 870.915
2.15826 6.83329e-05 779.003
2.17317 6.80303e-05 691.63
2.18809 6.77405e-05 613.425
2.203 6.74681e-05 545.721
2.21792 6.72109e-05 488.325
2.23283 6.69656e-05 440.384
2.24775 6.67294e-05 400.803
2.26266 6.64999e-05 368.435
2.27758 6.62757e-05 342.173
2.29249 6.60556e-05 320.995
2.30741 6.58389e-05 303.987
2.32232 6.56252e-05 290.352
2.33724 6.54142e-05 279.412
2.35215 6.52055e-05 270.601
2.36707 6.49991e-05 263.456
2.38198 6.47948e-05 257.603
2.3969 6.45925e-05 252.745
2.41181 6.43922e-05 248.651
2.42673 6.41938e-05 245.14
2.44164 6.39973e-05 242.074
2.45656 6.38026e-05 239.347
2.47147 6.36098e-05 236.879
2.48639 6.34186e-05 234.61
2.5013 6.32292e-05 232.494
2.51622 6.30415e-05 230.498
2.53113 6.28555e-05 228.596
2.54605 6.26711e-05 226.769
2.56096 6.24883e-05 225.003
2.57588 6.23071e-05 223.288
2.59079 6.21275e-05 221.615
2.60571 6.19494e-05 219.979
2.62062 6.17729e-05 218.375
2.63554 6.15979e-05 216.799
2.65045 6.14243e-05 215.25
2.66537 6.12522e-05 213.724
2.68028 6.10815e-05 212.221
2.6952 6.09123e-05 210.74
2.71011 6.07476e-05 209.284
2.72503 6.05732e-05 212.183
2.73994 6.04179e-05 208.562
2.75485 6.02431e-05 211.825
2.76977 6.00946e-05 206.981
2.78468 5.99162e-05 212.796
2.7996 5.97758e-05 206.069
2.81451 5.9596e-05 212.774
2.82943 5.94627e-05 204.699
2.84434 5.92796e-05 213.483
2.85926 5.91541e-05 203.699
2.87417 5.89689e-05 213.643
2.88909 5.88506e-05 202.459
2.904 5.86624e-05 214.204
2.91892 5.85517e-05 201.428
2.93383 5.8361e-05 214.462
2.94875 5.82575e-05 200.273
2.96366 5.80637e-05 214.939
2.97858 5.79676e-05 199.239
2.99349 5.77711e-05 215.248
3.00841 5.76823e-05 198.146
3.02332 5.74826e-05 215.676
3.03824 5.74011e-05 197.124
3.05315 5.71984e-05 216.01
3.06807 5.71242e-05 196.077
3.08298 5.69182e-05 216.408
3.0979 5.68512e-05 195.076
3.11281 5.66421e-05 216.754
3.12773 5.65823e-05 194.068
3.14264 5.63698e-05 217.133
3.15756 5.63172e-05 193.09
3.17247 5.61013e-05 217.482
3.18739 5.60559e-05 192.115
3.2023 5.58365e-05 217.848
3.21722 5.57983e-05 191.162
3.23213 5.55754e-05 218.196
3.24705 5.55443e-05 190.217
3.26196 5.53178e-05 218.553
3.27688 5.52939e-05 189.289
3.29179 5.50636e-05 218.898
3.30671 5.50468e-05 188.371
3.32162 5.48129e-05 219.247
3.33654 5.48032e-05 187.469
3.35145 5.45654e-05 219.589
3.36637 5.45628e-05 186.576
3.38128 5.43212e-05 219.932
3.3962 5.43257e-05 185.698
3.41111 5.40801e-05 220.269
3.42603 5.40917e-05 184.83
3.44094 5.38421e-05 220.605
3.45586 5.38608e-05 183.974
3.47077 5.36072e-05 220.938
3.48569 5.36329e-05 183.129
3.5006 5.33752e-05 221.269
3.51552 5.3408e-05 182.296
3.53043 5.31461e-05 221.597
3.54535 5.3186e-05 181.473
3.56026 5.29199e-05 221.923
3.57518 5.29668e-05 180.662
3.59009 5.26964e-05 222.246
3.60501 5.27503e-05 179.86
3.61992 5.24757e-05 222.568
3.63483 5.25366e-05 179.068
3.64975 5.22576e-05 222.886
3.66466 5.23256e-05 178.287
3.67958 5.20421e-05 223.203
3.69449 5.21171e-05 177.515
3.70941 5.18292e-05 223.517
3.72432 5.19112e-05 176.753
3.73924 5.16188e-05 223.828
3.75415 5.17079e-05 176
3.76907 5.14109e-05 224.138
3.78398 5.15069e-05 175.256
3.7989 5.12054e-05 224.445
3.81381 5.13084e-05 174.522
3.82873 5.10022e-05 224.751
3.84364 5.11122e-05 173.796
3.85856 5.08013e-05 225.054
3.87347 5.09184e-05 173.079
3.88839 5.06027e-05 225.355
3.9033 5.07268e-05 172.37
3.91822 5.04064e-05 225.654
3.93313 5.05374e-05 171.669
3.94805 5.02122e-05 225.951
3.96296 5.03503e-05 170.977
3.97788 5.00202e-05 226.245
3.99279 5.01653e-05 170.293
4.00771 4.98303e-05 226.538
4.02262 4.99916e-05 169.632
4.03754 4.96273e-05 235.476
4.05245 4.97971e-05 172.121
4.06737 4.94709e-05 220.908
4.08228 4.96233e-05 165.978
4.0972 4.92666e-05 229.55
4.11211 4.94499e-05 168.426
4.12703 4.90859e-05 231.025
4.14194 4.92737e-05 168.205
4.15686 4.89092e-05 229.76
4.17177 4.90974e-05 166.994
4.18669 4.87352e-05 227.499
4.2016 4.89224e-05 165.433
4.21652 4.85632e-05 224.902
4.23143 4.87489e-05 163.761
4.24635 4.83932e-05 222.216
4.26126 4.85771e-05 162.068
4.27618 4.8225e-05 219.529
4.29109 4.84071e-05 160.385
4.30601 4.80585e-05 216.875
4.32092 4.82389e-05 158.725
4.33584 4.78938e-05 214.264
4.35075 4.80724e-05 157.09
4.36567 4.77307e-05 211.7
4.38058 4.79076e-05 155.483
4.3955 4.75732e-05 209.192
4.41041 4.77406e-05 157.257
4.42533 4.74071e-05 210.074
4.44024 4.75854e-05 153.583
4.45516 4.7261e-05 205.546
4.47007 4.74135e-05 160.07
4.48498 4.70879e-05 211.099
4.4999 4.72718e-05 152.68
4.51481 4.69526e-05 202.953
4.52973 4.70952e-05 161.774
4.54464 4.67759e-05 211.023
4.55956 4.69636e-05 151.403
4.57447 4.66515e-05 200.042
4.58939 4.67817e-05 163.941
4.6043 4.64696e-05 211.399
4.61922 4.66617e-05 150.314
4.63413 4.6356e-05 197.368
4.64905 4.64746e-05 165.912
4.66396 4.61694e-05 211.584
4.67888 4.63656e-05 149.18
4.69379 4.60665e-05 194.699
4.70871 4.61729e-05 167.964
4.72362 4.58749e-05 211.844
4.73854 4.60752e-05 148.097
4.75345 4.57826e-05 192.126
4.76837 4.58766e-05 169.979
4.78328 4.55859e-05 212.069
4.7982 4.57902e-05 147.023
4.81311 4.55041e-05 189.608
4.82803 4.55678e-05 171.975
4.84294 4.53565e-05 198.333
4.85786 4.54734e-05 160.255
4.87277 4.51924e-05 200.629
4.88769 4.53409e-05 156.934
4.9026 4.50637e-05 196.772
4.91752 4.51936e-05 160.919
4.93243 4.49194e-05 199.727
4.94735 4.50656e-05 156.797
4.96226 4.47951e-05 195.167
4.97718 4.49186e-05 161.669
4.99209 4.46511e-05 198.923
5.00701 4.47955e-05 156.563
5.02192 4.45318e-05 193.503
5.03684 4.46481e-05 162.527
5.05175 4.43874e-05 198.236
5.06667 4.45304e-05 156.211
5.08158 4.42735e-05 191.763
5.0965 4.43819e-05 163.519
5.11141 4.41281e-05 197.684
5.12633 4.42703e-05 155.717
5.14124 4.40202e-05 189.925
5.15616 4.41197e-05 164.677
5.17107 4.38728e-05 197.295
5.18599 4.40152e-05 155.051
5.2009 4.3772e-05 187.963
5.21582 4.38614e-05 166.043
5.23073 4.36214e-05 197.098
5.24565 4.37651e-05 154.176
5.26056 4.35287e-05 185.848
5.27548 4.36065e-05 167.667
5.29039 4.33736e-05 197.134
5.30531 4.352e-05 153.05
5.32022 4.32904e-05 183.544
5.33514 4.33548e-05 169.613
5.35005 4.31292e-05 197.451
5.36496 4.328e-05 151.623
5.37988 4.30572e-05 181.009
5.39479 4.30895e-05 171.93
5.40971 4.29417e-05 185.188
5.42462 4.30054e-05 165.652
5.43954 4.27896e-05 192.018
5.45445 4.29052e-05 156.415
5.46937 4.26924e-05 183.351
5.48428 4.27658e-05 166.984
5.4992 4.25573e-05 191.86
5.51411 4.26725e-05 155.545
5.52903 4.24666e-05 181.361
5.54394 4.25295e-05 168.575
5.55886 4.23282e-05 191.928
5.57377 4.24442e-05 154.421
5.58869 4.22451e-05 179.183
5.6036 4.22945e-05 170.49
5.61852 4.21075e-05 183.08
5.63343 4.22158e-05 164.606
5.64835 4.20241e-05 186.728
5.66326 4.20641e-05 159.215
5.67818 4.19036e-05 181.506
5.69309 4.19799e-05 165.622
5.70801 4.17956e-05 186.344
5.72292 4.18565e-05 158.686
5.73784 4.16941e-05 179.892
5.75275 4.17481e-05 166.732
5.76767 4.15748e-05 186.054
5.78258 4.16476e-05 158.041
5.7975 4.14863e-05 178.203
5.81241 4.15214e-05 167.991
5.82733 4.13635e-05 185.909
5.84224 4.14375e-05 157.218
5.85716 4.12726e-05 176.369
5.87207 4.13087e-05 169.522
5.88699 4.11616e-05 186.007
5.9019 4.1219e-05 156.083
5.91682 4.10628e-05 174.302
5.93173 4.11023e-05 171.457
5.94665 4.09642e-05 175.275
5.96156 4.1e-05 169.502
5.97648 4.08603e-05 184.261
5.99139 4.08976e-05 156.793
6.00631 4.07644e-05 173.279
6.02122 4.07896e-05 171.349
6.03614 4.06646e-05 173.819
6.05105 4.06901e-05 170.028
6.06597 4.05662e-05 175.307
6.08088 4.05867e-05 167.349
6.0958 4.04693e-05 180.284
6.11071 4.04875e-05 159.991
6.12563 4.0368e-05 173.774
6.14054 4.03891e-05 168.531
6.15546 4.02779e-05 180.148
6.17037 4.02814e-05 159.183
6.18529 4.01865e-05 172.098
6.2002 4.01797e-05 169.932
6.21512 4.00976e-05 180.209
6.23003 4.00737e-05 158.118
6.24494 4.0007e-05 170.237
6.25986 3.99788e-05 171.671
6.27477 3.99151e-05 169.243
6.28969 3.98709e-05 178.35
6.3046 3.98326e-05 159.394
6.31952 3.97763e-05 170.011
6.33443 3.97311e-05 170.718
6.34935 3.96896e-05 169.423
6.36426 3.96356e-05 177.18
6.37918 3.95933e-05 159.78
6.39409 3.95501e-05 169.088
6.40901 3.94978e-05 176.145
6.42392 3.94547e-05 160.482
6.43884 3.94118e-05 168.905
6.45375 3.93607e-05 175.239
6.46867 3.9318e-05 161.027
6.48358 3.92756e-05 168.603
6.4985 3.92254e-05 174.25
6.51341 3.91827e-05 161.698
6.52833 3.91403e-05 168.403
6.54324 3.90912e-05 173.35
6.55816 3.90489e-05 162.261
6.57307 3.90067e-05 168.122
6.58799 3.89586e-05 172.398
6.6029 3.89163e-05 162.91
6.61782 3.88742e-05 167.911
6.63273 3.88271e-05 171.509
6.64765 3.87852e-05 163.484
6.66256 3.87433e-05 167.646
6.67748 3.86972e-05 170.589
6.69239 3.86553e-05 164.117
6.70731 3.86149e-05 167.433
6.72222 3.85682e-05 169.717
6.73714 3.85223e-05 171.205
6.75205 3.84851e-05 162.334
6.76697 3.84455e-05 165.155
6.78188 3.84009e-05 167.065
6.7968 3.83562e-05 168.275
6.81171 3.83144e-05 168.957
6.82663 3.82727e-05 169.238
6.84154 3.82312e-05 169.22
6.85646 3.81897e-05 168.977
6.87137 3.81483e-05 168.566
6.88629 3.8107e-05 168.032
6.9012 3.80659e-05 167.408
6.91612 3.80249e-05 166.717
6.93103 3.79839e-05 165.978
6.94595 3.79432e-05 165.206
6.96086 3.79025e-05 164.41
6.97578 3.7862e-05 163.598
6.99069 3.78216e-05 162.776
7.00561 3.77813e-05 161.948
7.02052 3.77412e-05 161.118
7.03544 3.77011e-05 160.287
7.05035 3.76612e-05 159.458
7.06527 3.76215e-05 158.631
7.08018 3.75818e-05 157.808
7.0951 3.75423e-05 156.989
7.11001 3.75029e-05 156.175
7.12492 3.74636e-05 155.366
7.13984 3.74245e-05 154.563
7.15475 3.73855e-05 153.766
7.16967 3.73465e-05 152.974
7.18458 3.73078e-05 152.188
7.1995 3.72691e-05 151.409
7.21441 3.72306e-05 150.635
7.22933 3.71921e-05 149.867
7.24424 3.71538e-05 149.106
7.25916 3.71156e-05 148.351
7.27407 3.70776e-05 147.601
7.28899 3.70396e-05 146.858
7.3039 3.70018e-05 146.121
7.31882 3.69641e-05 145.39
7.33373 3.69264e-05 144.665
7.34865 3.6889e-05 143.946
7.36356 3.68516e-05 143.233
7.37848 3.68143e-05 142.527
7.39339 3.67772e-05 141.826
7.40831 3.67401e-05 141.131
7.42322 3.67032e-05 140.443
7.43814 3.66664e-05 139.761
7.45305 3.66297e-05 139.085
7.46797 3.65931e-05 138.415
7.48288 3.65566e-05 137.751
7.4978 3.65202e-05 137.093
7.51271 3.64839e-05 136.442
7.52763 3.64478e-05 135.797
7.54254 3.64117e-05 135.158
7.55746 3.63758e-05 134.526
7.57237 3.63399e-05 133.9
7.58729 3.63042e-05 133.281
7.6022 3.62686e-05 132.668
7.61712 3.6233e-05 132.062
7.63203 3.61976e-05 131.463
7.64695 3.61623e-05 130.87
7.66186 3.61271e-05 130.284
7.67678 3.6092e-05 129.706
7.69169 3.6057e-05 129.134
7.70661 3.60221e-05 128.57
7.72152 3.59873e-05 128.013
7.73644 3.59526e-05 127.464
7.75135 3.5918e-05 126.922
7.76627 3.58834e-05 126.388
7.78118 3.5849e-05 125.862
7.7961 3.58147e-05 125.345
7.81101 3.57805e-05 124.835
7.82593 3.57464e-05 124.335
7.84084 3.57124e-05 123.843
7.85576 3.56785e-05 123.36
7.87067 3.56447e-05 122.887
7.88559 3.56109e-05 122.423
7.9005 3.55773e-05 121.969
7.91542 3.55438e-05 121.526
7.93033 3.55103e-05 121.093
7.94525 3.5477e-05 120.671
7.96016 3.54438e-05 120.26
7.97508 3.54106e-05 119.861
7.98999 3.53775e-05 119.474
8.0049 3.53446e-05 119.099
8.01982 3.53117e-05 118.738
8.03473 3.52789e-05 118.39
8.04965 3.52462e-05 118.056
8.06456 3.52136e-05 117.737
8.07948 3.51811e-05 117.433
8.09439 3.51487e-05 117.145
8.10931 3.51163e-05 116.874
8.12422 3.50841e-05 116.619
8.13914 3.50519e-05 116.383
8.15405 3.50199e-05 116.166
8.16897 3.49879e-05 115.968
8.18388 3.4956e-05 115.791
8.1988 3.49242e-05 115.636
8.21371 3.48925e-05 115.503
8.22863 3.48609e-05 115.394
8.24354 3.48293e-05 115.31
8.25846 3.47979e-05 115.251
8.27337 3.47665e-05 115.22
8.28829 3.47352e-05 115.218
8.3032 3.4704e-05 115.245
8.31812 3.46729e-05 115.304
8.33303 3.46419e-05 115.396
8.34795 3.46109e-05 115.523
8.36286 3.45801e-05 115.686
8.37778 3.45493e-05 115.888
8.39269 3.45186e-05 116.13
8.40761 3.4488e-05 116.415
8.42252 3.44575e-05 116.744
8.43744 3.4427e-05 117.12
8.45235 3.43966e-05 117.546
8.46727 3.43664e-05 118.024
8.48218 3.43362e-05 118.556
8.4971 3.43061e-05 119.147
8.51201 3.4276e-05 119.798
8.52693 3.42461e-05 120.513
8.54184 3.42162e-05 121.296
8.55676 3.41864e-05 122.15
8.57167 3.41567e-05 123.079
8.58659 3.41271e-05 124.087
8.6015 3.40976e-05 125.178
8.61642 3.40681e-05 126.357
8.63133 3.40387e-05 127.629
8.64625 3.40095e-05 128.998
8.66116 3.39803e-05 130.469
8.67608 3.39511e-05 132.05
8.69099 3.39221e-05 133.744
8.70591 3.38932e-05 135.559
8.72082 3.38643e-05 137.501
8.73574 3.38355e-05 139.577
8.75065 3.38068e-05 141.794
8.76557 3.37782e-05 144.16
8.78048 3.37497e-05 146.683
8.7954 3.37213e-05 149.372
8.81031 3.3693e-05 152.235
8.82523 3.36648e-05 155.283
8.84014 3.36367e-05 158.525
8.85506 3.36087e-05 161.972
8.86997 3.35807e-05 165.634
8.88488 3.35514e-05 169.52
8.8998 3.34473e-05 173.452
8.91471 3.35906e-05 163.167
8.92963 3.34166e-05 170.995
8.94454 3.34988e-05 169.018
8.95946 3.32606e-05 177.924
8.97437 3.35629e-05 161.991
8.98929 3.32388e-05 175.154
9.0042 3.34618e-05 168.405
9.01912 3.3043e-05 182.924
9.03403 3.3571e-05 160.88
9.04895 3.30333e-05 179.946
9.06386 3.34575e-05 167.649
9.07878 3.27832e-05 188.382
9.09369 3.36267e-05 159.955
9.10861 3.27895e-05 185.44
9.12352 3.34974e-05 166.698
9.13844 3.24681e-05 194.178
9.15335 3.37436e-05 159.38
9.16827 3.2494e-05 191.731
9.18318 3.35957e-05 165.482
9.1981 3.20831e-05 200.137
9.21301 3.39367e-05 159.354
9.22793 3.21289e-05 198.938
9.24284 3.37677e-05 163.914
9.25776 3.16333e-05 206.098
9.27267 3.42035e-05 159.991
9.28759 3.16485e-05 207.011
9.3025 3.40794e-05 162.252
9.31742 3.1197e-05 212.457
9.33233 3.44468e-05 162.025
9.34725 3.10121e-05 216.496
9.36216 3.45549e-05 167.605
9.37708 3.07124e-05 226.136
9.39199 3.43844e-05 174.859
9.40691 3.09668e-05 215.768
9.42182 3.43684e-05 174.781
9.43674 3.07767e-05 220.309
9.45165 3.41959e-05 180.306
9.46657 3.09441e-05 215.798
9.48148 3.41002e-05 182.392
9.4964 3.08939e-05 216.911
9.51131 3.39098e-05 186.621
9.52623 3.1037e-05 214.981
9.54114 3.37468e-05 189.66
9.55606 3.10864e-05 214.881
9.57097 3.35272e-05 193.362
9.58589 3.12354e-05 214.059
9.6008 3.33095e-05 196.758
9.61572 3.13539e-05 213.69
9.63063 3.30596e-05 200.261
9.64555 3.15198e-05 213.338
9.66046 3.28027e-05 203.733
9.67538 3.1681e-05 213.035
9.69029 3.25271e-05 207.134
9.70521 3.18469e-05 212.855
9.72012 3.22107e-05 210.411
9.73504 3.21913e-05 211.304
9.74995 3.21317e-05 213.715
9.76486 3.20833e-05 216.926
9.77978 3.20453e-05 220.579
9.79469 3.20135e-05 224.479
9.80961 3.1985e-05 228.517
9.82452 3.19582e-05 232.63
9.83944 3.19323e-05 236.779
9.85435 3.19067e-05 240.942
9.86927 3.18813e-05 245.102
9.88418 3.18558e-05 249.249
9.8991 3.18302e-05 253.374
9.91401 3.18044e-05 257.469
9.92893 3.17784e-05 261.528
9.94384 3.17522e-05 265.544
9.95876 3.17259e-05 269.511
9.97367 3.16994e-05 273.425
9.98859 3.16727e-05 277.279
10.0035 3.16458e-05 281.069
10.0184 3.16189e-05 284.79
10.0333 3.15919e-05 288.437
10.0482 3.15648e-05 292.006
10.0632 3.15377e-05 295.493
10.0781 3.15105e-05 298.895
10.093 3.14835e-05 302.208
10.1079 3.14564e-05 305.429
10.1228 3.14295e-05 308.557
10.1377 3.14027e-05 311.588
10.1527 3.13761e-05 314.521
10.1676 3.13496e-05 317.355
10.1825 3.13233e-05 320.087
10.1974 3.12972e-05 322.719
10.2123 3.12714e-05 325.248
10.2272 3.12458e-05 327.675
10.2421 3.12205e-05 330
10.2571 3.11954e-05 332.224
10.272 3.11706e-05 334.346
10.2869 3.11461e-05 336.369
10.3018 3.11219e-05 338.293
10.3167 3.10979e-05 340.119
10.3316 3.10742e-05 341.85
10.3465 3.10507e-05 343.486
10.3615 3.10275e-05 345.03
10.3764 3.10046e-05 346.484
10.3913 3.09819e-05 347.85
10.4062 3.09594e-05 349.13
10.4211 3.09371e-05 350.326
10.436 3.09151e-05 351.441
10.451 3.08932e-05 352.478
10.4659 3.08715e-05 353.439
10.4808 3.08499e-05 354.325
10.4957 3.08285e-05 355.141
10.5106 3.08073e-05 355.888
10.5255 3.07861e-05 356.569
10.5404 3.07651e-05 357.187
10.5554 3.07442e-05 357.743
10.5703 3.07234e-05 358.241
10.5852 3.07027e-05 358.683
10.6001 3.06821e-05 359.071
10.615 3.06615e-05 359.408
10.6299 3.0641e-05 359.696
10.6448 3.06205e-05 359.936
10.6598 3.06001e-05 360.132
10.6747 3.05798e-05 360.286
10.6896 3.05595e-05 360.398
10.7045 3.05392e-05 360.473
10.7194 3.05189e-05 360.51
10.7343 3.04987e-05 360.513
10.7492 3.04785e-05 360.483
10.7642 3.04583e-05 360.421
10.7791 3.04382e-05 360.33
10.794 3.0418e-05 360.21
10.8089 3.03979e-05 360.065
10.8238 3.03778e-05 359.893
10.8387 3.03577e-05 359.699
10.8537 3.03377e-05 359.481
10.8686 3.03176e-05 359.243
10.8835 3.02976e-05 358.985
10.8984 3.02775e-05 358.708
10.9133 3.02575e-05 358.413
10.9282 3.02375e-05 358.102
10.9431 3.02175e-05 357.775
10.9581 3.01975e-05 357.433
10.973 3.01776e-05 357.078
10.9879 3.01576e-05 356.709
11.0028 3.01377e-05 356.329
11.0177 3.01178e-05 355.937
11.0326 3.00979e-05 355.535
11.0475 3.0078e-05 355.122
11.0625 3.00582e-05 354.701
11.0774 3.00384e-05 354.27
11.0923 3.00185e-05 353.832
11.1072 2.99988e-05 353.386
11.1221 2.9979e-05 352.933
11.137 2.99592e-05 352.473
11.152 2.99395e-05 352.008
11.1669 2.99198e-05 351.537
11.1818 2.99001e-05 351.061
11.1967 2.98805e-05 350.58
11.2116 2.98609e-05 350.094
11.2265 2.98413e-05 349.604
11.2414 2.98217e-05 349.111
11.2564 2.98021e-05 348.614
11.2713 2.97826e-05 348.114
11.2862 2.97631e-05 347.612
11.3011 2.97437e-05 347.106
11.316 2.97242e-05 346.599
11.3309 2.97048e-05 346.089
11.3458 2.96854e-05 345.577
11.3608 2.96661e-05 345.064
11.3757 2.96468e-05 344.549
11.3906 2.96275e-05 344.032
11.4055 2.96082e-05 343.515
11.4204 2.9589e-05 342.996
11.4353 2.95698e-05 342.477
11.4503 2.95507e-05 341.957
11.4652 2.95315e-05 341.436
11.4801 2.95124e-05 340.915
11.495 2.94934e-05 340.393
11.5099 2.94743e-05 339.872
11.5248 2.94553e-05 339.35
11.5397 2.94364e-05 338.828
11.5547 2.94174e-05 338.306
11.5696 2.93985e-05 337.784
11.5845 2.93796e-05 337.263
11.5994 2.93608e-05 336.742
11.6143 2.9342e-05 336.221
11.6292 2.93232e-05 335.7
11.6441 2.93045e-05 335.18
11.6591 2.92858e-05 334.661
11.674 2.92671e-05 334.142
11.6889 2.92485e-05 333.624
11.7038 2.92299e-05 333.106
11.7187 2.92113e-05 332.59
11.7336 2.91928e-05 332.074
11.7485 2.91743e-05 331.558
11.7635 2.91558e-05 331.044
11.7784 2.91374e-05 330.531
11.7933 2.9119e-05 330.018
11.8082 2.91006e-05 329.506
11.8231 2.90822e-05 328.996
11.838 2.90639e-05 328.486
11.853 2.90457e-05 327.978
11.8679 2.90274e-05 327.47
11.8828 2.90092e-05 326.963
11.8977 2.89911e-05 326.458
11.9126 2.89729e-05 325.953
11.9275 2.89548e-05 325.45
11.9424 2.89367e-05 324.948
11.9574 2.89187e-05 324.447
11.9723 2.89007e-05 323.947
11.9872 2.88827e-05 323.448
12.0021 2.88648e-05 322.951
12.017 2.88469e-05 322.454
12.0319 2.8829e-05 321.959
12.0468 2.88112e-05 321.465
12.0618 2.87934e-05 320.972
12.0767 2.87756e-05 320.481
12.0916 2.87578e-05 319.99
12.1065 2.87401e-05 319.501
12.1214 2.87224e-05 319.013
12.1363 2.87048e-05 318.526
12.1513 2.86872e-05 318.04
12.1662 2.86696e-05 317.556
12.1811 2.8652e-05 317.073
12.196 2.86345e-05 316.591
12.2109 2.8617e-05 316.11
12.2258 2.85996e-05 315.631
12.2407 2.85822e-05 315.153
12.2557 2.85648e-05 314.676
12.2706 2.85474e-05 314.2
12.2855 2.85301e-05 313.725
12.3004 2.85128e-05 313.252
12.3153 2.84955e-05 312.78
12.3302 2.84783e-05 312.309
12.3451 2.84611e-05 311.839
12.3601 2.84439e-05 311.371
12.375 2.84267e-05 310.904
12.3899 2.84096e-05 310.438
12.4048 2.83925e-05 309.973
12.4197 2.83755e-05 309.51
12.4346 2.83585e-05 309.047
12.4495 2.83415e-05 308.586
12.4645 2.83245e-05 308.126
12.4794 2.83076e-05 307.668
12.4943 2.82907e-05 307.21
12.5092 2.82738e-05 306.754
12.5241 2.8257e-05 306.299
12.539 2.82402e-05 305.845
12.554 2.82234e-05 305.392
12.5689 2.82066e-05 304.941
12.5838 2.81899e-05 304.49
12.5987 2.81732e-05 304.041
12.6136 2.81566e-05 303.593
12.6285 2.81399e-05 303.146
12.6434 2.81233e-05 302.701
12.6584 2.81068e-05 302.256
12.6733 2.80902e-05 301.813
12.6882 2.80737e-05 301.371
12.7031 2.80572e-05 300.93
12.718 2.80408e-05 300.49
12.7329 2.80243e-05 300.052
12.7478 2.80079e-05 299.614
12.7628 2.79916e-05 299.178
12.7777 2.79752e-05 298.742
12.7926 2.79589e-05 298.308
12.8075 2.79426e-05 297.875
12.8224 2.79264e-05 297.444
12.8373 2.79102e-05 297.013
12.8523 2.7894e-05 296.583
12.8672 2.78778e-05 296.155
12.8821 2.78616e-05 295.727
12.897 2.78455e-05 295.301
12.9119 2.78294e-05 294.876
12.9268 2.78134e-05 294.452
12.9417 2.77974e-05 294.029
12.9567 2.77814e-05 293.607
12.9716 2.77654e-05 293.186
12.9865 2.77494e-05 292.767
13.0014 2.77335e-05 292.348
13.0163 2.77176e-05 291.931
13.0312 2.77017e-05 291.514
13.0461 2.76859e-05 291.099
13.0611 2.76701e-05 290.685
13.076 2.76543e-05 290.271
13.0909 2.76386e-05 289.859
13.1058 2.76228e-05 289.448
13.1207 2.76071e-05 289.038
13.1356 2.75914e-05 288.629
13.1506 2.75758e-05 288.221
13.1655 2.75602e-05 287.814
13.1804 2.75446e-05 287.408
13.1953 2.7529e-05 287.003
13.2102 2.75134e-05 286.599
13.2251 2.74979e-05 286.197
13.24 2.74824e-05 285.795
13.255 2.7467e-05 285.394
13.2699 2.74515e-05 284.994
13.2848 2.74361e-05 284.595
13.2997 2.74207e-05 284.198
13.3146 2.74054e-05 283.801
13.3295 2.739e-05 283.405
13.3444 2.73747e-05 283.011
13.3594 2.73594e-05 282.617
13.3743 2.73442e-05 282.224
13.3892 2.73289e-05 281.832
13.4041 2.73137e-05 281.441
13.419 2.72985e-05 281.052
13.4339 2.72834e-05 280.663
13.4488 2.72683e-05 280.275
13.4638 2.72531e-05 279.888
13.4787 2.72381e-05 279.502
13.4936 2.7223e-05 279.117
13.5085 2.7208e-05 278.733
13.5234 2.7193e-05 278.35
13.5383 2.7178e-05 277.968
13.5533 2.7163e-05 277.587
13.5682 2.71481e-05 277.207
13.5831 2.71332e-05 276.827
13.598 2.71183e-05 276.449
13.6129 2.71034e-05 276.072
13.6278 2.70886e-05 275.695
13.6427 2.70738e-05 275.32
13.6577 2.7059e-05 274.945
13.6726 2.70442e-05 274.571
13.6875 2.70295e-05 274.199
13.7024 2.70148e-05 273.827
13.7173 2.70001e-05 273.456
13.7322 2.69854e-05 273.086
13.7471 2.69708e-05 272.717
13.7621 2.69562e-05 272.349
13.777 2.69416e-05 271.981
13.7919 2.6927e-05 271.615
13.8068 2.69125e-05 271.249
13.8217 2.68979e-05 270.885
13.8366 2.68834e-05 270.521
13.8516 2.68689e-05 270.158
13.8665 2.68545e-05 269.796
13.8814 2.68401e-05 269.435
13.8963 2.68257e-05 269.075
13.9112 2.68113e-05 268.715
13.9261 2.67969e-05 268.357
13.941 2.67826e-05 267.999
13.956 2.67683e-05 267.642
13.9709 2.6754e-05 267.286
13.9858 2.67397e-05 266.931
14.0007 2.67254e-05 266.577
14.0156 2.67112e-05 266.224
14.0305 2.6697e-05 265.871
14.0454 2.66828e-05 265.52
14.0604 2.66687e-05 265.169
14.0753 2.66546e-05 264.819
14.0902 2.66404e-05 264.47
14.1051 2.66264e-05 264.121
14.12 2.66123e-05 263.774
14.1349 2.65982e-05 263.427
14.1498 2.65842e-05 263.081
14.1648 2.65702e-05 262.736
14.1797 2.65562e-05 262.392
14.1946 2.65423e-05 262.049
14.2095 2.65284e-05 261.706
14.2244 2.65144e-05 261.365
14.2393 2.65006e-05 261.024
14.2543 2.64867e-05 260.683
14.2692 2.64728e-05 260.344
14.2841 2.6459e-05 260.006
14.299 2.64452e-05 259.668
14.3139 2.64314e-05 259.331
14.3288 2.64177e-05 258.995
14.3437 2.64039e-05 258.659
14.3587 2.63902e-05 258.325
14.3736 2.63765e-05 257.991
14.3885 2.63628e-05 257.658
14.4034 2.63492e-05 257.326
14.4183 2.63356e-05 256.994
14.4332 2.6322e-05 256.664
14.4481 2.63084e-05 256.334
14.4631 2.62948e-05 256.004
14.478 2.62812e-05 255.676
14.4929 2.62677e-05 255.348
14.5078 2.62542e-05 255.022
14.5227 2.62407e-05 254.695
14.5376 2.62273e-05 254.37
14.5526 2.62138e-05 254.046
14.5675 2.62004e-05 253.722
14.5824 2.6187e-05 253.399
14.5973 2.61736e-05 253.076
14.6122 2.61603e-05 252.755
14.6271 2.61469e-05 252.434
14.642 2.61336e-05 252.114
14.657 2.61203e-05 251.794
14.6719 2.6107e-05 251.475
14.6868 2.60938e-05 251.158
14.7017 2.60805e-05 250.84
14.7166 2.60673e-05 250.524
14.7315 2.60541e-05 250.208
14.7464 2.60409e-05 249.893
14.7614 2.60278e-05 249.579
14.7763 2.60146e-05 249.265
14.7912 2.60015e-05 248.952
14.8061 2.59884e-05 248.64
14.821 2.59753e-05 248.329
14.8359 2.59623e-05 248.018
14.8509 2.59493e-05 247.708
14.8658 2.59364e-05 247.4
14.8807 2.59238e-05 247.093
14.8956 2.59116e-05 246.79
14.9105 2.59001e-05 246.491
14.9254 2.58897e-05 246.201
14.9403 2.58808e-05 245.922
14.9553 2.58738e-05 245.658
14.9702 2.58684e-05 245.41
14.9851 2.58645e-05 245.176
15 2.58612e-05 244.953
