0.1 0.000317433 11889.3
0.114915 0.000290136 49831.5
0.12983 0.000280081 24697.4
0.144745 0.000261651 30589.9
0.15966 0.000250901 24478
0.174575 0.000239028 24553.4
0.189489 0.000229888 22248.9
0.204404 0.000221108 21355.3
0.219319 0.000213575 20060.6
0.234234 0.000206604 19152.4
0.249149 0.000200354 18231.6
0.264064 0.000194598 17455.7
0.278979 0.000189332 16730.2
0.293894 0.000184462 16081.9
0.308809 0.000179954 15484.4
0.323724 0.000175758 14938.6
0.338639 0.000171845 14434.5
0.353554 0.00016818 13969
0.368468 0.000164742 13536.8
0.383383 0.000161505 13134.7
0.398298 0.000158452 12759.3
0.413213 0.000155566 12408.1
0.428128 0.000152833 12078.6
0.443043 0.000150238 11768.8
0.457958 0.000147771 11477
0.472873 0.000145422 11201.5
0.487788 0.000143181 10941
0.502703 0.000141041 10694.2
0.517618 0.000138994 10460
0.532533 0.000137029 10237.4
0.547447 0.000134556 10008.6
0.562362 0.000132533 8428.32
0.577277 0.000131215 5187.19
0.592192 0.000132354 1413.82
0.607107 0.000126539 3149.38
0.622022 0.000129049 869.786
0.636937 0.000122843 3325.86
0.651852 0.000126312 858.694
0.666767 0.00011999 3209.55
0.681682 0.000123583 840.362
0.696597 0.000117344 3087.98
0.711512 0.000121013 826.429
0.726426 0.000114839 2981.61
0.741341 0.000118606 778.485
0.756256 0.000112547 2821.08
0.771171 0.000116301 757.199
0.786086 0.000110364 2714.87
0.801001 0.000114147 749.722
0.815916 0.000108283 2638.31
0.830831 0.000112123 745.043
0.845746 0.00010631 2570.8
0.860661 0.000110208 742.636
0.875576 0.000104437 2510.78
0.89049 0.000108392 741.477
0.905405 0.000102657 2456.04
0.92032 0.000106665 741.296
0.935235 0.000100962 2405.74
0.95015 0.00010502 741.754
0.965065 9.93461e-05 2359.02
0.97998 0.000103451 742.721
0.994895 9.78034e-05 2315.42
1.00981 0.000101952 744.045
1.02472 9.63289e-05 2274.46
1.03964 0.000100518 745.657
1.05455 9.49176e-05 2235.87
1.06947 9.91439e-05 747.475
1.08438 9.35654e-05 2199.36
1.0993 9.78256e-05 749.462
1.11421 9.22683e-05 2164.73
1.12913 9.65595e-05 751.57
1.14404 9.10227e-05 2131.78
1.15896 9.53421e-05 753.777
1.17387 8.98254e-05 2100.37
1.18879 9.41702e-05 756.053
1.2037 8.86735e-05 2070.37
1.21862 9.30411e-05 758.386
1.23353 8.75642e-05 2041.66
1.24845 9.1952e-05 760.755
1.26336 8.64951e-05 2014.15
1.27828 9.09008e-05 763.154
1.29319 8.54637e-05 1987.74
1.30811 8.9885e-05 765.568
1.32302 8.4468e-05 1962.35
1.33794 8.89028e-05 767.993
1.35285 8.35061e-05 1937.92
1.36777 8.79523e-05 770.42
1.38268 8.25762e-05 1914.38
1.3976 8.70317e-05 772.847
1.41251 8.16765e-05 1891.68
1.42743 8.61395e-05 775.265
1.44234 8.08055e-05 1869.76
1.45726 8.52742e-05 777.676
1.47217 7.99618e-05 1848.59
1.48709 8.44343e-05 780.073
1.502 7.9144e-05 1828.1
1.51692 8.36186e-05 782.457
1.53183 7.8351e-05 1808.27
1.54675 8.28259e-05 784.823
1.56166 7.75816e-05 1789.04
1.57658 8.2055e-05 787.173
1.59149 7.68347e-05 1770.4
1.60641 8.13048e-05 789.505
1.62132 7.61095e-05 1752.27
1.63624 8.0574e-05 791.821
1.65115 7.54054e-05 1734.63
1.66607 7.98614e-05 794.122
1.68098 7.47217e-05 1717.41
1.6959 7.91655e-05 796.416
1.71081 7.40587e-05 1700.49
1.72573 7.84841e-05 798.712
1.74064 7.34169e-05 1683.74
1.75556 7.78145e-05 801.032
1.77047 7.27982e-05 1666.91
1.78539 7.71519e-05 803.414
1.8003 7.22068e-05 1649.55
1.81522 7.64892e-05 805.933
1.83013 7.16499e-05 1630.94
1.84505 7.58147e-05 808.725
1.85996 7.11402e-05 1609.83
1.87487 7.51116e-05 812.057
1.88979 7.06966e-05 1584.19
1.9047 7.43587e-05 816.447
1.91962 7.03426e-05 1550.92
1.93453 7.35377e-05 822.891
1.94945 7.00952e-05 1505.87
1.96436 7.26498e-05 833.189
1.97928 6.99417e-05 1444.83
1.99419 7.17312e-05 850.151
2.00911 6.98219e-05 1365.73
2.02402 7.08464e-05 877.099
2.03894 6.96518e-05 1270.97
2.05385 7.0054e-05 916.484
2.06877 6.93797e-05 1167.23
2.08368 6.93751e-05 968.701
2.0986 6.90122e-05 1062.59
2.11351 6.8789e-05 1043.69
2.12843 6.85541e-05 969.076
2.14334 6.83152e-05 874.787
2.15826 6.80768e-05 779.267
2.17317 6.78406e-05 690.783
2.18809 6.76073e-05 612.446
2.203 6.73768e-05 544.917
2.21792 6.7149e-05 487.741
2.23283 6.69237e-05 439.983
2.24775 6.67009e-05 400.535
2.26266 6.64804e-05 368.258
2.27758 6.62622e-05 342.056
2.29249 6.60462e-05 320.917
2.30741 6.58323e-05 303.935
2.32232 6.56205e-05 290.317
2.33724 6.54108e-05 279.388
2.35215 6.5203e-05 270.585
2.36707 6.49973e-05 263.444
2.38198 6.47934e-05 257.594
2.3969 6.45915e-05 252.739
2.41181 6.43915e-05 248.647
2.42673 6.41933e-05 245.137
2.44164 6.39969e-05 242.071
2.45656 6.38024e-05 239.345
2.47147 6.36095e-05 236.878
2.48639 6.34185e-05 234.609
2.5013 6.32291e-05 232.494
2.51622 6.30414e-05 230.498
2.53113 6.28554e-05 228.596
2.54605 6.2671e-05 226.769
2.56096 6.24883e-05 225.003
2.57588 6.23071e-05 223.288
2.59079 6.21275e-05 221.615
2.60571 6.19494e-05 219.979
2.62062 6.17729e-05 218.375
2.63554 6.15979e-05 216.799
2.65045 6.14243e-05 215.249
2.66537 6.12522e-05 213.724
2.68028 6.10815e-05 212.221
2.6952 6.09123e-05 210.739
2.71011 6.07445e-05 209.278
2.72503 6.05778e-05 212.199
2.73994 6.0413e-05 208.562
2.75485 6.02489e-05 211.836
2.76977 6.00869e-05 206.973
2.78468 5.99253e-05 212.824
2.7996 5.9766e-05 206.065
2.81451 5.96068e-05 212.798
2.82943 5.94502e-05 204.689
2.84434 5.92933e-05 213.522
2.85926 5.91393e-05 203.693
2.87417 5.89848e-05 213.682
2.88909 5.88333e-05 202.448
2.904 5.8681e-05 214.256
2.91892 5.8532e-05 201.418
2.93383 5.83818e-05 214.515
2.94875 5.82353e-05 200.26
2.96366 5.80872e-05 215.004
2.97858 5.7943e-05 199.227
2.99349 5.77969e-05 215.316
3.00841 5.76551e-05 198.13
3.02332 5.7511e-05 215.754
3.03824 5.73715e-05 197.109
3.05315 5.72293e-05 216.093
3.06807 5.7092e-05 196.06
3.08298 5.69517e-05 216.501
3.0979 5.68165e-05 195.058
3.11281 5.66781e-05 216.852
3.12773 5.6545e-05 194.048
3.14264 5.64084e-05 217.24
3.15756 5.62774e-05 193.07
3.17247 5.61424e-05 217.596
3.18739 5.60135e-05 192.092
3.2023 5.58803e-05 217.971
3.21722 5.57533e-05 191.139
3.23213 5.56217e-05 218.327
3.24705 5.54967e-05 190.192
3.26196 5.53667e-05 218.692
3.27688 5.52436e-05 189.264
3.29179 5.51152e-05 219.045
3.30671 5.4994e-05 188.344
3.32162 5.48671e-05 219.403
3.33654 5.47477e-05 187.44
3.35145 5.46223e-05 219.753
3.36637 5.45046e-05 186.547
3.38128 5.43807e-05 220.105
3.3962 5.42648e-05 185.667
3.41111 5.41423e-05 220.451
3.42603 5.40282e-05 184.797
3.44094 5.3907e-05 220.796
3.45586 5.37946e-05 183.941
3.47077 5.36748e-05 221.138
3.48569 5.3564e-05 183.094
3.5006 5.34455e-05 221.478
3.51552 5.33364e-05 182.26
3.53043 5.32191e-05 221.815
3.54535 5.31116e-05 181.436
3.56026 5.29956e-05 222.151
3.57518 5.28897e-05 180.623
3.59009 5.27749e-05 222.484
3.60501 5.26705e-05 179.819
3.61992 5.25569e-05 222.814
3.63483 5.2454e-05 179.027
3.64975 5.23416e-05 223.143
3.66466 5.22402e-05 178.244
3.67958 5.21289e-05 223.469
3.69449 5.20289e-05 177.471
3.70941 5.19188e-05 223.793
3.72432 5.18203e-05 176.707
3.73924 5.17112e-05 224.115
3.75415 5.16141e-05 175.953
3.76907 5.15061e-05 224.435
3.78398 5.14103e-05 175.208
3.7989 5.13033e-05 224.753
3.81381 5.1209e-05 174.472
3.82873 5.1103e-05 225.069
3.84364 5.101e-05 173.745
3.85856 5.0905e-05 225.382
3.87347 5.08133e-05 173.026
3.88839 5.07093e-05 225.694
3.9033 5.06188e-05 172.316
3.91822 5.05158e-05 226.004
3.93313 5.04266e-05 171.614
3.94805 5.03245e-05 226.312
3.96296 5.02366e-05 170.921
3.97788 5.01353e-05 226.618
3.99279 5.00487e-05 170.235
4.00771 4.99483e-05 226.922
4.02262 4.98631e-05 169.557
4.03754 4.97629e-05 235.719
4.05245 4.9679e-05 172.005
4.06737 4.95808e-05 221.375
4.08228 4.94974e-05 165.942
4.0972 4.93993e-05 229.822
4.11211 4.93177e-05 168.3
4.12703 4.92204e-05 231.212
4.14194 4.91399e-05 168.045
4.15686 4.90435e-05 229.91
4.17177 4.89639e-05 166.822
4.18669 4.88684e-05 227.633
4.2016 4.87898e-05 165.258
4.21652 4.86953e-05 225.029
4.23143 4.86175e-05 163.587
4.24635 4.8524e-05 222.339
4.26126 4.8447e-05 161.896
4.27618 4.83545e-05 219.649
4.29109 4.82783e-05 160.215
4.30601 4.81867e-05 216.992
4.32092 4.81113e-05 158.558
4.33584 4.80207e-05 214.379
4.35075 4.79461e-05 156.926
4.36567 4.78564e-05 211.813
4.38058 4.77825e-05 155.322
4.3955 4.76938e-05 209.294
4.41041 4.76205e-05 156.946
4.42533 4.75327e-05 210.039
4.44024 4.74604e-05 153.369
4.45516 4.73737e-05 205.576
4.47007 4.73014e-05 159.846
4.48498 4.72154e-05 211.163
4.4999 4.71449e-05 152.498
4.51481 4.70598e-05 203.004
4.52973 4.69888e-05 161.531
4.54464 4.69044e-05 211.075
4.55956 4.68355e-05 151.215
4.57447 4.67521e-05 200.072
4.58939 4.66822e-05 163.73
4.6043 4.65995e-05 211.491
4.61922 4.65321e-05 150.138
4.63413 4.64503e-05 197.395
4.64905 4.63815e-05 165.712
4.66396 4.63004e-05 211.692
4.67888 4.62346e-05 149.008
4.69379 4.61543e-05 194.716
4.70871 4.60865e-05 167.785
4.72362 4.6007e-05 211.98
4.73854 4.59427e-05 147.932
4.75345 4.5864e-05 192.136
4.76837 4.57971e-05 169.819
4.78328 4.57191e-05 212.228
4.7982 4.56562e-05 146.864
4.81311 4.5579e-05 189.61
4.82803 4.55126e-05 171.868
4.84294 4.54382e-05 198.696
4.85786 4.5374e-05 159.644
4.87277 4.52982e-05 200.29
4.88769 4.52355e-05 157.148
4.9026 4.51604e-05 197.184
4.91752 4.50978e-05 160.246
4.93243 4.50235e-05 199.331
4.94735 4.49619e-05 157.081
4.96226 4.48882e-05 195.634
4.97718 4.48266e-05 160.927
4.99209 4.47536e-05 198.466
5.00701 4.46932e-05 156.922
5.02192 4.46209e-05 194.029
5.03684 4.45603e-05 161.71
5.05175 4.44886e-05 197.713
5.06667 4.44292e-05 156.651
5.08158 4.43583e-05 192.35
5.0965 4.42986e-05 162.62
5.11141 4.42282e-05 197.093
5.12633 4.41699e-05 156.239
5.14124 4.41003e-05 190.574
5.15616 4.40414e-05 163.694
5.17107 4.39724e-05 196.634
5.18599 4.39152e-05 155.652
5.2009 4.38468e-05 188.671
5.21582 4.37886e-05 164.977
5.23073 4.37209e-05 196.372
5.24565 4.36647e-05 154.85
5.26056 4.35976e-05 186.605
5.27548 4.35402e-05 166.525
5.29039 4.34736e-05 196.352
5.30531 4.34186e-05 153.781
5.32022 4.33526e-05 184.333
5.33514 4.32958e-05 168.414
5.35005 4.32305e-05 196.634
5.36496 4.31766e-05 152.383
5.37988 4.31118e-05 181.803
5.39479 4.30551e-05 170.739
5.40971 4.29928e-05 187.236
5.42462 4.29376e-05 162.82
5.43954 4.2874e-05 189.74
5.45445 4.28203e-05 159.073
5.46937 4.27573e-05 185.821
5.48428 4.27033e-05 163.554
5.4992 4.26408e-05 189.085
5.51411 4.2588e-05 158.812
5.52903 4.25261e-05 184.337
5.54394 4.24728e-05 164.41
5.55886 4.24114e-05 188.548
5.57377 4.23594e-05 158.418
5.58869 4.22986e-05 182.763
5.6036 4.22459e-05 165.422
5.61852 4.21857e-05 188.156
5.63343 4.21345e-05 157.858
5.64835 4.20748e-05 181.071
5.66326 4.20226e-05 166.631
5.67818 4.19635e-05 187.939
5.69309 4.19132e-05 157.091
5.70801 4.18545e-05 179.229
5.72292 4.18028e-05 168.093
5.73784 4.17447e-05 187.94
5.75275 4.16953e-05 156.068
5.76767 4.16377e-05 177.198
5.78258 4.15864e-05 169.879
5.7975 4.15293e-05 188.211
5.81241 4.14808e-05 154.73
5.82733 4.14242e-05 174.928
5.84224 4.13727e-05 172.079
5.85716 4.13191e-05 176.08
5.87207 4.12682e-05 169.856
5.88699 4.12126e-05 186.397
5.9019 4.1165e-05 155.494
5.91682 4.11098e-05 173.909
5.93173 4.10594e-05 171.948
5.94665 4.10071e-05 174.616
5.96156 4.09572e-05 170.372
5.97648 4.09035e-05 176.485
5.99139 4.08555e-05 167.156
6.00631 4.08023e-05 181.876
6.02122 4.07539e-05 159.3
6.03614 4.07017e-05 174.89
6.05105 4.06532e-05 168.395
6.06597 4.06005e-05 181.756
6.08088 4.05542e-05 158.478
6.0958 4.05019e-05 173.145
6.11071 4.04541e-05 169.896
6.12563 4.04023e-05 181.852
6.14054 4.03568e-05 157.389
6.15546 4.03054e-05 171.206
6.17037 4.02572e-05 171.737
6.18529 4.02088e-05 170.685
6.2002 4.01602e-05 172.003
6.21512 4.01123e-05 169.778
6.23003 4.00634e-05 179.847
6.24494 4.00175e-05 158.341
6.25986 3.99672e-05 170.18
6.27477 3.99216e-05 171.481
6.28969 3.98734e-05 169.284
6.3046 3.9826e-05 178.124
6.31952 3.97801e-05 159.449
6.33443 3.97327e-05 169.811
6.34935 3.96845e-05 177.75
6.36426 3.96407e-05 159.249
6.37918 3.95928e-05 168.905
6.39409 3.95455e-05 176.263
6.40901 3.95019e-05 160.558
6.42392 3.94547e-05 169.203
6.43884 3.9408e-05 175.729
6.45375 3.93647e-05 160.59
6.46867 3.9318e-05 168.495
6.48358 3.92719e-05 174.421
6.4985 3.92288e-05 161.695
6.51341 3.91827e-05 168.635
6.52833 3.91372e-05 173.78
6.54324 3.90943e-05 161.892
6.55816 3.90488e-05 168.068
6.57307 3.90038e-05 172.604
6.58799 3.89612e-05 162.851
6.6029 3.89163e-05 168.098
6.61782 3.88719e-05 171.897
6.63273 3.88295e-05 163.164
6.64765 3.87851e-05 167.631
6.66256 3.87412e-05 170.818
6.67748 3.8699e-05 164.018
6.69239 3.86553e-05 167.584
6.70731 3.86119e-05 170.07
6.72222 3.85699e-05 164.412
6.73714 3.85267e-05 167.189
6.75205 3.84841e-05 169.066
6.76697 3.84413e-05 170.251
6.78188 3.83999e-05 163.247
6.7968 3.83572e-05 165.387
6.81171 3.83152e-05 166.781
6.82663 3.82734e-05 167.605
6.84154 3.82316e-05 167.995
6.85646 3.819e-05 168.06
6.87137 3.81486e-05 167.881
6.88629 3.81072e-05 167.521
6.9012 3.8066e-05 167.026
6.91612 3.8025e-05 166.432
6.93103 3.7984e-05 165.766
6.94595 3.79432e-05 165.048
6.96086 3.79026e-05 164.292
6.97578 3.7862e-05 163.511
6.99069 3.78216e-05 162.711
7.00561 3.77813e-05 161.9
7.02052 3.77412e-05 161.082
7.03544 3.77011e-05 160.26
7.05035 3.76612e-05 159.438
7.06527 3.76215e-05 158.616
7.08018 3.75818e-05 157.797
7.0951 3.75423e-05 156.981
7.11001 3.75029e-05 156.169
7.12492 3.74636e-05 155.362
7.13984 3.74245e-05 154.56
7.15475 3.73855e-05 153.763
7.16967 3.73465e-05 152.972
7.18458 3.73078e-05 152.187
7.1995 3.72691e-05 151.408
7.21441 3.72306e-05 150.634
7.22933 3.71921e-05 149.867
7.24424 3.71538e-05 149.106
7.25916 3.71156e-05 148.35
7.27407 3.70776e-05 147.601
7.28899 3.70396e-05 146.858
7.3039 3.70018e-05 146.121
7.31882 3.6964e-05 145.39
7.33373 3.69264e-05 144.665
7.34865 3.68889e-05 143.946
7.36356 3.68516e-05 143.233
7.37848 3.68143e-05 142.527
7.39339 3.67772e-05 141.826
7.40831 3.67401e-05 141.131
7.42322 3.67032e-05 140.443
7.43814 3.66664e-05 139.761
7.45305 3.66297e-05 139.085
7.46797 3.65931e-05 138.415
7.48288 3.65566e-05 137.751
7.4978 3.65202e-05 137.093
7.51271 3.64839e-05 136.442
7.52763 3.64478e-05 135.797
7.54254 3.64117e-05 135.158
7.55746 3.63758e-05 134.526
7.57237 3.63399e-05 133.9
7.58729 3.63042e-05 133.281
7.6022 3.62686e-05 132.668
7.61712 3.6233e-05 132.062
7.63203 3.61976e-05 131.462
7.64695 3.61623e-05 130.87
7.66186 3.61271e-05 130.284
7.67678 3.6092e-05 129.706
7.69169 3.6057e-05 129.134
7.70661 3.6022e-05 128.57
7.72152 3.59872e-05 128.013
7.73644 3.59525e-05 127.464
7.75135 3.59179e-05 126.922
7.76627 3.58834e-05 126.388
7.78118 3.5849e-05 125.862
7.7961 3.58147e-05 125.345
7.81101 3.57805e-05 124.835
7.82593 3.57464e-05 124.335
7.84084 3.57124e-05 123.843
7.85576 3.56785e-05 123.36
7.87067 3.56446e-05 122.887
7.88559 3.56109e-05 122.423
7.9005 3.55773e-05 121.969
7.91542 3.55437e-05 121.526
7.93033 3.55103e-05 121.093
7.94525 3.5477e-05 120.671
7.96016 3.54437e-05 120.26
7.97508 3.54105e-05 119.86
7.98999 3.53775e-05 119.473
8.0049 3.53445e-05 119.099
8.01982 3.53116e-05 118.737
8.03473 3.52788e-05 118.39
8.04965 3.52461e-05 118.056
8.06456 3.52135e-05 117.737
8.07948 3.5181e-05 117.433
8.09439 3.51486e-05 117.145
8.10931 3.51162e-05 116.873
8.12422 3.5084e-05 116.619
8.13914 3.50518e-05 116.383
8.15405 3.50198e-05 116.165
8.16897 3.49878e-05 115.968
8.18388 3.49559e-05 115.791
8.1988 3.49241e-05 115.635
8.21371 3.48924e-05 115.503
8.22863 3.48607e-05 115.393
8.24354 3.48292e-05 115.309
8.25846 3.47977e-05 115.251
8.27337 3.47663e-05 115.219
8.28829 3.4735e-05 115.217
8.3032 3.47038e-05 115.244
8.31812 3.46727e-05 115.303
8.33303 3.46416e-05 115.395
8.34795 3.46107e-05 115.522
8.36286 3.45798e-05 115.685
8.37778 3.4549e-05 115.886
8.39269 3.45183e-05 116.128
8.40761 3.44877e-05 116.413
8.42252 3.44571e-05 116.742
8.43744 3.44267e-05 117.118
8.45235 3.43963e-05 117.544
8.46727 3.4366e-05 118.021
8.48218 3.43357e-05 118.554
8.4971 3.43056e-05 119.144
8.51201 3.42755e-05 119.795
8.52693 3.42455e-05 120.51
8.54184 3.42156e-05 121.293
8.55676 3.41858e-05 122.147
8.57167 3.4156e-05 123.075
8.58659 3.41264e-05 124.083
8.6015 3.40968e-05 125.174
8.61642 3.40672e-05 126.352
8.63133 3.40378e-05 127.623
8.64625 3.40084e-05 128.991
8.66116 3.39791e-05 130.463
8.67608 3.39499e-05 132.042
8.69099 3.39208e-05 133.736
8.70591 3.38917e-05 135.55
8.72082 3.38627e-05 137.491
8.73574 3.38338e-05 139.565
8.75065 3.3805e-05 141.781
8.76557 3.37762e-05 144.146
8.78048 3.37475e-05 146.668
8.7954 3.37189e-05 149.355
8.81031 3.36903e-05 152.216
8.82523 3.36619e-05 155.262
8.84014 3.36335e-05 158.501
8.85506 3.36051e-05 161.945
8.86997 3.35769e-05 165.604
8.88488 3.35487e-05 169.49
8.8998 3.35181e-05 173.613
8.91471 3.34955e-05 162.709
8.92963 3.34629e-05 170.753
8.94454 3.34385e-05 169.223
8.95946 3.34039e-05 178.469
8.97437 3.33867e-05 160.827
8.98929 3.33496e-05 174.5
9.0042 3.33298e-05 169.016
9.01912 3.32895e-05 184.106
9.03403 3.32804e-05 158.646
9.04895 3.32366e-05 178.618
9.06386 3.32233e-05 168.922
9.07878 3.31745e-05 190.585
9.09369 3.3177e-05 156.144
9.10861 3.31233e-05 183.046
9.12352 3.31193e-05 169.006
9.13844 3.30582e-05 197.972
9.15335 3.30772e-05 153.301
9.16827 3.30095e-05 187.699
9.18318 3.30183e-05 169.345
9.1981 3.29393e-05 206.344
9.21301 3.29822e-05 150.097
9.22793 3.28946e-05 192.471
9.24284 3.29169e-05 170.02
9.25776 3.28288e-05 206.757
9.27267 3.28852e-05 156.123
9.28759 3.27671e-05 206.831
9.3025 3.28382e-05 159.463
9.31742 3.27031e-05 214.748
9.33233 3.2798e-05 158.928
9.34725 3.26428e-05 218.967
9.36216 3.27553e-05 164.079
9.37708 3.25789e-05 229.281
9.39199 3.27063e-05 171.673
9.40691 3.25289e-05 227.385
9.42182 3.26556e-05 174.837
9.43674 3.24764e-05 226.269
9.45165 3.26044e-05 178.365
9.46657 3.24257e-05 224.586
9.48148 3.25525e-05 181.729
9.4964 3.23757e-05 223.34
9.51131 3.24996e-05 185.317
9.52623 3.23276e-05 221.796
9.54114 3.24458e-05 188.82
9.55606 3.22809e-05 220.505
9.57097 3.23905e-05 192.455
9.58589 3.22363e-05 219.068
9.6008 3.23338e-05 196.04
9.61572 3.21936e-05 217.785
9.63063 3.22751e-05 199.695
9.64555 3.21536e-05 216.442
9.66046 3.22145e-05 203.309
9.67538 3.21159e-05 215.203
9.69029 3.21516e-05 206.944
9.70521 3.20812e-05 213.954
9.72012 3.20825e-05 210.525
9.73504 3.2055e-05 210.912
9.74995 3.20289e-05 213.176
9.76486 3.20036e-05 216.385
9.77978 3.19788e-05 220.077
9.79469 3.19543e-05 224.018
9.80961 3.19298e-05 228.087
9.82452 3.19055e-05 232.22
9.83944 3.18813e-05 236.383
9.85435 3.18571e-05 240.554
9.86927 3.1833e-05 244.721
9.88418 3.18089e-05 248.873
9.8991 3.17849e-05 253.004
9.91401 3.17609e-05 257.106
9.92893 3.1737e-05 261.174
9.94384 3.17131e-05 265.202
9.95876 3.16893e-05 269.184
9.97367 3.16655e-05 273.114
9.98859 3.16418e-05 276.987
10.0035 3.16181e-05 280.799
10.0184 3.15945e-05 284.543
10.0333 3.15709e-05 288.216
10.0482 3.15473e-05 291.814
10.0632 3.15238e-05 295.331
10.0781 3.15004e-05 298.765
10.093 3.1477e-05 302.111
10.1079 3.14536e-05 305.367
10.1228 3.14303e-05 308.529
10.1377 3.14071e-05 311.596
10.1527 3.13839e-05 314.564
10.1676 3.13608e-05 317.433
10.1825 3.13377e-05 320.2
10.1974 3.13147e-05 322.865
10.2123 3.12917e-05 325.427
10.2272 3.12688e-05 327.885
10.2421 3.12459e-05 330.24
10.2571 3.12231e-05 332.491
10.272 3.12004e-05 334.64
10.2869 3.11777e-05 336.686
10.3018 3.11551e-05 338.632
10.3167 3.11325e-05 340.478
10.3316 3.111e-05 342.226
10.3465 3.10875e-05 343.878
10.3615 3.10651e-05 345.435
10.3764 3.10428e-05 346.9
10.3913 3.10205e-05 348.274
10.4062 3.09982e-05 349.561
10.4211 3.0976e-05 350.762
10.436 3.09539e-05 351.88
10.451 3.09318e-05 352.917
10.4659 3.09098e-05 353.877
10.4808 3.08878e-05 354.761
10.4957 3.08658e-05 355.574
10.5106 3.08439e-05 356.316
10.5255 3.08221e-05 356.991
10.5404 3.08003e-05 357.601
10.5554 3.07786e-05 358.15
10.5703 3.07569e-05 358.639
10.5852 3.07352e-05 359.071
10.6001 3.07136e-05 359.449
10.615 3.06921e-05 359.775
10.6299 3.06706e-05 360.052
10.6448 3.06491e-05 360.282
10.6598 3.06277e-05 360.466
10.6747 3.06063e-05 360.608
10.6896 3.0585e-05 360.71
10.7045 3.05637e-05 360.772
10.7194 3.05425e-05 360.798
10.7343 3.05213e-05 360.79
10.7492 3.05001e-05 360.748
10.7642 3.0479e-05 360.675
10.7791 3.04579e-05 360.573
10.794 3.04369e-05 360.443
10.8089 3.04159e-05 360.287
10.8238 3.0395e-05 360.106
10.8387 3.03741e-05 359.901
10.8537 3.03532e-05 359.675
10.8686 3.03324e-05 359.427
10.8835 3.03117e-05 359.16
10.8984 3.02909e-05 358.874
10.9133 3.02703e-05 358.571
10.9282 3.02496e-05 358.252
10.9431 3.0229e-05 357.918
10.9581 3.02084e-05 357.569
10.973 3.01879e-05 357.206
10.9879 3.01674e-05 356.831
11.0028 3.0147e-05 356.444
11.0177 3.01266e-05 356.046
11.0326 3.01063e-05 355.638
11.0475 3.00859e-05 355.22
11.0625 3.00657e-05 354.793
11.0774 3.00454e-05 354.358
11.0923 3.00252e-05 353.915
11.1072 3.00051e-05 353.464
11.1221 2.9985e-05 353.007
11.137 2.99649e-05 352.544
11.152 2.99449e-05 352.074
11.1669 2.99249e-05 351.599
11.1818 2.99049e-05 351.12
11.1967 2.9885e-05 350.635
11.2116 2.98651e-05 350.147
11.2265 2.98453e-05 349.654
11.2414 2.98255e-05 349.158
11.2564 2.98057e-05 348.659
11.2713 2.9786e-05 348.156
11.2862 2.97663e-05 347.651
11.3011 2.97467e-05 347.144
11.316 2.97271e-05 346.634
11.3309 2.97075e-05 346.122
11.3458 2.9688e-05 345.608
11.3608 2.96685e-05 345.093
11.3757 2.9649e-05 344.576
11.3906 2.96296e-05 344.058
11.4055 2.96102e-05 343.539
11.4204 2.95909e-05 343.019
11.4353 2.95716e-05 342.499
11.4503 2.95523e-05 341.977
11.4652 2.95331e-05 341.455
11.4801 2.95139e-05 340.933
11.495 2.94948e-05 340.411
11.5099 2.94757e-05 339.888
11.5248 2.94566e-05 339.365
11.5397 2.94375e-05 338.842
11.5547 2.94185e-05 338.32
11.5696 2.93996e-05 337.797
11.5845 2.93806e-05 337.275
11.5994 2.93617e-05 336.753
11.6143 2.93429e-05 336.231
11.6292 2.93241e-05 335.71
11.6441 2.93053e-05 335.19
11.6591 2.92865e-05 334.67
11.674 2.92678e-05 334.15
11.6889 2.92491e-05 333.632
11.7038 2.92305e-05 333.114
11.7187 2.92119e-05 332.597
11.7336 2.91933e-05 332.08
11.7485 2.91748e-05 331.565
11.7635 2.91563e-05 331.05
11.7784 2.91378e-05 330.536
11.7933 2.91194e-05 330.023
11.8082 2.9101e-05 329.511
11.8231 2.90826e-05 329
11.838 2.90643e-05 328.49
11.853 2.9046e-05 327.982
11.8679 2.90278e-05 327.474
11.8828 2.90095e-05 326.967
11.8977 2.89913e-05 326.461
11.9126 2.89732e-05 325.957
11.9275 2.89551e-05 325.453
11.9424 2.8937e-05 324.951
11.9574 2.89189e-05 324.45
11.9723 2.89009e-05 323.95
11.9872 2.88829e-05 323.451
12.0021 2.8865e-05 322.953
12.017 2.88471e-05 322.456
12.0319 2.88292e-05 321.961
12.0468 2.88113e-05 321.467
12.0618 2.87935e-05 320.974
12.0767 2.87757e-05 320.482
12.0916 2.8758e-05 319.992
12.1065 2.87402e-05 319.502
12.1214 2.87226e-05 319.014
12.1363 2.87049e-05 318.527
12.1513 2.86873e-05 318.042
12.1662 2.86697e-05 317.557
12.1811 2.86521e-05 317.074
12.196 2.86346e-05 316.592
12.2109 2.86171e-05 316.111
12.2258 2.85997e-05 315.632
12.2407 2.85822e-05 315.154
12.2557 2.85648e-05 314.676
12.2706 2.85475e-05 314.201
12.2855 2.85301e-05 313.726
12.3004 2.85128e-05 313.253
12.3153 2.84956e-05 312.781
12.3302 2.84783e-05 312.31
12.3451 2.84611e-05 311.84
12.3601 2.84439e-05 311.372
12.375 2.84268e-05 310.904
12.3899 2.84097e-05 310.438
12.4048 2.83926e-05 309.974
12.4197 2.83755e-05 309.51
12.4346 2.83585e-05 309.048
12.4495 2.83415e-05 308.587
12.4645 2.83246e-05 308.127
12.4794 2.83076e-05 307.668
12.4943 2.82907e-05 307.21
12.5092 2.82739e-05 306.754
12.5241 2.8257e-05 306.299
12.539 2.82402e-05 305.845
12.554 2.82234e-05 305.392
12.5689 2.82067e-05 304.941
12.5838 2.819e-05 304.491
12.5987 2.81733e-05 304.041
12.6136 2.81566e-05 303.593
12.6285 2.814e-05 303.147
12.6434 2.81234e-05 302.701
12.6584 2.81068e-05 302.257
12.6733 2.80902e-05 301.813
12.6882 2.80737e-05 301.371
12.7031 2.80572e-05 300.93
12.718 2.80408e-05 300.49
12.7329 2.80244e-05 300.052
12.7478 2.8008e-05 299.614
12.7628 2.79916e-05 299.178
12.7777 2.79753e-05 298.743
12.7926 2.79589e-05 298.309
12.8075 2.79427e-05 297.876
12.8224 2.79264e-05 297.444
12.8373 2.79102e-05 297.013
12.8523 2.7894e-05 296.583
12.8672 2.78778e-05 296.155
12.8821 2.78617e-05 295.728
12.897 2.78455e-05 295.301
12.9119 2.78295e-05 294.876
12.9268 2.78134e-05 294.452
12.9417 2.77974e-05 294.029
12.9567 2.77814e-05 293.607
12.9716 2.77654e-05 293.187
12.9865 2.77494e-05 292.767
13.0014 2.77335e-05 292.348
13.0163 2.77176e-05 291.931
13.0312 2.77018e-05 291.514
13.0461 2.76859e-05 291.099
13.0611 2.76701e-05 290.685
13.076 2.76543e-05 290.271
13.0909 2.76386e-05 289.859
13.1058 2.76228e-05 289.448
13.1207 2.76071e-05 289.038
13.1356 2.75914e-05 288.629
13.1506 2.75758e-05 288.221
13.1655 2.75602e-05 287.814
13.1804 2.75446e-05 287.408
13.1953 2.7529e-05 287.003
13.2102 2.75135e-05 286.599
13.2251 2.74979e-05 286.197
13.24 2.74824e-05 285.795
13.255 2.7467e-05 285.394
13.2699 2.74515e-05 284.994
13.2848 2.74361e-05 284.596
13.2997 2.74207e-05 284.198
13.3146 2.74054e-05 283.801
13.3295 2.739e-05 283.405
13.3444 2.73747e-05 283.011
13.3594 2.73594e-05 282.617
13.3743 2.73442e-05 282.224
13.3892 2.73289e-05 281.832
13.4041 2.73137e-05 281.442
13.419 2.72986e-05 281.052
13.4339 2.72834e-05 280.663
13.4488 2.72683e-05 280.275
13.4638 2.72532e-05 279.888
13.4787 2.72381e-05 279.502
13.4936 2.7223e-05 279.117
13.5085 2.7208e-05 278.733
13.5234 2.7193e-05 278.35
13.5383 2.7178e-05 277.968
13.5533 2.7163e-05 277.587
13.5682 2.71481e-05 277.207
13.5831 2.71332e-05 276.828
13.598 2.71183e-05 276.449
13.6129 2.71034e-05 276.072
13.6278 2.70886e-05 275.695
13.6427 2.70738e-05 275.32
13.6577 2.7059e-05 274.945
13.6726 2.70442e-05 274.572
13.6875 2.70295e-05 274.199
13.7024 2.70148e-05 273.827
13.7173 2.70001e-05 273.456
13.7322 2.69854e-05 273.086
13.7471 2.69708e-05 272.717
13.7621 2.69562e-05 272.349
13.777 2.69416e-05 271.981
13.7919 2.6927e-05 271.615
13.8068 2.69125e-05 271.249
13.8217 2.68979e-05 270.885
13.8366 2.68834e-05 270.521
13.8516 2.6869e-05 270.158
13.8665 2.68545e-05 269.796
13.8814 2.68401e-05 269.435
13.8963 2.68257e-05 269.075
13.9112 2.68113e-05 268.715
13.9261 2.67969e-05 268.357
13.941 2.67826e-05 267.999
13.956 2.67683e-05 267.642
13.9709 2.6754e-05 267.287
13.9858 2.67397e-05 266.931
14.0007 2.67255e-05 266.577
14.0156 2.67112e-05 266.224
14.0305 2.6697e-05 265.871
14.0454 2.66829e-05 265.52
14.0604 2.66687e-05 265.169
14.0753 2.66546e-05 264.819
14.0902 2.66405e-05 264.47
14.1051 2.66264e-05 264.121
14.12 2.66123e-05 263.774
14.1349 2.65983e-05 263.427
14.1498 2.65842e-05 263.081
14.1648 2.65702e-05 262.736
14.1797 2.65563e-05 262.392
14.1946 2.65423e-05 262.049
14.2095 2.65284e-05 261.706
14.2244 2.65145e-05 261.365
14.2393 2.65006e-05 261.024
14.2543 2.64867e-05 260.683
14.2692 2.64728e-05 260.344
14.2841 2.6459e-05 260.006
14.299 2.64452e-05 259.668
14.3139 2.64314e-05 259.331
14.3288 2.64177e-05 258.995
14.3437 2.64039e-05 258.659
14.3587 2.63902e-05 258.325
14.3736 2.63765e-05 257.991
14.3885 2.63629e-05 257.658
14.4034 2.63492e-05 257.326
14.4183 2.63356e-05 256.994
14.4332 2.6322e-05 256.664
14.4481 2.63084e-05 256.334
14.4631 2.62948e-05 256.005
14.478 2.62813e-05 255.676
14.4929 2.62677e-05 255.349
14.5078 2.62542e-05 255.022
14.5227 2.62407e-05 254.696
14.5376 2.62273e-05 254.37
14.5526 2.62138e-05 254.046
14.5675 2.62004e-05 253.722
14.5824 2.6187e-05 253.399
14.5973 2.61736e-05 253.076
14.6122 2.61603e-05 252.755
14.6271 2.61469e-05 252.434
14.642 2.61336e-05 252.114
14.657 2.61203e-05 251.794
14.6719 2.6107e-05 251.476
14.6868 2.60938e-05 251.158
14.7017 2.60805e-05 250.84
14.7166 2.60673e-05 250.524
14.7315 2.60541e-05 250.208
14.7464 2.60409e-05 249.893
14.7614 2.60278e-05 249.579
14.7763 2.60146e-05 249.265
14.7912 2.60015e-05 248.952
14.8061 2.59884e-05 248.64
14.821 2.59753e-05 248.329
14.8359 2.59623e-05 248.018
14.8509 2.59492e-05 247.708
14.8658 2.59362e-05 247.398
14.8807 2.59232e-05 247.09
14.8956 2.59102e-05 246.782
14.9105 2.58973e-05 246.474
14.9254 2.58843e-05 246.168
14.9403 2.58714e-05 245.862
14.9553 2.58585e-05 245.557
14.9702 2.58456e-05 245.252
14.9851 2.5833e-05 244.948
15 2.58288e-05 244.667
