0.1 0.000373426 12923.1
0.114915 0.000200765 42141.9
0.12983 0.00029931 28350.1
0.144745 0.000257052 28117.2
0.15966 0.000251714 25621.2
0.174575 0.000239361 24011.8
0.189489 0.000229881 22503.9
0.204404 0.000221321 21246.4
0.219319 0.000213651 20118.7
0.234234 0.00020672 19132.1
0.249149 0.000200437 18247.3
0.264064 0.000194683 17453.7
0.278979 0.000189404 16736
0.293894 0.00018453 16083.5
0.308809 0.000180015 15487.6
0.323724 0.000175815 14940.7
0.338639 0.000171897 14436.8
0.353554 0.000168229 13970.9
0.368468 0.000164787 13538.6
0.383383 0.000161547 13136.3
0.398298 0.000158492 12760.9
0.413213 0.000155603 12409.5
0.428128 0.000152867 12079.9
0.443043 0.000150267 11769.9
0.457958 0.000147782 11477.2
0.472873 0.00014535 11197.6
0.487788 0.000142764 10920.3
0.502703 0.000139364 10612.5
0.517618 0.000133404 10190.8
0.532533 0.000121247 9478.64
0.547447 0.000115778 6809.6
0.562362 0.000128372 2911.87
0.577277 0.000180265 1021.86
0.592192 0.000110489 3511.6
0.607107 0.000152716 936.551
0.622022 0.000104774 3212.59
0.636937 0.00014703 887.922
0.651852 0.000102021 3031.75
0.666767 0.000143779 862.015
0.681682 9.92341e-05 2896.05
0.696597 0.00014108 842.042
0.711512 9.66329e-05 2778.53
0.726426 0.00013859 840.365
0.741341 9.42051e-05 2697.97
0.756256 0.000136275 838.829
0.771171 9.193e-05 2622.89
0.786086 0.00013401 840.468
0.801001 8.98097e-05 2557.65
0.815916 0.000131856 842.568
0.830831 8.78771e-05 2498.01
0.845746 0.000129788 845.499
0.860661 8.6059e-05 2443.21
0.875576 0.000127826 848.982
0.89049 8.43473e-05 2392.44
0.905405 0.00012597 852.886
0.92032 8.26581e-05 2344.11
0.935235 0.000124235 857.802
0.95015 8.10003e-05 2298.95
0.965065 0.000122613 863.005
0.97998 7.94283e-05 2256.59
0.994895 0.000121055 868.245
1.00981 7.79426e-05 2216.58
1.02472 0.00011955 873.535
1.03964 7.65393e-05 2178.8
1.05455 0.000118091 878.732
1.06947 7.52139e-05 2142.93
1.08438 0.000116675 883.891
1.0993 7.39629e-05 2108.93
1.11421 0.000115296 888.874
1.12913 7.27819e-05 2076.5
1.14404 0.000113952 893.767
1.15896 7.16673e-05 2045.66
1.17387 0.00011264 898.44
1.18879 7.06151e-05 2016.15
1.2037 0.000111357 902.992
1.21862 6.96217e-05 1988
1.23353 0.000110102 907.302
1.24845 6.86837e-05 1961
1.26336 0.000108873 911.473
1.27828 6.77977e-05 1935.18
1.29319 0.000107669 915.395
1.30811 6.69608e-05 1910.35
1.32302 0.000106489 919.169
1.33794 6.61696e-05 1886.55
1.35285 0.00010533 922.699
1.36777 6.54218e-05 1863.63
1.38268 0.000104194 926.076
1.3976 6.47143e-05 1841.6
1.41251 0.000103078 929.22
1.42743 6.4045e-05 1820.35
1.44234 0.000101982 932.211
1.45726 6.34111e-05 1799.89
1.47217 0.000100906 934.986
1.48709 6.28109e-05 1780.13
1.502 9.98482e-05 937.608
1.51692 6.22419e-05 1761.05
1.53183 9.88089e-05 940.032
1.54675 6.17025e-05 1742.6
1.56166 9.77868e-05 942.306
1.57658 6.11908e-05 1724.75
1.59149 9.67816e-05 944.401
1.60641 6.07055e-05 1707.44
1.62132 9.57914e-05 946.342
1.63624 6.02451e-05 1690.64
1.65115 9.4815e-05 948.118
1.66607 5.98091e-05 1674.3
1.68098 9.38485e-05 949.726
1.6959 5.93968e-05 1658.31
1.71081 9.28875e-05 951.161
1.72573 5.90093e-05 1642.59
1.74064 9.19223e-05 952.379
1.75556 5.86486e-05 1626.91
1.77047 9.09383e-05 953.356
1.78539 5.83208e-05 1610.98
1.8003 8.99099e-05 953.967
1.81522 5.80377e-05 1594.25
1.83013 8.87987e-05 954.105
1.84505 5.78265e-05 1575.93
1.85996 8.75501e-05 953.46
1.87487 5.77465e-05 1554.75
1.88979 8.6101e-05 951.673
1.9047 5.79239e-05 1529.13
1.91962 8.43908e-05 947.949
1.93453 5.85947e-05 1496.99
1.94945 8.23578e-05 941.21
1.96436 6.00945e-05 1455.46
1.97928 7.99028e-05 930.615
1.99419 6.26132e-05 1399.27
2.00911 7.69809e-05 920.082
2.02402 6.56579e-05 1321.97
2.03894 7.39277e-05 922.126
2.05385 6.80684e-05 1224.59
2.06877 7.14068e-05 948.561
2.08368 6.91544e-05 1118.53
2.0986 6.97424e-05 998.221
2.11351 6.88655e-05 1012.16
2.12843 6.88579e-05 956.456
2.14334 6.86592e-05 871.263
2.15826 6.83636e-05 779.333
2.17317 6.80533e-05 691.893
2.18809 6.77567e-05 613.615
2.203 6.74792e-05 545.851
2.21792 6.72184e-05 488.41
2.23283 6.69707e-05 440.439
2.24775 6.67328e-05 400.839
2.26266 6.65023e-05 368.458
2.27758 6.62773e-05 342.188
2.29249 6.60567e-05 321.004
2.30741 6.58397e-05 303.993
2.32232 6.56258e-05 290.356
2.33724 6.54146e-05 279.415
2.35215 6.52058e-05 270.604
2.36707 6.49993e-05 263.458
2.38198 6.47949e-05 257.604
2.3969 6.45926e-05 252.746
2.41181 6.43923e-05 248.651
2.42673 6.41939e-05 245.14
2.44164 6.39974e-05 242.074
2.45656 6.38027e-05 239.347
2.47147 6.36098e-05 236.879
2.48639 6.34186e-05 234.61
2.5013 6.32292e-05 232.494
2.51622 6.30415e-05 230.498
2.53113 6.28555e-05 228.596
2.54605 6.26711e-05 226.769
2.56096 6.24883e-05 225.003
2.57588 6.23071e-05 223.288
2.59079 6.21275e-05 221.615
2.60571 6.19494e-05 219.979
2.62062 6.17729e-05 218.375
2.63554 6.15979e-05 216.799
2.65045 6.14243e-05 215.25
2.66537 6.12522e-05 213.724
2.68028 6.10815e-05 212.221
2.6952 6.09123e-05 210.74
2.71011 6.0748e-05 209.284
2.72503 6.05726e-05 212.181
2.73994 6.04185e-05 208.562
2.75485 6.02424e-05 211.823
2.76977 6.00955e-05 206.982
2.78468 5.99151e-05 212.792
2.7996 5.9777e-05 206.069
2.81451 5.95947e-05 212.771
2.82943 5.94641e-05 204.7
2.84434 5.92779e-05 213.478
2.85926 5.91558e-05 203.7
2.87417 5.8967e-05 213.639
2.88909 5.88527e-05 202.46
2.904 5.86602e-05 214.198
2.91892 5.8554e-05 201.429
2.93383 5.83585e-05 214.456
2.94875 5.82601e-05 200.275
2.96366 5.80609e-05 214.932
2.97858 5.79706e-05 199.241
2.99349 5.7768e-05 215.24
3.00841 5.76855e-05 198.148
3.02332 5.74792e-05 215.667
3.03824 5.74047e-05 197.126
3.05315 5.71947e-05 216
3.06807 5.7128e-05 196.079
3.08298 5.69142e-05 216.397
3.0979 5.68554e-05 195.078
3.11281 5.66378e-05 216.742
3.12773 5.65868e-05 194.07
3.14264 5.63652e-05 217.12
3.15756 5.6322e-05 193.093
3.17247 5.60964e-05 217.468
3.18739 5.6061e-05 192.117
3.2023 5.58313e-05 217.833
3.21722 5.58037e-05 191.165
3.23213 5.55698e-05 218.181
3.24705 5.55501e-05 190.22
3.26196 5.53119e-05 218.536
3.27688 5.52999e-05 189.292
3.29179 5.50575e-05 218.881
3.30671 5.50532e-05 188.375
3.32162 5.48064e-05 219.229
3.33654 5.48099e-05 187.472
3.35145 5.45586e-05 219.57
3.36637 5.45698e-05 186.58
3.38128 5.4314e-05 219.911
3.3962 5.4333e-05 185.701
3.41111 5.40727e-05 220.247
3.42603 5.40993e-05 184.834
3.44094 5.38344e-05 220.583
3.45586 5.38688e-05 183.978
3.47077 5.35991e-05 220.914
3.48569 5.36412e-05 183.134
3.5006 5.33668e-05 221.244
3.51552 5.34166e-05 182.301
3.53043 5.31374e-05 221.571
3.54535 5.31949e-05 181.478
3.56026 5.29108e-05 221.896
3.57518 5.2976e-05 180.666
3.59009 5.2687e-05 222.218
3.60501 5.27599e-05 179.865
3.61992 5.2466e-05 222.538
3.63483 5.25465e-05 179.073
3.64975 5.22475e-05 222.855
3.66466 5.23358e-05 178.292
3.67958 5.20317e-05 223.171
3.69449 5.21277e-05 177.52
3.70941 5.18185e-05 223.483
3.72432 5.19221e-05 176.758
3.73924 5.16078e-05 223.794
3.75415 5.17191e-05 176.006
3.76907 5.13995e-05 224.102
3.78398 5.15185e-05 175.262
3.7989 5.11936e-05 224.409
3.81381 5.13203e-05 174.528
3.82873 5.09901e-05 224.713
3.84364 5.11245e-05 173.802
3.85856 5.07889e-05 225.014
3.87347 5.0931e-05 173.085
3.88839 5.059e-05 225.314
3.9033 5.07397e-05 172.376
3.91822 5.03933e-05 225.612
3.93313 5.05507e-05 171.676
3.94805 5.01988e-05 225.907
3.96296 5.03639e-05 170.984
3.97788 5.00064e-05 226.201
3.99279 5.01792e-05 170.3
4.00771 4.98162e-05 226.493
4.02262 5.00069e-05 169.641
4.03754 4.96111e-05 235.447
4.05245 4.98112e-05 172.134
4.06737 4.94578e-05 220.852
4.08228 4.96383e-05 165.982
4.0972 4.92507e-05 229.518
4.11211 4.94658e-05 168.441
4.12703 4.90698e-05 231.003
4.14194 4.92897e-05 168.224
4.15686 4.88932e-05 229.741
4.17177 4.91134e-05 167.015
4.18669 4.87192e-05 227.482
4.2016 4.89382e-05 165.454
4.21652 4.85474e-05 224.887
4.23143 4.87646e-05 163.782
4.24635 4.83775e-05 222.201
4.26126 4.85927e-05 162.088
4.27618 4.82095e-05 219.515
4.29109 4.84225e-05 160.405
4.30601 4.80432e-05 216.861
4.32092 4.82541e-05 158.745
4.33584 4.78786e-05 214.25
4.35075 4.80875e-05 157.11
4.36567 4.77157e-05 211.687
4.38058 4.79225e-05 155.502
4.3955 4.75588e-05 209.179
4.41041 4.77549e-05 157.295
4.42533 4.7392e-05 210.078
4.44024 4.76004e-05 153.608
4.45516 4.72475e-05 205.543
4.47007 4.74269e-05 160.096
4.48498 4.70726e-05 211.091
4.4999 4.7287e-05 152.701
4.51481 4.69398e-05 202.947
4.52973 4.71079e-05 161.803
4.54464 4.67605e-05 211.016
4.55956 4.69789e-05 151.425
4.57447 4.66395e-05 200.039
4.58939 4.67936e-05 163.966
4.6043 4.64541e-05 211.388
4.61922 4.66773e-05 150.335
4.63413 4.63448e-05 197.364
4.64905 4.64857e-05 165.936
4.66396 4.61537e-05 211.571
4.67888 4.63813e-05 149.201
4.69379 4.6056e-05 194.697
4.70871 4.61832e-05 167.985
4.72362 4.58591e-05 211.828
4.73854 4.6091e-05 148.116
4.75345 4.57729e-05 192.125
4.76837 4.58861e-05 169.998
4.78328 4.557e-05 212.05
4.7982 4.58063e-05 147.042
4.81311 4.54951e-05 189.608
4.82803 4.55744e-05 171.987
4.84294 4.53468e-05 198.29
4.85786 4.54852e-05 160.328
4.87277 4.51796e-05 200.669
4.88769 4.53536e-05 156.909
4.9026 4.50522e-05 196.723
4.91752 4.5205e-05 160.998
4.93243 4.49069e-05 199.773
4.94735 4.50781e-05 156.765
4.96226 4.47841e-05 195.113
4.97718 4.49295e-05 161.755
4.99209 4.46388e-05 198.975
5.00701 4.48078e-05 156.523
5.02192 4.45212e-05 193.443
5.03684 4.46585e-05 162.621
5.05175 4.43752e-05 198.294
5.06667 4.45426e-05 156.164
5.08158 4.42635e-05 191.697
5.0965 4.43917e-05 163.62
5.11141 4.4116e-05 197.749
5.12633 4.42824e-05 155.662
5.14124 4.40108e-05 189.854
5.15616 4.41289e-05 164.786
5.17107 4.38608e-05 197.365
5.18599 4.40273e-05 154.989
5.2009 4.37632e-05 187.888
5.21582 4.38699e-05 166.158
5.23073 4.36094e-05 197.173
5.24565 4.37772e-05 154.109
5.26056 4.35206e-05 185.771
5.27548 4.36142e-05 167.787
5.29039 4.33616e-05 197.211
5.30531 4.35323e-05 152.982
5.32022 4.32832e-05 183.467
5.33514 4.33617e-05 169.733
5.35005 4.3117e-05 197.527
5.36496 4.32925e-05 151.558
5.37988 4.30509e-05 180.937
5.39479 4.30931e-05 172.039
5.40971 4.29363e-05 184.999
5.42462 4.3013e-05 165.919
5.43954 4.27792e-05 192.226
5.45445 4.29158e-05 156.181
5.46937 4.26852e-05 183.13
5.48428 4.27727e-05 167.299
5.4992 4.25468e-05 192.108
5.51411 4.26832e-05 155.265
5.52903 4.24601e-05 181.103
5.54394 4.25356e-05 168.948
5.55886 4.23177e-05 192.222
5.57377 4.2455e-05 154.088
5.58869 4.22394e-05 178.882
5.6036 4.22979e-05 170.927
5.61852 4.21025e-05 182.368
5.63343 4.22227e-05 165.581
5.64835 4.20153e-05 187.537
5.66326 4.20731e-05 158.207
5.67818 4.18971e-05 180.63
5.69309 4.1986e-05 166.838
5.70801 4.17868e-05 187.348
5.72292 4.18654e-05 157.433
5.73784 4.16882e-05 178.814
5.75275 4.17535e-05 168.249
5.76767 4.15662e-05 187.302
5.78258 4.16566e-05 156.486
5.7975 4.14812e-05 176.876
5.81241 4.15261e-05 169.889
5.82733 4.13548e-05 187.462
5.84224 4.14466e-05 155.292
5.85716 4.12683e-05 174.739
5.87207 4.1311e-05 171.901
5.88699 4.11579e-05 175.673
5.9019 4.12238e-05 170.03
5.91682 4.10563e-05 178.018
5.93173 4.11089e-05 166.14
5.94665 4.09602e-05 182.079
5.96156 4.10037e-05 160.119
5.97648 4.08549e-05 176.552
5.99139 4.09034e-05 167.159
6.00631 4.07593e-05 181.783
6.02122 4.07944e-05 159.501
6.03614 4.06605e-05 174.967
6.05105 4.06939e-05 168.369
6.06597 4.05618e-05 181.648
6.08088 4.05916e-05 158.692
6.0958 4.04653e-05 173.242
6.11071 4.04907e-05 169.831
6.12563 4.03645e-05 181.714
6.14054 4.03934e-05 157.639
6.15546 4.02734e-05 171.342
6.17037 4.02851e-05 171.592
6.18529 4.01844e-05 170.849
6.2002 4.01812e-05 171.799
6.21512 4.00958e-05 170.044
6.23003 4.00748e-05 172.479
6.24494 4.00068e-05 168.551
6.25986 3.99785e-05 178.362
6.27477 3.99155e-05 159.828
6.28969 3.98709e-05 170.864
6.3046 3.98329e-05 169.962
6.31952 3.97748e-05 178.385
6.33443 3.97326e-05 158.864
6.34935 3.96902e-05 169.105
6.36426 3.96339e-05 176.926
6.37918 3.95941e-05 160.126
6.39409 3.95512e-05 169.365
6.40901 3.94959e-05 176.357
6.42392 3.94554e-05 160.197
6.43884 3.94129e-05 168.682
6.45375 3.93591e-05 175.061
6.46867 3.93187e-05 161.274
6.48358 3.92765e-05 168.798
6.4985 3.92239e-05 174.397
6.51341 3.91833e-05 161.495
6.52833 3.91411e-05 168.245
6.54324 3.90899e-05 173.225
6.55816 3.90494e-05 162.437
6.57307 3.90074e-05 168.26
6.58799 3.89574e-05 172.501
6.6029 3.89168e-05 162.766
6.61782 3.88748e-05 167.8
6.63273 3.88262e-05 171.422
6.64765 3.87856e-05 163.61
6.66256 3.87438e-05 167.744
6.67748 3.86964e-05 170.662
6.69239 3.86556e-05 164.014
6.70731 3.86153e-05 167.355
6.72222 3.85683e-05 169.658
6.73714 3.85211e-05 171.157
6.75205 3.84856e-05 162.403
6.76697 3.8446e-05 165.209
6.78188 3.84011e-05 167.107
6.7968 3.83561e-05 168.306
6.81171 3.83143e-05 168.98
6.82663 3.82727e-05 169.256
6.84154 3.82311e-05 169.233
6.85646 3.81896e-05 168.986
6.87137 3.81483e-05 168.573
6.88629 3.8107e-05 168.038
6.9012 3.80659e-05 167.412
6.91612 3.80248e-05 166.72
6.93103 3.79839e-05 165.98
6.94595 3.79432e-05 165.208
6.96086 3.79025e-05 164.411
6.97578 3.7862e-05 163.599
6.99069 3.78216e-05 162.777
7.00561 3.77813e-05 161.949
7.02052 3.77412e-05 161.118
7.03544 3.77011e-05 160.287
7.05035 3.76612e-05 159.458
7.06527 3.76215e-05 158.631
7.08018 3.75818e-05 157.808
7.0951 3.75423e-05 156.989
7.11001 3.75029e-05 156.175
7.12492 3.74636e-05 155.366
7.13984 3.74245e-05 154.563
7.15475 3.73855e-05 153.766
7.16967 3.73465e-05 152.974
7.18458 3.73078e-05 152.188
7.1995 3.72691e-05 151.409
7.21441 3.72306e-05 150.635
7.22933 3.71921e-05 149.867
7.24424 3.71538e-05 149.106
7.25916 3.71156e-05 148.351
7.27407 3.70776e-05 147.601
7.28899 3.70396e-05 146.858
7.3039 3.70018e-05 146.121
7.31882 3.69641e-05 145.39
7.33373 3.69264e-05 144.665
7.34865 3.6889e-05 143.946
7.36356 3.68516e-05 143.233
7.37848 3.68143e-05 142.527
7.39339 3.67772e-05 141.826
7.40831 3.67401e-05 141.131
7.42322 3.67032e-05 140.443
7.43814 3.66664e-05 139.761
7.45305 3.66297e-05 139.085
7.46797 3.65931e-05 138.415
7.48288 3.65566e-05 137.751
7.4978 3.65202e-05 137.093
7.51271 3.64839e-05 136.442
7.52763 3.64478e-05 135.797
7.54254 3.64117e-05 135.158
7.55746 3.63758e-05 134.526
7.57237 3.63399e-05 133.9
7.58729 3.63042e-05 133.281
7.6022 3.62686e-05 132.668
7.61712 3.6233e-05 132.062
7.63203 3.61976e-05 131.463
7.64695 3.61623e-05 130.87
7.66186 3.61271e-05 130.284
7.67678 3.6092e-05 129.706
7.69169 3.6057e-05 129.134
7.70661 3.60221e-05 128.57
7.72152 3.59873e-05 128.013
7.73644 3.59526e-05 127.464
7.75135 3.5918e-05 126.922
7.76627 3.58834e-05 126.388
7.78118 3.5849e-05 125.862
7.7961 3.58147e-05 125.345
7.81101 3.57805e-05 124.835
7.82593 3.57464e-05 124.335
7.84084 3.57124e-05 123.843
7.85576 3.56785e-05 123.36
7.87067 3.56447e-05 122.887
7.88559 3.56109e-05 122.423
7.9005 3.55773e-05 121.97
7.91542 3.55438e-05 121.526
7.93033 3.55103e-05 121.093
7.94525 3.5477e-05 120.671
7.96016 3.54438e-05 120.26
7.97508 3.54106e-05 119.861
7.98999 3.53775e-05 119.474
8.0049 3.53446e-05 119.099
8.01982 3.53117e-05 118.738
8.03473 3.52789e-05 118.39
8.04965 3.52462e-05 118.056
8.06456 3.52136e-05 117.737
8.07948 3.51811e-05 117.433
8.09439 3.51487e-05 117.145
8.10931 3.51163e-05 116.874
8.12422 3.50841e-05 116.619
8.13914 3.50519e-05 116.383
8.15405 3.50199e-05 116.166
8.16897 3.49879e-05 115.968
8.18388 3.4956e-05 115.792
8.1988 3.49242e-05 115.636
8.21371 3.48925e-05 115.503
8.22863 3.48609e-05 115.394
8.24354 3.48293e-05 115.31
8.25846 3.47979e-05 115.251
8.27337 3.47665e-05 115.22
8.28829 3.47352e-05 115.218
8.3032 3.4704e-05 115.245
8.31812 3.46729e-05 115.304
8.33303 3.46419e-05 115.396
8.34795 3.46109e-05 115.523
8.36286 3.45801e-05 115.686
8.37778 3.45493e-05 115.888
8.39269 3.45186e-05 116.13
8.40761 3.4488e-05 116.415
8.42252 3.44575e-05 116.744
8.43744 3.44271e-05 117.12
8.45235 3.43967e-05 117.546
8.46727 3.43664e-05 118.024
8.48218 3.43362e-05 118.557
8.4971 3.43061e-05 119.147
8.51201 3.42761e-05 119.798
8.52693 3.42461e-05 120.514
8.54184 3.42163e-05 121.297
8.55676 3.41865e-05 122.151
8.57167 3.41568e-05 123.08
8.58659 3.41272e-05 124.088
8.6015 3.40977e-05 125.179
8.61642 3.40682e-05 126.358
8.63133 3.40389e-05 127.63
8.64625 3.40096e-05 128.998
8.66116 3.39804e-05 130.47
8.67608 3.39513e-05 132.051
8.69099 3.39223e-05 133.745
8.70591 3.38933e-05 135.56
8.72082 3.38645e-05 137.502
8.73574 3.38357e-05 139.578
8.75065 3.38071e-05 141.795
8.76557 3.37785e-05 144.162
8.78048 3.375e-05 146.685
8.7954 3.37216e-05 149.374
8.81031 3.36933e-05 152.238
8.82523 3.36651e-05 155.286
8.84014 3.36371e-05 158.528
8.85506 3.36091e-05 161.975
8.86997 3.35812e-05 165.638
8.88488 3.35515e-05 169.523
8.8998 3.34394e-05 173.434
8.91471 3.36013e-05 163.218
8.92963 3.34114e-05 171.022
8.94454 3.35056e-05 168.995
8.95946 3.32451e-05 177.864
8.97437 3.35822e-05 162.119
8.98929 3.32261e-05 175.224
9.0042 3.34766e-05 168.342
9.01912 3.3017e-05 182.801
9.03403 3.36019e-05 161.116
9.04895 3.30101e-05 180.081
9.06386 3.34837e-05 167.526
9.07878 3.27436e-05 188.165
9.09369 3.36726e-05 160.342
9.10861 3.27518e-05 185.669
9.12352 3.35393e-05 166.496
9.13844 3.24111e-05 193.83
9.15335 3.38087e-05 159.962
9.16827 3.2436e-05 192.083
9.18318 3.3659e-05 165.184
9.1981 3.20053e-05 199.623
9.21301 3.40245e-05 160.174
9.22793 3.2044e-05 199.44
9.24284 3.38594e-05 163.521
9.25776 3.15318e-05 205.395
9.27267 3.43165e-05 161.075
9.28759 3.15303e-05 207.671
9.3025 3.42074e-05 161.789
9.31742 3.10661e-05 211.553
9.33233 3.45895e-05 162.018
9.34725 3.08743e-05 216.003
9.36216 3.47054e-05 167.781
9.37708 3.05578e-05 225.74
9.39199 3.45103e-05 175.029
9.40691 3.08583e-05 215.073
9.42182 3.44961e-05 174.827
9.43674 3.06526e-05 219.773
9.45165 3.43046e-05 180.376
9.46657 3.08493e-05 215.337
9.48148 3.4201e-05 182.47
9.4964 3.08024e-05 216.446
9.51131 3.39945e-05 186.658
9.52623 3.0965e-05 214.665
9.54114 3.38189e-05 189.726
9.55606 3.10261e-05 214.557
9.57097 3.35852e-05 193.387
9.58589 3.11895e-05 213.857
9.6008 3.33544e-05 196.801
9.61572 3.13213e-05 213.507
9.63063 3.30928e-05 200.278
9.64555 3.14977e-05 213.235
9.66046 3.28249e-05 203.754
9.67538 3.16696e-05 212.962
9.69029 3.25404e-05 207.142
9.70521 3.18412e-05 212.823
9.72012 3.22196e-05 210.425
9.73504 3.2205e-05 211.356
9.74995 3.21436e-05 213.78
9.76486 3.2093e-05 216.991
9.77978 3.20536e-05 220.64
9.79469 3.20209e-05 224.536
9.80961 3.19918e-05 228.57
9.82452 3.19647e-05 232.68
9.83944 3.19385e-05 236.827
9.85435 3.19128e-05 240.989
9.86927 3.18871e-05 245.148
9.88418 3.18615e-05 249.295
9.8991 3.18356e-05 253.419
9.91401 3.18096e-05 257.513
9.92893 3.17834e-05 261.57
9.94384 3.17569e-05 265.585
9.95876 3.17303e-05 269.551
9.97367 3.17034e-05 273.462
9.98859 3.16763e-05 277.314
10.0035 3.16491e-05 281.101
10.0184 3.16218e-05 284.819
10.0333 3.15943e-05 288.463
10.0482 3.15668e-05 292.028
10.0632 3.15393e-05 295.512
10.0781 3.15117e-05 298.91
10.093 3.14842e-05 302.219
10.1079 3.14567e-05 305.436
10.1228 3.14294e-05 308.56
10.1377 3.14022e-05 311.587
10.1527 3.13751e-05 314.515
10.1676 3.13482e-05 317.345
10.1825 3.13216e-05 320.073
10.1974 3.12951e-05 322.701
10.2123 3.1269e-05 325.226
10.2272 3.1243e-05 327.65
10.2421 3.12174e-05 329.971
10.2571 3.11921e-05 332.191
10.272 3.11671e-05 334.311
10.2869 3.11423e-05 336.331
10.3018 3.11179e-05 338.252
10.3167 3.10937e-05 340.076
10.3316 3.10699e-05 341.804
10.3465 3.10463e-05 343.439
10.3615 3.1023e-05 344.982
10.3764 3.1e-05 346.434
10.3913 3.09773e-05 347.799
10.4062 3.09547e-05 349.078
10.4211 3.09325e-05 350.274
10.436 3.09104e-05 351.389
10.451 3.08885e-05 352.425
10.4659 3.08669e-05 353.386
10.4808 3.08454e-05 354.273
10.4957 3.08241e-05 355.089
10.5106 3.08029e-05 355.837
10.5255 3.07818e-05 356.519
10.5404 3.07609e-05 357.137
10.5554 3.07401e-05 357.695
10.5703 3.07194e-05 358.194
10.5852 3.06988e-05 358.636
10.6001 3.06783e-05 359.026
10.615 3.06578e-05 359.364
10.6299 3.06374e-05 359.653
10.6448 3.06171e-05 359.895
10.6598 3.05968e-05 360.092
10.6747 3.05766e-05 360.247
10.6896 3.05564e-05 360.361
10.7045 3.05362e-05 360.436
10.7194 3.05161e-05 360.475
10.7343 3.0496e-05 360.479
10.7492 3.04759e-05 360.451
10.7642 3.04558e-05 360.39
10.7791 3.04358e-05 360.3
10.794 3.04157e-05 360.182
10.8089 3.03957e-05 360.038
10.8238 3.03757e-05 359.868
10.8387 3.03557e-05 359.674
10.8537 3.03358e-05 359.458
10.8686 3.03158e-05 359.221
10.8835 3.02958e-05 358.964
10.8984 3.02759e-05 358.688
10.9133 3.0256e-05 358.394
10.9282 3.0236e-05 358.083
10.9431 3.02161e-05 357.757
10.9581 3.01962e-05 357.417
10.973 3.01763e-05 357.062
10.9879 3.01564e-05 356.694
11.0028 3.01366e-05 356.315
11.0177 3.01167e-05 355.924
11.0326 3.00969e-05 355.522
11.0475 3.00771e-05 355.11
11.0625 3.00573e-05 354.689
11.0774 3.00375e-05 354.259
11.0923 3.00177e-05 353.822
11.1072 2.9998e-05 353.376
11.1221 2.99783e-05 352.924
11.137 2.99585e-05 352.465
11.152 2.99389e-05 352
11.1669 2.99192e-05 351.529
11.1818 2.98995e-05 351.053
11.1967 2.98799e-05 350.573
11.2116 2.98603e-05 350.088
11.2265 2.98408e-05 349.598
11.2414 2.98212e-05 349.105
11.2564 2.98017e-05 348.609
11.2713 2.97822e-05 348.109
11.2862 2.97627e-05 347.607
11.3011 2.97433e-05 347.102
11.316 2.97239e-05 346.594
11.3309 2.97045e-05 346.085
11.3458 2.96851e-05 345.573
11.3608 2.96658e-05 345.06
11.3757 2.96465e-05 344.545
11.3906 2.96272e-05 344.029
11.4055 2.9608e-05 343.512
11.4204 2.95888e-05 342.993
11.4353 2.95696e-05 342.474
11.4503 2.95504e-05 341.954
11.4652 2.95313e-05 341.434
11.4801 2.95122e-05 340.913
11.495 2.94932e-05 340.391
11.5099 2.94742e-05 339.87
11.5248 2.94552e-05 339.348
11.5397 2.94362e-05 338.826
11.5547 2.94173e-05 338.304
11.5696 2.93984e-05 337.783
11.5845 2.93795e-05 337.261
11.5994 2.93607e-05 336.74
11.6143 2.93419e-05 336.219
11.6292 2.93231e-05 335.699
11.6441 2.93044e-05 335.179
11.6591 2.92857e-05 334.66
11.674 2.9267e-05 334.141
11.6889 2.92484e-05 333.623
11.7038 2.92298e-05 333.105
11.7187 2.92112e-05 332.589
11.7336 2.91927e-05 332.073
11.7485 2.91742e-05 331.558
11.7635 2.91557e-05 331.043
11.7784 2.91373e-05 330.53
11.7933 2.91189e-05 330.017
11.8082 2.91005e-05 329.506
11.8231 2.90822e-05 328.995
11.838 2.90639e-05 328.486
11.853 2.90456e-05 327.977
11.8679 2.90274e-05 327.469
11.8828 2.90092e-05 326.963
11.8977 2.8991e-05 326.457
11.9126 2.89729e-05 325.953
11.9275 2.89548e-05 325.45
11.9424 2.89367e-05 324.948
11.9574 2.89187e-05 324.447
11.9723 2.89007e-05 323.947
11.9872 2.88827e-05 323.448
12.0021 2.88648e-05 322.95
12.017 2.88469e-05 322.454
12.0319 2.8829e-05 321.959
12.0468 2.88111e-05 321.465
12.0618 2.87933e-05 320.972
12.0767 2.87756e-05 320.48
12.0916 2.87578e-05 319.99
12.1065 2.87401e-05 319.501
12.1214 2.87224e-05 319.013
12.1363 2.87048e-05 318.526
12.1513 2.86872e-05 318.04
12.1662 2.86696e-05 317.556
12.1811 2.8652e-05 317.073
12.196 2.86345e-05 316.591
12.2109 2.8617e-05 316.11
12.2258 2.85996e-05 315.631
12.2407 2.85821e-05 315.153
12.2557 2.85647e-05 314.676
12.2706 2.85474e-05 314.2
12.2855 2.85301e-05 313.725
12.3004 2.85128e-05 313.252
12.3153 2.84955e-05 312.78
12.3302 2.84783e-05 312.309
12.3451 2.84611e-05 311.839
12.3601 2.84439e-05 311.371
12.375 2.84267e-05 310.904
12.3899 2.84096e-05 310.438
12.4048 2.83925e-05 309.973
12.4197 2.83755e-05 309.51
12.4346 2.83585e-05 309.047
12.4495 2.83415e-05 308.586
12.4645 2.83245e-05 308.126
12.4794 2.83076e-05 307.668
12.4943 2.82907e-05 307.21
12.5092 2.82738e-05 306.754
12.5241 2.8257e-05 306.299
12.539 2.82402e-05 305.845
12.554 2.82234e-05 305.392
12.5689 2.82066e-05 304.941
12.5838 2.81899e-05 304.49
12.5987 2.81732e-05 304.041
12.6136 2.81566e-05 303.593
12.6285 2.81399e-05 303.146
12.6434 2.81233e-05 302.701
12.6584 2.81068e-05 302.256
12.6733 2.80902e-05 301.813
12.6882 2.80737e-05 301.371
12.7031 2.80572e-05 300.93
12.718 2.80408e-05 300.49
12.7329 2.80243e-05 300.052
12.7478 2.80079e-05 299.614
12.7628 2.79916e-05 299.178
12.7777 2.79752e-05 298.742
12.7926 2.79589e-05 298.308
12.8075 2.79426e-05 297.875
12.8224 2.79264e-05 297.444
12.8373 2.79102e-05 297.013
12.8523 2.7894e-05 296.583
12.8672 2.78778e-05 296.155
12.8821 2.78616e-05 295.727
12.897 2.78455e-05 295.301
12.9119 2.78294e-05 294.876
12.9268 2.78134e-05 294.452
12.9417 2.77974e-05 294.029
12.9567 2.77813e-05 293.607
12.9716 2.77654e-05 293.186
12.9865 2.77494e-05 292.767
13.0014 2.77335e-05 292.348
13.0163 2.77176e-05 291.931
13.0312 2.77017e-05 291.514
13.0461 2.76859e-05 291.099
13.0611 2.76701e-05 290.685
13.076 2.76543e-05 290.271
13.0909 2.76385e-05 289.859
13.1058 2.76228e-05 289.448
13.1207 2.76071e-05 289.038
13.1356 2.75914e-05 288.629
13.1506 2.75758e-05 288.221
13.1655 2.75602e-05 287.814
13.1804 2.75446e-05 287.408
13.1953 2.7529e-05 287.003
13.2102 2.75134e-05 286.599
13.2251 2.74979e-05 286.197
13.24 2.74824e-05 285.795
13.255 2.7467e-05 285.394
13.2699 2.74515e-05 284.994
13.2848 2.74361e-05 284.595
13.2997 2.74207e-05 284.198
13.3146 2.74054e-05 283.801
13.3295 2.739e-05 283.405
13.3444 2.73747e-05 283.011
13.3594 2.73594e-05 282.617
13.3743 2.73442e-05 282.224
13.3892 2.73289e-05 281.832
13.4041 2.73137e-05 281.441
13.419 2.72985e-05 281.052
13.4339 2.72834e-05 280.663
13.4488 2.72683e-05 280.275
13.4638 2.72531e-05 279.888
13.4787 2.72381e-05 279.502
13.4936 2.7223e-05 279.117
13.5085 2.7208e-05 278.733
13.5234 2.7193e-05 278.35
13.5383 2.7178e-05 277.968
13.5533 2.7163e-05 277.587
13.5682 2.71481e-05 277.207
13.5831 2.71332e-05 276.827
13.598 2.71183e-05 276.449
13.6129 2.71034e-05 276.072
13.6278 2.70886e-05 275.695
13.6427 2.70738e-05 275.32
13.6577 2.7059e-05 274.945
13.6726 2.70442e-05 274.571
13.6875 2.70295e-05 274.199
13.7024 2.70148e-05 273.827
13.7173 2.70001e-05 273.456
13.7322 2.69854e-05 273.086
13.7471 2.69708e-05 272.717
13.7621 2.69562e-05 272.349
13.777 2.69416e-05 271.981
13.7919 2.6927e-05 271.615
13.8068 2.69125e-05 271.249
13.8217 2.68979e-05 270.885
13.8366 2.68834e-05 270.521
13.8516 2.68689e-05 270.158
13.8665 2.68545e-05 269.796
13.8814 2.68401e-05 269.435
13.8963 2.68257e-05 269.075
13.9112 2.68113e-05 268.715
13.9261 2.67969e-05 268.357
13.941 2.67826e-05 267.999
13.956 2.67683e-05 267.642
13.9709 2.6754e-05 267.286
13.9858 2.67397e-05 266.931
14.0007 2.67254e-05 266.577
14.0156 2.67112e-05 266.224
14.0305 2.6697e-05 265.871
14.0454 2.66828e-05 265.52
14.0604 2.66687e-05 265.169
14.0753 2.66546e-05 264.819
14.0902 2.66404e-05 264.47
14.1051 2.66264e-05 264.121
14.12 2.66123e-05 263.774
14.1349 2.65982e-05 263.427
14.1498 2.65842e-05 263.081
14.1648 2.65702e-05 262.736
14.1797 2.65562e-05 262.392
14.1946 2.65423e-05 262.049
14.2095 2.65284e-05 261.706
14.2244 2.65144e-05 261.365
14.2393 2.65006e-05 261.024
14.2543 2.64867e-05 260.683
14.2692 2.64728e-05 260.344
14.2841 2.6459e-05 260.006
14.299 2.64452e-05 259.668
14.3139 2.64314e-05 259.331
14.3288 2.64177e-05 258.995
14.3437 2.64039e-05 258.659
14.3587 2.63902e-05 258.325
14.3736 2.63765e-05 257.991
14.3885 2.63628e-05 257.658
14.4034 2.63492e-05 257.326
14.4183 2.63356e-05 256.994
14.4332 2.6322e-05 256.664
14.4481 2.63084e-05 256.334
14.4631 2.62948e-05 256.004
14.478 2.62812e-05 255.676
14.4929 2.62677e-05 255.348
14.5078 2.62542e-05 255.022
14.5227 2.62407e-05 254.695
14.5376 2.62273e-05 254.37
14.5526 2.62138e-05 254.046
14.5675 2.62004e-05 253.722
14.5824 2.6187e-05 253.399
14.5973 2.61736e-05 253.076
14.6122 2.61603e-05 252.755
14.6271 2.61469e-05 252.434
14.642 2.61336e-05 252.114
14.657 2.61203e-05 251.794
14.6719 2.6107e-05 251.475
14.6868 2.60938e-05 251.158
14.7017 2.60805e-05 250.84
14.7166 2.60673e-05 250.524
14.7315 2.60541e-05 250.208
14.7464 2.60409e-05 249.893
14.7614 2.60278e-05 249.579
14.7763 2.60146e-05 249.265
14.7912 2.60015e-05 248.952
14.8061 2.59884e-05 248.64
14.821 2.59753e-05 248.329
14.8359 2.59623e-05 248.018
14.8509 2.59494e-05 247.709
14.8658 2.59366e-05 247.401
14.8807 2.59241e-05 247.095
14.8956 2.59121e-05 246.793
14.9105 2.59009e-05 246.497
14.9254 2.58909e-05 246.209
14.9403 2.58822e-05 245.933
14.9553 2.58752e-05 245.67
14.9702 2.58696e-05 245.422
14.9851 2.58652e-05 245.186
15 2.58613e-05 244.959
