0.1 0.000379937 13038.1
0.114915 0.000191037 40395.3
0.12983 0.000289322 28227.6
0.144745 0.000257497 28221.1
0.15966 0.000251587 25562.9
0.174575 0.000239295 24034.6
0.189489 0.000230071 22507.3
0.204404 0.000221353 21247
0.219319 0.000213725 20123.8
0.234234 0.000206779 19133.8
0.249149 0.000200486 18249.9
0.264064 0.000194731 17455.7
0.278979 0.000189446 16737.8
0.293894 0.000184569 16085.2
0.308809 0.00018005 15489
0.323724 0.000175848 14942
0.338639 0.000171927 14438
0.353554 0.000168257 13972
0.368468 0.000164813 13539.7
0.383383 0.000161571 13137.3
0.398298 0.000158514 12761.7
0.413213 0.000155622 12410.2
0.428128 0.000152874 12080.1
0.443043 0.000150235 11768.1
0.457958 0.000147614 11468.7
0.472873 0.000144766 11169
0.487788 0.000141036 10837.3
0.502703 0.000134797 10395.3
0.517618 0.000122463 9665.02
0.532533 0.000112773 7169.8
0.547447 0.000118892 3244.23
0.562362 0.00017162 975.885
0.577277 0.000135605 3843.13
0.592192 0.000147841 968.502
0.607107 0.000119421 3523.3
0.622022 0.000137291 900.078
0.636937 0.000115237 3275.64
0.651852 0.000133284 865.576
0.666767 0.000112089 3113.02
0.681682 0.000130466 845.071
0.696597 0.000109194 2985.72
0.711512 0.000128057 806.002
0.726426 0.000106419 2832.73
0.741341 0.000125866 791.355
0.756256 0.000103955 2731.92
0.771171 0.000123696 786.361
0.786086 0.000101615 2653.1
0.801001 0.00012163 783.976
0.815916 9.94567e-05 2583.93
0.830831 0.000119678 783.609
0.845746 9.7379e-05 2521.54
0.860661 0.000117852 784.728
0.875576 9.55255e-05 2466.54
0.89049 0.000116099 785.897
0.905405 9.3652e-05 2413.15
0.92032 0.000114492 789.136
0.935235 9.17401e-05 2364
0.95015 0.000113025 792.951
0.965065 8.9897e-05 2317.95
0.97998 0.000111662 797.377
0.994895 8.8132e-05 2274.99
1.00981 0.000110369 801.98
1.02472 8.6442e-05 2234.32
1.03964 0.000109136 806.927
1.05455 8.48219e-05 2195.99
1.06947 0.000107956 811.955
1.08438 8.3272e-05 2159.55
1.0993 0.000106822 817.154
1.11421 8.17877e-05 2124.99
1.12913 0.000105731 822.368
1.14404 8.03682e-05 2092.01
1.15896 0.000104676 827.646
1.17387 7.90099e-05 2060.59
1.18879 0.000103655 832.888
1.2037 7.77111e-05 2030.52
1.21862 0.000102663 838.125
1.23353 7.64691e-05 2001.76
1.24845 0.000101699 843.289
1.26336 7.52819e-05 1974.17
1.27828 0.000100759 848.399
1.29319 7.41471e-05 1947.72
1.30811 9.98414e-05 853.408
1.32302 7.30627e-05 1922.3
1.33794 9.89436e-05 858.33
1.35285 7.20266e-05 1897.86
1.36777 9.80642e-05 863.129
1.38268 7.10366e-05 1874.32
1.3976 9.72014e-05 867.818
1.41251 7.0091e-05 1851.66
1.42743 9.63543e-05 872.371
1.44234 6.91877e-05 1829.8
1.45726 9.55212e-05 876.796
1.47217 6.8325e-05 1808.71
1.48709 9.47015e-05 881.076
1.502 6.75011e-05 1788.33
1.51692 9.38937e-05 885.216
1.53183 6.67144e-05 1768.65
1.54675 9.30972e-05 889.205
1.56166 6.59633e-05 1749.6
1.57658 9.23104e-05 893.043
1.59149 6.52464e-05 1731.15
1.60641 9.15323e-05 896.722
1.62132 6.45625e-05 1713.27
1.63624 9.07601e-05 900.235
1.65115 6.39108e-05 1695.88
1.66607 8.99909e-05 903.569
1.68098 6.3291e-05 1678.94
1.6959 8.92184e-05 906.698
1.71081 6.27039e-05 1662.33
1.72573 8.8433e-05 909.583
1.74064 6.21513e-05 1645.89
1.75556 8.76172e-05 912.146
1.77047 6.16389e-05 1629.37
1.78539 8.6743e-05 914.264
1.8003 6.11779e-05 1612.35
1.81522 8.57655e-05 915.724
1.83013 6.07935e-05 1594.15
1.84505 8.4622e-05 916.191
1.85996 6.05397e-05 1573.8
1.87487 8.32382e-05 915.161
1.88979 6.05309e-05 1549.99
1.9047 8.15558e-05 911.937
1.91962 6.09797e-05 1521.07
1.93453 7.95674e-05 905.744
1.94945 6.2194e-05 1484.62
1.96436 7.73432e-05 896.63
1.97928 6.43695e-05 1435.95
1.99419 7.50657e-05 888.621
2.00911 6.70777e-05 1367.84
2.02402 7.30589e-05 892.791
2.03894 6.91556e-05 1277.54
2.05385 7.1529e-05 919.478
2.06877 6.98883e-05 1173.39
2.08368 7.03644e-05 967.23
2.0986 6.96406e-05 1066.62
2.11351 6.90363e-05 1026.54
2.12843 6.90207e-05 964.356
2.14334 6.88504e-05 876.068
2.15826 6.85268e-05 782.409
2.17317 6.81752e-05 693.877
2.18809 6.78425e-05 614.882
2.203 6.75379e-05 546.651
2.21792 6.72582e-05 488.912
2.23283 6.69976e-05 440.754
2.24775 6.6751e-05 401.036
2.26266 6.65147e-05 368.583
2.27758 6.62859e-05 342.268
2.29249 6.60627e-05 321.056
2.30741 6.58439e-05 304.027
2.32232 6.56288e-05 290.379
2.33724 6.54167e-05 279.431
2.35215 6.52073e-05 270.614
2.36707 6.50004e-05 263.465
2.38198 6.47957e-05 257.609
2.3969 6.45932e-05 252.75
2.41181 6.43927e-05 248.654
2.42673 6.41942e-05 245.142
2.44164 6.39976e-05 242.075
2.45656 6.38029e-05 239.348
2.47147 6.36099e-05 236.88
2.48639 6.34187e-05 234.61
2.5013 6.32293e-05 232.495
2.51622 6.30416e-05 230.498
2.53113 6.28555e-05 228.596
2.54605 6.26711e-05 226.769
2.56096 6.24883e-05 225.004
2.57588 6.23071e-05 223.288
2.59079 6.21275e-05 221.615
2.60571 6.19495e-05 219.979
2.62062 6.17729e-05 218.375
2.63554 6.15979e-05 216.799
2.65045 6.14243e-05 215.25
2.66537 6.12522e-05 213.724
2.68028 6.10815e-05 212.221
2.6952 6.09123e-05 210.74
2.71011 6.075e-05 209.288
2.72503 6.05697e-05 212.171
2.73994 6.04216e-05 208.562
2.75485 6.02388e-05 211.816
2.76977 6.01004e-05 206.987
2.78468 5.99094e-05 212.775
2.7996 5.97831e-05 206.071
2.81451 5.95879e-05 212.756
2.82943 5.9472e-05 204.706
2.84434 5.92693e-05 213.453
2.85926 5.91651e-05 203.704
2.87417 5.89571e-05 213.615
2.88909 5.88635e-05 202.468
2.904 5.86485e-05 214.166
2.91892 5.85663e-05 201.435
2.93383 5.83454e-05 214.423
2.94875 5.8274e-05 200.283
2.96366 5.80462e-05 214.891
2.97858 5.7986e-05 199.248
2.99349 5.77518e-05 215.197
3.00841 5.77026e-05 198.157
3.02332 5.74614e-05 215.618
3.03824 5.74232e-05 197.136
3.05315 5.71754e-05 215.948
3.06807 5.71482e-05 196.09
3.08298 5.68932e-05 216.339
3.0979 5.68771e-05 195.09
3.11281 5.66152e-05 216.68
3.12773 5.66101e-05 194.082
3.14264 5.6341e-05 217.053
3.15756 5.63469e-05 193.105
3.17247 5.60706e-05 217.397
3.18739 5.60876e-05 192.131
3.2023 5.58039e-05 217.756
3.21722 5.58319e-05 191.179
3.23213 5.55409e-05 218.099
3.24705 5.55799e-05 190.235
3.26196 5.52813e-05 218.449
3.27688 5.53313e-05 189.309
3.29179 5.50252e-05 218.789
3.30671 5.50863e-05 188.392
3.32162 5.47725e-05 219.132
3.33654 5.48446e-05 187.49
3.35145 5.45231e-05 219.467
3.36637 5.46062e-05 186.599
3.38128 5.42768e-05 219.803
3.3962 5.4371e-05 185.721
3.41111 5.40338e-05 220.134
3.42603 5.4139e-05 184.854
3.44094 5.37938e-05 220.464
3.45586 5.39101e-05 183.999
3.47077 5.35569e-05 220.79
3.48569 5.36843e-05 183.155
3.5006 5.33229e-05 221.114
3.51552 5.34613e-05 182.323
3.53043 5.30918e-05 221.435
3.54535 5.32413e-05 181.501
3.56026 5.28635e-05 221.754
3.57518 5.30241e-05 180.69
3.59009 5.26381e-05 222.07
3.60501 5.28097e-05 179.89
3.61992 5.24153e-05 222.384
3.63483 5.25981e-05 179.099
3.64975 5.21952e-05 222.696
3.66466 5.23891e-05 178.319
3.67958 5.19776e-05 223.005
3.69449 5.21827e-05 177.548
3.70941 5.17627e-05 223.311
3.72432 5.19788e-05 176.787
3.73924 5.15502e-05 223.616
3.75415 5.17775e-05 176.035
3.76907 5.13402e-05 223.918
3.78398 5.15787e-05 175.292
3.7989 5.11326e-05 224.217
3.81381 5.13822e-05 174.558
3.82873 5.09273e-05 224.515
3.84364 5.11881e-05 173.834
3.85856 5.07244e-05 224.81
3.87347 5.09964e-05 173.117
3.88839 5.05237e-05 225.103
3.9033 5.08069e-05 172.41
3.91822 5.03252e-05 225.394
3.93313 5.06197e-05 171.71
3.94805 5.0129e-05 225.683
3.96296 5.04346e-05 171.019
3.97788 4.99348e-05 225.97
3.99279 5.02517e-05 170.336
4.00771 4.97428e-05 226.255
4.02262 5.00869e-05 169.687
4.03754 4.95266e-05 235.294
4.05245 4.98846e-05 172.205
4.06737 4.93897e-05 220.564
4.08228 4.97167e-05 166.005
4.0972 4.9168e-05 229.348
4.11211 4.95481e-05 168.518
4.12703 4.89861e-05 230.886
4.14194 4.9373e-05 168.324
4.15686 4.88096e-05 229.646
4.17177 4.91966e-05 167.121
4.18669 4.86362e-05 227.397
4.2016 4.90208e-05 165.562
4.21652 4.84651e-05 224.807
4.23143 4.88465e-05 163.89
4.24635 4.8296e-05 222.124
4.26126 4.86738e-05 162.195
4.27618 4.81288e-05 219.439
4.29109 4.85028e-05 160.51
4.30601 4.79633e-05 216.787
4.32092 4.83336e-05 158.848
4.33584 4.77995e-05 214.178
4.35075 4.81661e-05 157.211
4.36567 4.76374e-05 211.615
4.38058 4.80005e-05 155.602
4.3955 4.74837e-05 209.115
4.41041 4.78296e-05 157.489
4.42533 4.73137e-05 210.099
4.44024 4.76784e-05 153.741
4.45516 4.71774e-05 205.523
4.47007 4.74965e-05 160.236
4.48498 4.69932e-05 211.051
4.4999 4.73662e-05 152.814
4.51481 4.68732e-05 202.916
4.52973 4.71739e-05 161.954
4.54464 4.66804e-05 210.983
4.55956 4.70588e-05 151.542
4.57447 4.6577e-05 200.02
4.58939 4.68554e-05 164.097
4.6043 4.63732e-05 211.331
4.61922 4.67581e-05 150.444
4.63413 4.62862e-05 197.347
4.64905 4.65434e-05 166.06
4.66396 4.60722e-05 211.503
4.67888 4.6463e-05 149.308
4.69379 4.60015e-05 194.686
4.70871 4.62365e-05 168.096
4.72362 4.57768e-05 211.742
4.73854 4.61737e-05 148.219
4.75345 4.57224e-05 192.118
4.76837 4.59283e-05 170.085
4.78328 4.55082e-05 202.923
4.7982 4.58751e-05 156.281
4.81311 4.54335e-05 198.331
4.82803 4.56357e-05 160.916
4.84294 4.52782e-05 201.906
4.85786 4.55535e-05 156.178
4.87277 4.51207e-05 196.636
4.88769 4.54116e-05 161.842
4.9026 4.49845e-05 201.189
4.91752 4.52728e-05 155.809
4.93243 4.48508e-05 194.806
4.94735 4.51331e-05 162.87
4.96226 4.47168e-05 200.628
4.97718 4.49972e-05 155.277
4.99209 4.4586e-05 192.859
5.00701 4.48593e-05 164.09
5.02192 4.44539e-05 200.257
5.03684 4.47264e-05 154.543
5.05175 4.43261e-05 190.761
5.06667 4.45901e-05 165.554
5.08158 4.41957e-05 200.118
5.0965 4.44604e-05 153.562
5.11141 4.40711e-05 188.472
5.12633 4.43253e-05 167.33
5.14124 4.39421e-05 200.264
5.15616 4.4199e-05 152.276
5.17107 4.38208e-05 185.942
5.18599 4.40578e-05 169.491
5.2009 4.37149e-05 200.803
5.21582 4.39263e-05 150.546
5.23073 4.35587e-05 183.014
5.24565 4.38237e-05 172.36
5.26056 4.34753e-05 187.6
5.27548 4.36622e-05 165.436
5.29039 4.33065e-05 195.014
5.30531 4.35874e-05 155.662
5.32022 4.32367e-05 185.771
5.33514 4.34072e-05 166.682
5.35005 4.30631e-05 194.739
5.36496 4.33465e-05 154.906
5.37988 4.30067e-05 183.83
5.39479 4.3136e-05 168.088
5.40971 4.28841e-05 194.747
5.42462 4.30659e-05 153.755
5.43954 4.27373e-05 181.477
5.45445 4.29541e-05 170.291
5.46937 4.26399e-05 186.431
5.48428 4.28203e-05 162.978
5.4992 4.25037e-05 188.282
5.51411 4.2725e-05 160.083
5.52903 4.24149e-05 185.199
5.54394 4.25811e-05 163.476
5.55886 4.22762e-05 187.446
5.57377 4.24943e-05 160.067
5.58869 4.21988e-05 183.97
5.6036 4.23389e-05 163.981
5.61852 4.20625e-05 186.653
5.63343 4.22619e-05 160.002
5.64835 4.19768e-05 182.698
5.66326 4.21114e-05 164.59
5.67818 4.18578e-05 185.976
5.69309 4.20249e-05 159.789
5.70801 4.17507e-05 181.306
5.72292 4.19005e-05 165.414
5.73784 4.16513e-05 185.482
5.75275 4.17906e-05 159.352
5.76767 4.15322e-05 179.756
5.78258 4.16895e-05 166.479
5.7975 4.14458e-05 185.195
5.81241 4.15616e-05 158.667
5.82733 4.13236e-05 178.037
5.84224 4.14758e-05 167.81
5.85716 4.12365e-05 185.118
5.87207 4.13439e-05 157.743
5.88699 4.11271e-05 176.162
5.9019 4.12531e-05 169.384
5.91682 4.10275e-05 185.237
5.93173 4.11384e-05 156.603
5.94665 4.09294e-05 174.124
5.96156 4.10328e-05 171.251
5.97648 4.08309e-05 174.975
5.99139 4.09255e-05 169.465
6.00631 4.0734e-05 183.602
6.02122 4.08205e-05 157.194
6.03614 4.06368e-05 173.016
6.05105 4.07163e-05 171.266
6.06597 4.05391e-05 173.355
6.08088 4.06132e-05 170.234
6.0958 4.04457e-05 174.407
6.11071 4.05089e-05 168.173
6.12563 4.03472e-05 180.345
6.14054 4.04097e-05 159.465
6.15546 4.02579e-05 172.794
6.17037 4.0299e-05 169.466
6.18529 4.01727e-05 180.332
6.2002 4.01917e-05 158.475
6.21512 4.00866e-05 171.002
6.23003 4.00816e-05 171.048
6.24494 4.00005e-05 170.653
6.25986 3.9987e-05 171.062
6.27477 3.99061e-05 170.126
6.28969 3.98767e-05 171.314
6.3046 3.98319e-05 169.292
6.31952 3.9774e-05 177.856
6.33443 3.9733e-05 159.574
6.34935 3.96899e-05 169.67
6.36426 3.96338e-05 177.369
6.37918 3.95951e-05 159.53
6.39409 3.95494e-05 168.888
6.40901 3.94979e-05 175.989
6.42392 3.94552e-05 160.698
6.43884 3.94111e-05 169.073
6.45375 3.93608e-05 175.369
6.46867 3.93186e-05 160.849
6.48358 3.9275e-05 168.462
6.4985 3.92255e-05 174.141
6.51341 3.91831e-05 161.851
6.52833 3.91397e-05 168.52
6.54324 3.90913e-05 173.441
6.55816 3.90493e-05 162.135
6.57307 3.90063e-05 168.023
6.58799 3.89587e-05 172.322
6.6029 3.89166e-05 163.019
6.61782 3.88738e-05 167.994
6.63273 3.88272e-05 171.573
6.64765 3.87855e-05 163.395
6.66256 3.87429e-05 167.577
6.67748 3.86972e-05 170.536
6.69239 3.86555e-05 164.194
6.70731 3.86159e-05 167.494
6.72222 3.85676e-05 169.762
6.73714 3.85195e-05 171.233
6.75205 3.84861e-05 162.297
6.76697 3.84472e-05 165.131
6.78188 3.84026e-05 167.051
6.7968 3.83554e-05 168.263
6.81171 3.83138e-05 168.946
6.82663 3.82723e-05 169.23
6.84154 3.82308e-05 169.212
6.85646 3.81894e-05 168.97
6.87137 3.81481e-05 168.561
6.88629 3.81069e-05 168.028
6.9012 3.80658e-05 167.404
6.91612 3.80248e-05 166.714
6.93103 3.79839e-05 165.976
6.94595 3.79431e-05 165.204
6.96086 3.79025e-05 164.409
6.97578 3.7862e-05 163.597
6.99069 3.78216e-05 162.776
7.00561 3.77813e-05 161.948
7.02052 3.77411e-05 161.117
7.03544 3.77011e-05 160.287
7.05035 3.76612e-05 159.457
7.06527 3.76215e-05 158.631
7.08018 3.75818e-05 157.808
7.0951 3.75423e-05 156.989
7.11001 3.75029e-05 156.175
7.12492 3.74636e-05 155.366
7.13984 3.74245e-05 154.563
7.15475 3.73855e-05 153.766
7.16967 3.73466e-05 152.974
7.18458 3.73078e-05 152.188
7.1995 3.72691e-05 151.409
7.21441 3.72306e-05 150.635
7.22933 3.71921e-05 149.868
7.24424 3.71538e-05 149.106
7.25916 3.71156e-05 148.351
7.27407 3.70776e-05 147.601
7.28899 3.70396e-05 146.858
7.3039 3.70018e-05 146.121
7.31882 3.69641e-05 145.39
7.33373 3.69264e-05 144.665
7.34865 3.6889e-05 143.946
7.36356 3.68516e-05 143.233
7.37848 3.68143e-05 142.527
7.39339 3.67772e-05 141.826
7.40831 3.67401e-05 141.132
7.42322 3.67032e-05 140.443
7.43814 3.66664e-05 139.761
7.45305 3.66297e-05 139.085
7.46797 3.65931e-05 138.415
7.48288 3.65566e-05 137.751
7.4978 3.65202e-05 137.093
7.51271 3.64839e-05 136.442
7.52763 3.64478e-05 135.797
7.54254 3.64117e-05 135.158
7.55746 3.63758e-05 134.526
7.57237 3.63399e-05 133.9
7.58729 3.63042e-05 133.281
7.6022 3.62686e-05 132.668
7.61712 3.62331e-05 132.062
7.63203 3.61976e-05 131.463
7.64695 3.61623e-05 130.87
7.66186 3.61271e-05 130.284
7.67678 3.6092e-05 129.706
7.69169 3.6057e-05 129.134
7.70661 3.60221e-05 128.57
7.72152 3.59873e-05 128.013
7.73644 3.59526e-05 127.464
7.75135 3.5918e-05 126.922
7.76627 3.58835e-05 126.388
7.78118 3.58491e-05 125.862
7.7961 3.58148e-05 125.345
7.81101 3.57805e-05 124.836
7.82593 3.57464e-05 124.335
7.84084 3.57124e-05 123.843
7.85576 3.56785e-05 123.361
7.87067 3.56447e-05 122.887
7.88559 3.5611e-05 122.423
7.9005 3.55773e-05 121.97
7.91542 3.55438e-05 121.526
7.93033 3.55104e-05 121.093
7.94525 3.5477e-05 120.671
7.96016 3.54438e-05 120.26
7.97508 3.54106e-05 119.861
7.98999 3.53776e-05 119.474
8.0049 3.53446e-05 119.099
8.01982 3.53117e-05 118.738
8.03473 3.52789e-05 118.39
8.04965 3.52463e-05 118.056
8.06456 3.52137e-05 117.737
8.07948 3.51811e-05 117.433
8.09439 3.51487e-05 117.145
8.10931 3.51164e-05 116.874
8.12422 3.50842e-05 116.62
8.13914 3.5052e-05 116.384
8.15405 3.50199e-05 116.166
8.16897 3.4988e-05 115.969
8.18388 3.49561e-05 115.792
8.1988 3.49243e-05 115.637
8.21371 3.48926e-05 115.504
8.22863 3.4861e-05 115.395
8.24354 3.48294e-05 115.31
8.25846 3.4798e-05 115.252
8.27337 3.47666e-05 115.221
8.28829 3.47353e-05 115.218
8.3032 3.47041e-05 115.246
8.31812 3.4673e-05 115.305
8.33303 3.4642e-05 115.397
8.34795 3.46111e-05 115.524
8.36286 3.45802e-05 115.687
8.37778 3.45495e-05 115.889
8.39269 3.45188e-05 116.131
8.40761 3.44882e-05 116.416
8.42252 3.44577e-05 116.745
8.43744 3.44273e-05 117.122
8.45235 3.43969e-05 117.547
8.46727 3.43667e-05 118.025
8.48218 3.43365e-05 118.558
8.4971 3.43064e-05 119.149
8.51201 3.42764e-05 119.8
8.52693 3.42465e-05 120.516
8.54184 3.42167e-05 121.299
8.55676 3.41869e-05 122.153
8.57167 3.41572e-05 123.082
8.58659 3.41277e-05 124.091
8.6015 3.40982e-05 125.182
8.61642 3.40688e-05 126.361
8.63133 3.40395e-05 127.633
8.64625 3.40102e-05 129.002
8.66116 3.39811e-05 130.475
8.67608 3.39521e-05 132.055
8.69099 3.39231e-05 133.75
8.70591 3.38942e-05 135.566
8.72082 3.38655e-05 137.508
8.73574 3.38368e-05 139.585
8.75065 3.38082e-05 141.803
8.76557 3.37798e-05 144.17
8.78048 3.37514e-05 146.695
8.7954 3.37232e-05 149.385
8.81031 3.3695e-05 152.25
8.82523 3.3667e-05 155.299
8.84014 3.36391e-05 158.543
8.85506 3.36113e-05 161.992
8.86997 3.35836e-05 165.657
8.88488 3.35516e-05 169.538
8.8998 3.34002e-05 173.343
8.91471 3.36548e-05 163.476
8.92963 3.3385e-05 171.156
8.94454 3.35391e-05 168.881
8.95946 3.31696e-05 177.572
8.97437 3.36765e-05 162.747
8.98929 3.31625e-05 175.564
9.0042 3.35507e-05 168.04
9.01912 3.28933e-05 182.212
9.03403 3.37498e-05 162.253
9.04895 3.28941e-05 180.713
9.06386 3.36143e-05 166.976
9.07878 3.25586e-05 187.168
9.09369 3.38881e-05 162.137
9.10861 3.25635e-05 186.684
9.12352 3.37468e-05 165.655
9.13844 3.21525e-05 192.32
9.15335 3.41048e-05 162.551
9.16827 3.21509e-05 193.55
9.18318 3.39682e-05 164.067
9.1981 3.16649e-05 197.545
9.21301 3.44091e-05 163.616
9.22793 3.16335e-05 201.336
9.24284 3.43001e-05 162.277
9.25776 3.11061e-05 202.828
9.27267 3.47882e-05 165.253
9.28759 3.09752e-05 209.816
9.3025 3.48064e-05 160.725
9.31742 3.0529e-05 208.666
9.33233 3.51721e-05 166.64
9.34725 3.02862e-05 218.477
9.36216 3.53253e-05 170.252
9.37708 2.9942e-05 215.75
9.39199 3.50122e-05 172.371
9.40691 3.04338e-05 218.531
9.42182 3.49919e-05 177.499
9.43674 3.01911e-05 213.187
9.45165 3.47171e-05 178.735
9.46657 3.0493e-05 217.028
9.48148 3.4564e-05 184.167
9.4964 3.04956e-05 212.381
9.51131 3.42967e-05 185.731
9.52623 3.07129e-05 215.376
9.54114 3.40586e-05 190.724
9.55606 3.0848e-05 212.252
9.57097 3.37779e-05 192.907
9.58589 3.10445e-05 214.145
9.6008 3.34915e-05 197.346
9.61572 3.12416e-05 212.345
9.63063 3.31959e-05 200.05
9.64555 3.14389e-05 213.393
9.66046 3.28891e-05 204.034
9.67538 3.16534e-05 212.468
9.69029 3.25813e-05 207.034
9.70521 3.18346e-05 212.965
9.72012 3.22623e-05 210.634
9.73504 3.22699e-05 211.673
9.74995 3.22038e-05 214.14
9.76486 3.21436e-05 217.344
9.77978 3.2097e-05 220.968
9.79469 3.20597e-05 224.838
9.80961 3.20278e-05 228.851
9.82452 3.19988e-05 232.946
9.83944 3.19713e-05 237.084
9.85435 3.19445e-05 241.238
9.86927 3.19178e-05 245.392
9.88418 3.18911e-05 249.534
9.8991 3.18642e-05 253.653
9.91401 3.18369e-05 257.742
9.92893 3.18093e-05 261.792
9.94384 3.17813e-05 265.799
9.95876 3.1753e-05 269.755
9.97367 3.17244e-05 273.656
9.98859 3.16954e-05 277.495
10.0035 3.16662e-05 281.268
10.0184 3.16367e-05 284.97
10.0333 3.16071e-05 288.597
10.0482 3.15773e-05 292.145
10.0632 3.15475e-05 295.609
10.0781 3.15177e-05 298.987
10.093 3.14878e-05 302.275
10.1079 3.14581e-05 305.471
10.1228 3.14285e-05 308.573
10.1377 3.13991e-05 311.578
10.1527 3.13699e-05 314.485
10.1676 3.13409e-05 317.293
10.1825 3.13123e-05 320
10.1974 3.1284e-05 322.607
10.2123 3.12561e-05 325.112
10.2272 3.12286e-05 327.517
10.2421 3.12014e-05 329.82
10.2571 3.11747e-05 332.023
10.272 3.11484e-05 334.127
10.2869 3.11226e-05 336.132
10.3018 3.10971e-05 338.04
10.3167 3.10721e-05 339.852
10.3316 3.10476e-05 341.57
10.3465 3.10234e-05 343.195
10.3615 3.09996e-05 344.729
10.3764 3.09763e-05 346.175
10.3913 3.09532e-05 347.535
10.4062 3.09306e-05 348.81
10.4211 3.09082e-05 350.003
10.436 3.08862e-05 351.116
10.451 3.08644e-05 352.152
10.4659 3.0843e-05 353.112
10.4808 3.08217e-05 354.001
10.4957 3.08007e-05 354.819
10.5106 3.07799e-05 355.57
10.5255 3.07593e-05 356.255
10.5404 3.07388e-05 356.877
10.5554 3.07185e-05 357.44
10.5703 3.06984e-05 357.944
10.5852 3.06783e-05 358.393
10.6001 3.06584e-05 358.788
10.615 3.06385e-05 359.132
10.6299 3.06188e-05 359.428
10.6448 3.0599e-05 359.676
10.6598 3.05794e-05 359.881
10.6747 3.05598e-05 360.042
10.6896 3.05402e-05 360.164
10.7045 3.05206e-05 360.246
10.7194 3.05011e-05 360.292
10.7343 3.04816e-05 360.304
10.7492 3.04621e-05 360.282
10.7642 3.04426e-05 360.228
10.7791 3.04232e-05 360.145
10.794 3.04037e-05 360.034
10.8089 3.03842e-05 359.895
10.8238 3.03647e-05 359.732
10.8387 3.03453e-05 359.544
10.8537 3.03258e-05 359.334
10.8686 3.03063e-05 359.103
10.8835 3.02868e-05 358.851
10.8984 3.02673e-05 358.581
10.9133 3.02478e-05 358.292
10.9282 3.02282e-05 357.987
10.9431 3.02087e-05 357.666
10.9581 3.01892e-05 357.329
10.973 3.01697e-05 356.979
10.9879 3.01501e-05 356.616
11.0028 3.01306e-05 356.24
11.0177 3.01111e-05 355.853
11.0326 3.00915e-05 355.455
11.0475 3.0072e-05 355.047
11.0625 3.00525e-05 354.629
11.0774 3.00329e-05 354.203
11.0923 3.00134e-05 353.768
11.1072 2.99939e-05 353.325
11.1221 2.99744e-05 352.876
11.137 2.99549e-05 352.419
11.152 2.99354e-05 351.957
11.1669 2.99159e-05 351.489
11.1818 2.98965e-05 351.015
11.1967 2.9877e-05 350.537
11.2116 2.98576e-05 350.053
11.2265 2.98382e-05 349.566
11.2414 2.98188e-05 349.075
11.2564 2.97994e-05 348.58
11.2713 2.978e-05 348.082
11.2862 2.97607e-05 347.581
11.3011 2.97413e-05 347.078
11.316 2.9722e-05 346.572
11.3309 2.97027e-05 346.063
11.3458 2.96835e-05 345.553
11.3608 2.96642e-05 345.041
11.3757 2.9645e-05 344.527
11.3906 2.96258e-05 344.012
11.4055 2.96067e-05 343.496
11.4204 2.95875e-05 342.978
11.4353 2.95684e-05 342.46
11.4503 2.95494e-05 341.941
11.4652 2.95303e-05 341.421
11.4801 2.95113e-05 340.901
11.495 2.94923e-05 340.38
11.5099 2.94733e-05 339.859
11.5248 2.94544e-05 339.338
11.5397 2.94354e-05 338.817
11.5547 2.94166e-05 338.296
11.5696 2.93977e-05 337.774
11.5845 2.93789e-05 337.253
11.5994 2.93601e-05 336.733
11.6143 2.93413e-05 336.212
11.6292 2.93226e-05 335.692
11.6441 2.93039e-05 335.173
11.6591 2.92852e-05 334.654
11.674 2.92666e-05 334.135
11.6889 2.9248e-05 333.618
11.7038 2.92294e-05 333.101
11.7187 2.92109e-05 332.584
11.7336 2.91923e-05 332.068
11.7485 2.91739e-05 331.554
11.7635 2.91554e-05 331.039
11.7784 2.9137e-05 330.526
11.7933 2.91186e-05 330.014
11.8082 2.91003e-05 329.503
11.8231 2.90819e-05 328.992
11.838 2.90637e-05 328.483
11.853 2.90454e-05 327.974
11.8679 2.90272e-05 327.467
11.8828 2.9009e-05 326.961
11.8977 2.89908e-05 326.455
11.9126 2.89727e-05 325.951
11.9275 2.89546e-05 325.448
11.9424 2.89366e-05 324.946
11.9574 2.89185e-05 324.445
11.9723 2.89005e-05 323.945
11.9872 2.88826e-05 323.446
12.0021 2.88646e-05 322.949
12.017 2.88467e-05 322.453
12.0319 2.88289e-05 321.958
12.0468 2.8811e-05 321.464
12.0618 2.87932e-05 320.971
12.0767 2.87755e-05 320.479
12.0916 2.87577e-05 319.989
12.1065 2.874e-05 319.5
12.1214 2.87223e-05 319.012
12.1363 2.87047e-05 318.525
12.1513 2.86871e-05 318.039
12.1662 2.86695e-05 317.555
12.1811 2.8652e-05 317.072
12.196 2.86344e-05 316.59
12.2109 2.8617e-05 316.11
12.2258 2.85995e-05 315.63
12.2407 2.85821e-05 315.152
12.2557 2.85647e-05 314.675
12.2706 2.85473e-05 314.199
12.2855 2.853e-05 313.725
12.3004 2.85127e-05 313.251
12.3153 2.84955e-05 312.779
12.3302 2.84782e-05 312.309
12.3451 2.8461e-05 311.839
12.3601 2.84438e-05 311.371
12.375 2.84267e-05 310.903
12.3899 2.84096e-05 310.437
12.4048 2.83925e-05 309.973
12.4197 2.83755e-05 309.509
12.4346 2.83584e-05 309.047
12.4495 2.83415e-05 308.586
12.4645 2.83245e-05 308.126
12.4794 2.83076e-05 307.667
12.4943 2.82907e-05 307.21
12.5092 2.82738e-05 306.754
12.5241 2.8257e-05 306.298
12.539 2.82402e-05 305.845
12.554 2.82234e-05 305.392
12.5689 2.82066e-05 304.94
12.5838 2.81899e-05 304.49
12.5987 2.81732e-05 304.041
12.6136 2.81566e-05 303.593
12.6285 2.81399e-05 303.146
12.6434 2.81233e-05 302.701
12.6584 2.81068e-05 302.256
12.6733 2.80902e-05 301.813
12.6882 2.80737e-05 301.371
12.7031 2.80572e-05 300.93
12.718 2.80408e-05 300.49
12.7329 2.80243e-05 300.051
12.7478 2.80079e-05 299.614
12.7628 2.79916e-05 299.178
12.7777 2.79752e-05 298.742
12.7926 2.79589e-05 298.308
12.8075 2.79426e-05 297.875
12.8224 2.79264e-05 297.443
12.8373 2.79101e-05 297.013
12.8523 2.7894e-05 296.583
12.8672 2.78778e-05 296.155
12.8821 2.78616e-05 295.727
12.897 2.78455e-05 295.301
12.9119 2.78294e-05 294.876
12.9268 2.78134e-05 294.452
12.9417 2.77973e-05 294.029
12.9567 2.77813e-05 293.607
12.9716 2.77654e-05 293.186
12.9865 2.77494e-05 292.767
13.0014 2.77335e-05 292.348
13.0163 2.77176e-05 291.931
13.0312 2.77017e-05 291.514
13.0461 2.76859e-05 291.099
13.0611 2.76701e-05 290.684
13.076 2.76543e-05 290.271
13.0909 2.76385e-05 289.859
13.1058 2.76228e-05 289.448
13.1207 2.76071e-05 289.038
13.1356 2.75914e-05 288.629
13.1506 2.75758e-05 288.221
13.1655 2.75602e-05 287.814
13.1804 2.75446e-05 287.408
13.1953 2.7529e-05 287.003
13.2102 2.75134e-05 286.599
13.2251 2.74979e-05 286.196
13.24 2.74824e-05 285.795
13.255 2.7467e-05 285.394
13.2699 2.74515e-05 284.994
13.2848 2.74361e-05 284.595
13.2997 2.74207e-05 284.198
13.3146 2.74054e-05 283.801
13.3295 2.739e-05 283.405
13.3444 2.73747e-05 283.01
13.3594 2.73594e-05 282.617
13.3743 2.73442e-05 282.224
13.3892 2.73289e-05 281.832
13.4041 2.73137e-05 281.441
13.419 2.72985e-05 281.052
13.4339 2.72834e-05 280.663
13.4488 2.72682e-05 280.275
13.4638 2.72531e-05 279.888
13.4787 2.72381e-05 279.502
13.4936 2.7223e-05 279.117
13.5085 2.7208e-05 278.733
13.5234 2.7193e-05 278.35
13.5383 2.7178e-05 277.968
13.5533 2.7163e-05 277.587
13.5682 2.71481e-05 277.207
13.5831 2.71332e-05 276.827
13.598 2.71183e-05 276.449
13.6129 2.71034e-05 276.072
13.6278 2.70886e-05 275.695
13.6427 2.70738e-05 275.32
13.6577 2.7059e-05 274.945
13.6726 2.70442e-05 274.571
13.6875 2.70295e-05 274.199
13.7024 2.70148e-05 273.827
13.7173 2.70001e-05 273.456
13.7322 2.69854e-05 273.086
13.7471 2.69708e-05 272.717
13.7621 2.69562e-05 272.349
13.777 2.69416e-05 271.981
13.7919 2.6927e-05 271.615
13.8068 2.69124e-05 271.249
13.8217 2.68979e-05 270.885
13.8366 2.68834e-05 270.521
13.8516 2.68689e-05 270.158
13.8665 2.68545e-05 269.796
13.8814 2.68401e-05 269.435
13.8963 2.68257e-05 269.075
13.9112 2.68113e-05 268.715
13.9261 2.67969e-05 268.357
13.941 2.67826e-05 267.999
13.956 2.67683e-05 267.642
13.9709 2.6754e-05 267.286
13.9858 2.67397e-05 266.931
14.0007 2.67254e-05 266.577
14.0156 2.67112e-05 266.224
14.0305 2.6697e-05 265.871
14.0454 2.66828e-05 265.52
14.0604 2.66687e-05 265.169
14.0753 2.66546e-05 264.819
14.0902 2.66404e-05 264.47
14.1051 2.66264e-05 264.121
14.12 2.66123e-05 263.774
14.1349 2.65982e-05 263.427
14.1498 2.65842e-05 263.081
14.1648 2.65702e-05 262.736
14.1797 2.65562e-05 262.392
14.1946 2.65423e-05 262.049
14.2095 2.65284e-05 261.706
14.2244 2.65144e-05 261.364
14.2393 2.65006e-05 261.024
14.2543 2.64867e-05 260.683
14.2692 2.64728e-05 260.344
14.2841 2.6459e-05 260.006
14.299 2.64452e-05 259.668
14.3139 2.64314e-05 259.331
14.3288 2.64177e-05 258.995
14.3437 2.64039e-05 258.659
14.3587 2.63902e-05 258.325
14.3736 2.63765e-05 257.991
14.3885 2.63628e-05 257.658
14.4034 2.63492e-05 257.326
14.4183 2.63356e-05 256.994
14.4332 2.63219e-05 256.664
14.4481 2.63084e-05 256.334
14.4631 2.62948e-05 256.004
14.478 2.62812e-05 255.676
14.4929 2.62677e-05 255.348
14.5078 2.62542e-05 255.022
14.5227 2.62407e-05 254.695
14.5376 2.62273e-05 254.37
14.5526 2.62138e-05 254.045
14.5675 2.62004e-05 253.722
14.5824 2.6187e-05 253.399
14.5973 2.61736e-05 253.076
14.6122 2.61602e-05 252.755
14.6271 2.61469e-05 252.434
14.642 2.61336e-05 252.114
14.657 2.61203e-05 251.794
14.6719 2.6107e-05 251.475
14.6868 2.60937e-05 251.158
14.7017 2.60805e-05 250.84
14.7166 2.60673e-05 250.524
14.7315 2.60541e-05 250.208
14.7464 2.60409e-05 249.893
14.7614 2.60278e-05 249.579
14.7763 2.60146e-05 249.265
14.7912 2.60016e-05 248.953
14.8061 2.59885e-05 248.641
14.821 2.59756e-05 248.33
14.8359 2.59629e-05 248.021
14.8509 2.59503e-05 247.715
14.8658 2.59382e-05 247.411
14.8807 2.59265e-05 247.111
14.8956 2.59155e-05 246.817
14.9105 2.59053e-05 246.53
14.9254 2.5896e-05 246.25
14.9403 2.58877e-05 245.98
14.9553 2.58803e-05 245.718
14.9702 2.58737e-05 245.465
14.9851 2.58675e-05 245.218
15 2.58616e-05 244.976
