0.1 0.000376369 12975.2
0.114915 0.000196658 41397.7
0.12983 0.000295867 28357.1
0.144745 0.000257577 28159.3
0.15966 0.000251579 25590.8
0.174575 0.000239361 24026.4
0.189489 0.000229955 22502.5
0.204404 0.000221321 21247
0.219319 0.000213682 20120.7
0.234234 0.000206737 19132.4
0.249149 0.000200454 18248.3
0.264064 0.000194699 17454.3
0.278979 0.000189418 16736.6
0.293894 0.000184543 16084.1
0.308809 0.000180027 15488.1
0.323724 0.000175826 14941.1
0.338639 0.000171907 14437.2
0.353554 0.000168239 13971.3
0.368468 0.000164795 13539
0.383383 0.000161555 13136.7
0.398298 0.000158499 12761.2
0.413213 0.00015561 12409.8
0.428128 0.000152872 12080.1
0.443043 0.000150266 11769.8
0.457958 0.000147756 11475.8
0.472873 0.000145234 11191.9
0.487788 0.000142375 10901.3
0.502703 0.000138311 10562.3
0.517618 0.000131133 10084.8
0.532533 0.000117453 9302.9
0.547447 0.000113883 6409.89
0.562362 0.000133708 2533.71
0.577277 0.000187789 1286.37
0.592192 0.000100529 3336.08
0.607107 0.000162911 939.271
0.622022 9.53328e-05 3066.66
0.636937 0.000156409 891.99
0.651852 9.28848e-05 2897.25
0.666767 0.000152776 886.903
0.681682 9.03915e-05 2801.42
0.696597 0.000149769 882.893
0.711512 8.80491e-05 2713.66
0.726426 0.000147018 883.951
0.741341 8.58724e-05 2639.6
0.756256 0.000144447 885.745
0.771171 8.38451e-05 2571.7
0.786086 0.000141935 888.969
0.801001 8.19694e-05 2510.6
0.815916 0.000139542 892.492
0.830831 8.02629e-05 2454.61
0.845746 0.000137246 896.259
0.860661 7.8676e-05 2402.65
0.875576 0.00013505 900.315
0.89049 7.71941e-05 2354.36
0.905405 0.000132953 904.454
0.92032 7.57646e-05 2308.47
0.935235 0.000130946 909.143
0.95015 7.43846e-05 2265.38
0.965065 0.000129044 913.938
0.97998 7.30941e-05 2225.02
0.994895 0.000127205 918.481
1.00981 7.18876e-05 2186.75
1.02472 0.000125423 922.992
1.03964 7.07612e-05 2150.71
1.05455 0.000123689 927.167
1.06947 6.97082e-05 2116.38
1.08438 0.000122004 931.271
1.0993 6.87247e-05 2083.93
1.11421 0.000120361 934.996
1.12913 6.78051e-05 2052.88
1.14404 0.000118759 938.637
1.15896 6.69453e-05 2023.46
1.17387 0.000117196 941.889
1.18879 6.61406e-05 1995.2
1.2037 0.000115671 945.057
1.21862 6.53872e-05 1968.34
1.23353 0.000114181 947.844
1.24845 6.4681e-05 1942.48
1.26336 0.000112726 950.555
1.27828 6.40186e-05 1917.84
1.29319 0.000111304 952.9
1.30811 6.33966e-05 1894.04
1.32302 0.000109913 955.186
1.33794 6.2812e-05 1871.32
1.35285 0.000108554 957.126
1.36777 6.22619e-05 1849.32
1.38268 0.000107225 959.025
1.3976 6.17436e-05 1828.28
1.41251 0.000105926 960.6
1.42743 6.12547e-05 1807.86
1.44234 0.000104655 962.154
1.45726 6.07929e-05 1788.29
1.47217 0.000103413 963.405
1.48709 6.03562e-05 1769.25
1.502 0.000102197 964.656
1.51692 5.99426e-05 1750.98
1.53183 0.000101007 965.621
1.54675 5.95504e-05 1733.17
1.56166 9.98429e-05 966.607
1.57658 5.9178e-05 1716.04
1.59149 9.87032e-05 967.322
1.60641 5.88241e-05 1699.29
1.62132 9.75862e-05 968.077
1.63624 5.84872e-05 1683.14
1.65115 9.64903e-05 968.567
1.66607 5.81666e-05 1667.25
1.68098 9.54116e-05 969.109
1.6959 5.78614e-05 1651.83
1.71081 9.43456e-05 969.381
1.72573 5.75713e-05 1636.46
1.74064 9.32827e-05 969.696
1.75556 5.72967e-05 1621.21
1.77047 9.22091e-05 969.706
1.78539 5.704e-05 1605.47
1.8003 9.11001e-05 969.702
1.81522 5.68071e-05 1588.94
1.83013 8.99218e-05 969.288
1.84505 5.66159e-05 1570.47
1.85996 8.86281e-05 968.695
1.87487 5.65109e-05 1549.06
1.88979 8.71788e-05 967.427
1.9047 5.65982e-05 1522.8
1.91962 8.55531e-05 965.443
1.93453 5.70921e-05 1490.06
1.94945 8.37391e-05 961.474
1.96436 5.8341e-05 1448.33
1.97928 8.16082e-05 954.042
1.99419 6.06842e-05 1393.94
2.00911 7.88687e-05 942.964
2.02402 6.3931e-05 1320.12
2.03894 7.55266e-05 938.374
2.05385 6.69814e-05 1225.24
2.06877 7.23316e-05 955.767
2.08368 6.87771e-05 1119.66
2.0986 7.00177e-05 998.756
2.11351 6.88766e-05 1012.51
2.12843 6.89075e-05 956.965
2.14334 6.87214e-05 871.889
2.15826 6.84173e-05 779.918
2.17317 6.80936e-05 692.358
2.18809 6.77852e-05 613.949
2.203 6.74987e-05 546.078
2.21792 6.72316e-05 488.56
2.23283 6.69797e-05 440.536
2.24775 6.67389e-05 400.901
2.26266 6.65064e-05 368.498
2.27758 6.62801e-05 342.213
2.29249 6.60587e-05 321.021
2.30741 6.58411e-05 304.004
2.32232 6.56268e-05 290.364
2.33724 6.54153e-05 279.42
2.35215 6.52063e-05 270.607
2.36707 6.49997e-05 263.46
2.38198 6.47952e-05 257.606
2.3969 6.45928e-05 252.747
2.41181 6.43924e-05 248.652
2.42673 6.4194e-05 245.141
2.44164 6.39974e-05 242.075
2.45656 6.38027e-05 239.347
2.47147 6.36098e-05 236.879
2.48639 6.34187e-05 234.61
2.5013 6.32293e-05 232.494
2.51622 6.30415e-05 230.498
2.53113 6.28555e-05 228.596
2.54605 6.26711e-05 226.769
2.56096 6.24883e-05 225.003
2.57588 6.23071e-05 223.288
2.59079 6.21275e-05 221.615
2.60571 6.19494e-05 219.979
2.62062 6.17729e-05 218.375
2.63554 6.15979e-05 216.799
2.65045 6.14243e-05 215.25
2.66537 6.12522e-05 213.724
2.68028 6.10815e-05 212.221
2.6952 6.09123e-05 210.74
2.71011 6.07487e-05 209.285
2.72503 6.05717e-05 212.177
2.73994 6.04196e-05 208.562
2.75485 6.02412e-05 211.821
2.76977 6.00972e-05 206.984
2.78468 5.99132e-05 212.786
2.7996 5.9779e-05 206.07
2.81451 5.95924e-05 212.766
2.82943 5.94668e-05 204.702
2.84434 5.9275e-05 213.469
2.85926 5.91589e-05 203.701
2.87417 5.89637e-05 213.631
2.88909 5.88563e-05 202.463
2.904 5.86563e-05 214.187
2.91892 5.85581e-05 201.431
2.93383 5.83541e-05 214.445
2.94875 5.82648e-05 200.278
2.96366 5.8056e-05 214.918
2.97858 5.79758e-05 199.243
2.99349 5.77626e-05 215.226
3.00841 5.76912e-05 198.151
3.02332 5.74732e-05 215.65
3.03824 5.74109e-05 197.129
3.05315 5.71883e-05 215.983
3.06807 5.71348e-05 196.083
3.08298 5.69072e-05 216.378
3.0979 5.68627e-05 195.082
3.11281 5.66302e-05 216.721
3.12773 5.65946e-05 194.074
3.14264 5.63571e-05 217.097
3.15756 5.63303e-05 193.097
3.17247 5.60878e-05 217.444
3.18739 5.60699e-05 192.122
3.2023 5.58221e-05 217.807
3.21722 5.58132e-05 191.17
3.23213 5.55601e-05 218.153
3.24705 5.556e-05 190.225
3.26196 5.53017e-05 218.507
3.27688 5.53104e-05 189.298
3.29179 5.50467e-05 218.85
3.30671 5.50643e-05 188.38
3.32162 5.4795e-05 219.196
3.33654 5.48215e-05 187.478
3.35145 5.45467e-05 219.535
3.36637 5.4582e-05 186.586
3.38128 5.43016e-05 219.875
3.3962 5.43457e-05 185.708
3.41111 5.40597e-05 220.209
3.42603 5.41126e-05 184.84
3.44094 5.38208e-05 220.543
3.45586 5.38826e-05 183.985
3.47077 5.3585e-05 220.873
3.48569 5.36556e-05 183.141
3.5006 5.33521e-05 221.201
3.51552 5.34316e-05 182.308
3.53043 5.31221e-05 221.526
3.54535 5.32104e-05 181.486
3.56026 5.2895e-05 221.848
3.57518 5.29921e-05 180.674
3.59009 5.26706e-05 222.169
3.60501 5.27766e-05 179.873
3.61992 5.2449e-05 222.487
3.63483 5.25638e-05 179.082
3.64975 5.223e-05 222.802
3.66466 5.23536e-05 178.301
3.67958 5.20136e-05 223.115
3.69449 5.21461e-05 177.53
3.70941 5.17998e-05 223.426
3.72432 5.19411e-05 176.768
3.73924 5.15885e-05 223.734
3.75415 5.17387e-05 176.015
3.76907 5.13796e-05 224.041
3.78398 5.15386e-05 175.272
3.7989 5.11732e-05 224.345
3.81381 5.1341e-05 174.538
3.82873 5.09691e-05 224.646
3.84364 5.11458e-05 173.813
3.85856 5.07673e-05 224.946
3.87347 5.09529e-05 173.096
3.88839 5.05678e-05 225.244
3.9033 5.07622e-05 172.387
3.91822 5.03705e-05 225.539
3.93313 5.05738e-05 171.687
3.94805 5.01754e-05 225.832
3.96296 5.03876e-05 170.996
3.97788 4.99824e-05 226.123
3.99279 5.02035e-05 170.312
4.00771 4.97916e-05 226.413
4.02262 5.00337e-05 169.656
4.03754 4.95828e-05 235.396
4.05245 4.98358e-05 172.158
4.06737 4.9435e-05 220.756
4.08228 4.96646e-05 165.99
4.0972 4.9223e-05 229.461
4.11211 4.94933e-05 168.467
4.12703 4.90418e-05 230.964
4.14194 4.93176e-05 168.258
4.15686 4.88652e-05 229.71
4.17177 4.91413e-05 167.05
4.18669 4.86914e-05 227.454
4.2016 4.89659e-05 165.49
4.21652 4.85198e-05 224.86
4.23143 4.8792e-05 163.818
4.24635 4.83502e-05 222.175
4.26126 4.86198e-05 162.124
4.27618 4.81824e-05 219.49
4.29109 4.84494e-05 160.44
4.30601 4.80164e-05 216.836
4.32092 4.82807e-05 158.779
4.33584 4.78521e-05 214.226
4.35075 4.81138e-05 157.144
4.36567 4.76895e-05 211.663
4.38058 4.79486e-05 155.536
4.3955 4.75336e-05 209.158
4.41041 4.77799e-05 157.36
4.42533 4.73658e-05 210.085
4.44024 4.76265e-05 153.653
4.45516 4.7224e-05 205.536
4.47007 4.74502e-05 160.143
4.48498 4.7046e-05 211.077
4.4999 4.73135e-05 152.739
4.51481 4.69175e-05 202.937
4.52973 4.713e-05 161.853
4.54464 4.67337e-05 211.005
4.55956 4.70057e-05 151.464
4.57447 4.66186e-05 200.032
4.58939 4.68143e-05 164.01
4.6043 4.6427e-05 211.369
4.61922 4.67043e-05 150.371
4.63413 4.63251e-05 197.359
4.64905 4.6505e-05 165.978
4.66396 4.61264e-05 211.548
4.67888 4.64087e-05 149.237
4.69379 4.60378e-05 194.693
4.70871 4.62011e-05 168.022
4.72362 4.58315e-05 211.799
4.73854 4.61187e-05 148.151
4.75345 4.57559e-05 192.123
4.76837 4.59004e-05 170.028
4.78328 4.55491e-05 203.117
4.7982 4.58293e-05 155.981
4.81311 4.54747e-05 198.135
4.82803 4.55948e-05 161.082
4.84294 4.53238e-05 202.163
4.85786 4.55082e-05 155.804
4.87277 4.51599e-05 196.368
4.88769 4.53729e-05 162.102
4.9026 4.50295e-05 201.532
4.91752 4.52279e-05 155.336
4.93243 4.48881e-05 194.444
4.94735 4.50963e-05 163.257
4.96226 4.47615e-05 201.086
4.97718 4.49524e-05 154.672
4.99209 4.46211e-05 192.372
5.00701 4.48248e-05 164.648
5.02192 4.44986e-05 200.868
5.03684 4.46815e-05 153.765
5.05175 4.43588e-05 190.111
5.06667 4.45582e-05 166.342
5.08158 4.42407e-05 200.933
5.0965 4.44151e-05 152.556
5.11141 4.4101e-05 187.61
5.12633 4.42964e-05 168.427
5.14124 4.39876e-05 201.351
5.15616 4.41529e-05 150.972
5.17107 4.38475e-05 184.805
5.18599 4.4036e-05 171.013
5.2009 4.37501e-05 191.235
5.21582 4.38867e-05 161.861
5.23073 4.35903e-05 193.297
5.24565 4.37962e-05 158.783
5.26056 4.35045e-05 189.942
5.27548 4.36302e-05 162.337
5.29039 4.33428e-05 192.35
5.30531 4.35509e-05 158.827
5.32022 4.32679e-05 188.662
5.33514 4.33768e-05 162.82
5.35005 4.30985e-05 191.426
5.36496 4.33108e-05 158.864
5.37988 4.30365e-05 187.402
5.39479 4.31072e-05 163.264
5.40971 4.29181e-05 190.618
5.42462 4.30315e-05 158.694
5.43954 4.27657e-05 185.89
5.45445 4.29285e-05 164.231
5.46937 4.26672e-05 190.118
5.48428 4.27913e-05 158.222
5.4992 4.25347e-05 184.216
5.51411 4.2694e-05 165.335
5.52903 4.24432e-05 189.797
5.54394 4.25536e-05 157.539
5.55886 4.23061e-05 182.385
5.57377 4.24643e-05 166.696
5.58869 4.22259e-05 189.71
5.6036 4.23132e-05 156.57
5.61852 4.20897e-05 180.353
5.63343 4.2234e-05 168.379
5.64835 4.20036e-05 189.88
5.66326 4.20858e-05 155.32
5.67818 4.18829e-05 178.124
5.69309 4.19995e-05 170.39
5.70801 4.1777e-05 181.439
5.72292 4.18746e-05 165.181
5.73784 4.16751e-05 185.34
5.75275 4.17679e-05 159.492
5.76767 4.15552e-05 179.924
5.78258 4.16661e-05 166.2
5.7975 4.14695e-05 185.015
5.81241 4.15386e-05 158.854
5.82733 4.13441e-05 178.238
5.84224 4.14563e-05 167.487
5.85716 4.12572e-05 184.898
5.87207 4.13228e-05 157.984
5.88699 4.11473e-05 176.407
5.9019 4.12335e-05 168.992
5.91682 4.10468e-05 184.96
5.93173 4.11191e-05 156.918
5.94665 4.09489e-05 174.429
5.96156 4.10143e-05 170.765
5.97648 4.08467e-05 175.755
5.99139 4.0911e-05 168.311
6.00631 4.07493e-05 182.698
6.02122 4.08045e-05 158.327
6.03614 4.06533e-05 173.986
6.05105 4.07001e-05 169.805
6.06597 4.05537e-05 182.79
6.08088 4.05997e-05 157.227
6.0958 4.04598e-05 172.03
6.11071 4.0495e-05 171.635
6.12563 4.03599e-05 171.781
6.14054 4.03979e-05 171.487
6.15546 4.02684e-05 171.496
6.17037 4.02896e-05 171.371
6.18529 4.01818e-05 171.173
6.2002 4.01831e-05 171.318
6.21512 4.00933e-05 170.754
6.23003 4.00771e-05 171.411
6.24494 4.00045e-05 170.12
6.25986 3.99813e-05 171.853
6.27477 3.99131e-05 168.969
6.28969 3.98708e-05 178.135
6.3046 3.98352e-05 159.687
6.31952 3.97735e-05 170.24
6.33443 3.97304e-05 170.374
6.34935 3.96944e-05 169.945
6.36426 3.96312e-05 177.579
6.37918 3.95931e-05 159.242
6.39409 3.95537e-05 168.669
6.40901 3.94953e-05 175.813
6.42392 3.94537e-05 160.936
6.43884 3.94152e-05 169.269
6.45375 3.93583e-05 175.516
6.46867 3.93173e-05 160.644
6.48358 3.92785e-05 168.308
6.4985 3.92233e-05 174.017
6.51341 3.9182e-05 162.02
6.52833 3.91429e-05 168.659
6.54324 3.90892e-05 173.543
6.55816 3.90483e-05 161.989
6.57307 3.9009e-05 167.915
6.58799 3.8957e-05 172.236
6.6029 3.89158e-05 163.139
6.61782 3.88762e-05 168.092
6.63273 3.88257e-05 171.644
6.64765 3.87848e-05 163.291
6.66256 3.87449e-05 167.501
6.67748 3.86961e-05 170.476
6.69239 3.86549e-05 164.28
6.70731 3.86168e-05 167.561
6.72222 3.85672e-05 169.812
6.73714 3.85209e-05 171.274
6.75205 3.8485e-05 162.236
6.76697 3.84478e-05 165.085
6.78188 3.84008e-05 167.013
6.7968 3.83559e-05 168.235
6.81171 3.83142e-05 168.926
6.82663 3.82725e-05 169.215
6.84154 3.8231e-05 169.202
6.85646 3.81896e-05 168.963
6.87137 3.81482e-05 168.556
6.88629 3.8107e-05 168.024
6.9012 3.80658e-05 167.402
6.91612 3.80248e-05 166.712
6.93103 3.79839e-05 165.975
6.94595 3.79431e-05 165.203
6.96086 3.79025e-05 164.408
6.97578 3.7862e-05 163.597
6.99069 3.78216e-05 162.775
7.00561 3.77813e-05 161.948
7.02052 3.77412e-05 161.117
7.03544 3.77011e-05 160.287
7.05035 3.76612e-05 159.457
7.06527 3.76215e-05 158.631
7.08018 3.75818e-05 157.808
7.0951 3.75423e-05 156.989
7.11001 3.75029e-05 156.175
7.12492 3.74636e-05 155.366
7.13984 3.74245e-05 154.563
7.15475 3.73855e-05 153.766
7.16967 3.73465e-05 152.974
7.18458 3.73078e-05 152.188
7.1995 3.72691e-05 151.409
7.21441 3.72306e-05 150.635
7.22933 3.71921e-05 149.867
7.24424 3.71538e-05 149.106
7.25916 3.71156e-05 148.351
7.27407 3.70776e-05 147.601
7.28899 3.70396e-05 146.858
7.3039 3.70018e-05 146.121
7.31882 3.69641e-05 145.39
7.33373 3.69264e-05 144.665
7.34865 3.6889e-05 143.946
7.36356 3.68516e-05 143.233
7.37848 3.68143e-05 142.527
7.39339 3.67772e-05 141.826
7.40831 3.67401e-05 141.131
7.42322 3.67032e-05 140.443
7.43814 3.66664e-05 139.761
7.45305 3.66297e-05 139.085
7.46797 3.65931e-05 138.415
7.48288 3.65566e-05 137.751
7.4978 3.65202e-05 137.093
7.51271 3.64839e-05 136.442
7.52763 3.64478e-05 135.797
7.54254 3.64117e-05 135.158
7.55746 3.63758e-05 134.526
7.57237 3.63399e-05 133.9
7.58729 3.63042e-05 133.281
7.6022 3.62686e-05 132.668
7.61712 3.62331e-05 132.062
7.63203 3.61976e-05 131.463
7.64695 3.61623e-05 130.87
7.66186 3.61271e-05 130.284
7.67678 3.6092e-05 129.706
7.69169 3.6057e-05 129.134
7.70661 3.60221e-05 128.57
7.72152 3.59873e-05 128.013
7.73644 3.59526e-05 127.464
7.75135 3.5918e-05 126.922
7.76627 3.58835e-05 126.388
7.78118 3.5849e-05 125.862
7.7961 3.58147e-05 125.345
7.81101 3.57805e-05 124.836
7.82593 3.57464e-05 124.335
7.84084 3.57124e-05 123.843
7.85576 3.56785e-05 123.36
7.87067 3.56447e-05 122.887
7.88559 3.5611e-05 122.423
7.9005 3.55773e-05 121.97
7.91542 3.55438e-05 121.526
7.93033 3.55104e-05 121.093
7.94525 3.5477e-05 120.671
7.96016 3.54438e-05 120.26
7.97508 3.54106e-05 119.861
7.98999 3.53775e-05 119.474
8.0049 3.53446e-05 119.099
8.01982 3.53117e-05 118.738
8.03473 3.52789e-05 118.39
8.04965 3.52462e-05 118.056
8.06456 3.52136e-05 117.737
8.07948 3.51811e-05 117.433
8.09439 3.51487e-05 117.145
8.10931 3.51164e-05 116.874
8.12422 3.50841e-05 116.62
8.13914 3.5052e-05 116.383
8.15405 3.50199e-05 116.166
8.16897 3.49879e-05 115.969
8.18388 3.4956e-05 115.792
8.1988 3.49242e-05 115.636
8.21371 3.48925e-05 115.504
8.22863 3.48609e-05 115.394
8.24354 3.48294e-05 115.31
8.25846 3.47979e-05 115.252
8.27337 3.47665e-05 115.221
8.28829 3.47353e-05 115.218
8.3032 3.47041e-05 115.245
8.31812 3.4673e-05 115.304
8.33303 3.46419e-05 115.396
8.34795 3.4611e-05 115.523
8.36286 3.45801e-05 115.687
8.37778 3.45494e-05 115.888
8.39269 3.45187e-05 116.13
8.40761 3.44881e-05 116.415
8.42252 3.44576e-05 116.744
8.43744 3.44271e-05 117.121
8.45235 3.43968e-05 117.547
8.46727 3.43665e-05 118.024
8.48218 3.43363e-05 118.557
8.4971 3.43062e-05 119.148
8.51201 3.42762e-05 119.799
8.52693 3.42463e-05 120.515
8.54184 3.42164e-05 121.298
8.55676 3.41866e-05 122.152
8.57167 3.4157e-05 123.081
8.58659 3.41274e-05 124.089
8.6015 3.40978e-05 125.18
8.61642 3.40684e-05 126.359
8.63133 3.40391e-05 127.631
8.64625 3.40098e-05 129
8.66116 3.39806e-05 130.472
8.67608 3.39515e-05 132.052
8.69099 3.39225e-05 133.747
8.70591 3.38936e-05 135.562
8.72082 3.38648e-05 137.504
8.73574 3.38361e-05 139.58
8.75065 3.38075e-05 141.798
8.76557 3.37789e-05 144.165
8.78048 3.37505e-05 146.688
8.7954 3.37221e-05 149.378
8.81031 3.36939e-05 152.242
8.82523 3.36658e-05 155.29
8.84014 3.36377e-05 158.533
8.85506 3.36098e-05 161.98
8.86997 3.3582e-05 165.644
8.88488 3.35517e-05 169.529
8.8998 3.34259e-05 173.403
8.91471 3.36196e-05 163.307
8.92963 3.34024e-05 171.068
8.94454 3.35171e-05 168.956
8.95946 3.32188e-05 177.763
8.97437 3.36149e-05 162.336
8.98929 3.32044e-05 175.343
9.0042 3.3502e-05 168.235
9.01912 3.29736e-05 182.593
9.03403 3.36537e-05 161.515
9.04895 3.29704e-05 180.306
9.06386 3.35285e-05 167.326
9.07878 3.26778e-05 187.806
9.09369 3.37491e-05 160.982
9.10861 3.26871e-05 186.04
9.12352 3.36108e-05 166.176
9.13844 3.23176e-05 193.27
9.15335 3.39156e-05 160.909
9.16827 3.23374e-05 192.641
9.18318 3.37662e-05 164.733
9.1981 3.18799e-05 198.821
9.21301 3.41663e-05 161.475
9.22793 3.19004e-05 200.201
9.24284 3.40138e-05 162.965
9.25776 3.13714e-05 204.345
9.27267 3.44949e-05 162.733
9.28759 3.13328e-05 208.612
9.3025 3.44207e-05 161.204
9.31742 3.08574e-05 210.266
9.33233 3.48169e-05 162.059
9.34725 3.06563e-05 215.274
9.36216 3.49427e-05 168.074
9.37708 3.03142e-05 225.125
9.39199 3.47035e-05 175.284
9.40691 3.06956e-05 214.031
9.42182 3.46919e-05 174.903
9.43674 3.0464e-05 218.945
9.45165 3.44675e-05 180.469
9.46657 3.07096e-05 214.676
9.48148 3.43502e-05 182.593
9.4964 3.06697e-05 215.756
9.51131 3.41178e-05 186.703
9.52623 3.08623e-05 214.225
9.54114 3.39217e-05 189.825
9.55606 3.09434e-05 214.099
9.57097 3.36667e-05 193.419
9.58589 3.11273e-05 213.586
9.6008 3.34157e-05 196.861
9.61572 3.12798e-05 213.265
9.63063 3.31376e-05 200.303
9.64555 3.14704e-05 213.099
9.66046 3.28544e-05 203.783
9.67538 3.16572e-05 212.874
9.69029 3.25579e-05 207.156
9.70521 3.1836e-05 212.783
9.72012 3.22344e-05 210.453
9.73504 3.22278e-05 211.445
9.74995 3.21641e-05 213.893
9.76486 3.21099e-05 217.106
9.77978 3.2068e-05 220.748
9.79469 3.20337e-05 224.636
9.80961 3.20038e-05 228.663
9.82452 3.1976e-05 232.768
9.83944 3.19494e-05 236.912
9.85435 3.19233e-05 241.072
9.86927 3.18974e-05 245.23
9.88418 3.18714e-05 249.374
9.8991 3.18452e-05 253.497
9.91401 3.18187e-05 257.589
9.92893 3.1792e-05 261.645
9.94384 3.17651e-05 265.656
9.95876 3.17379e-05 269.619
9.97367 3.17104e-05 273.527
9.98859 3.16827e-05 277.375
10.0035 3.16549e-05 281.157
10.0184 3.16268e-05 284.87
10.0333 3.15986e-05 288.508
10.0482 3.15704e-05 292.067
10.0632 3.15421e-05 295.545
10.0781 3.15137e-05 298.936
10.093 3.14854e-05 302.238
10.1079 3.14572e-05 305.448
10.1228 3.14291e-05 308.564
10.1377 3.14012e-05 311.584
10.1527 3.13734e-05 314.506
10.1676 3.13458e-05 317.328
10.1825 3.13185e-05 320.049
10.1974 3.12914e-05 322.669
10.2123 3.12647e-05 325.188
10.2272 3.12382e-05 327.605
10.2421 3.12121e-05 329.921
10.2571 3.11863e-05 332.135
10.272 3.11608e-05 334.249
10.2869 3.11357e-05 336.264
10.3018 3.11109e-05 338.181
10.3167 3.10865e-05 340.001
10.3316 3.10624e-05 341.726
10.3465 3.10386e-05 343.357
10.3615 3.10152e-05 344.897
10.3764 3.09921e-05 346.347
10.3913 3.09692e-05 347.71
10.4062 3.09466e-05 348.988
10.4211 3.09243e-05 350.183
10.436 3.09023e-05 351.297
10.451 3.08805e-05 352.334
10.4659 3.08589e-05 353.294
10.4808 3.08375e-05 354.182
10.4957 3.08162e-05 354.999
10.5106 3.07952e-05 355.747
10.5255 3.07743e-05 356.43
10.5404 3.07535e-05 357.05
10.5554 3.07329e-05 357.609
10.5703 3.07124e-05 358.11
10.5852 3.0692e-05 358.555
10.6001 3.06716e-05 358.946
10.615 3.06514e-05 359.286
10.6299 3.06312e-05 359.577
10.6448 3.06111e-05 359.822
10.6598 3.0591e-05 360.021
10.6747 3.0571e-05 360.178
10.6896 3.0551e-05 360.295
10.7045 3.0531e-05 360.373
10.7194 3.05111e-05 360.414
10.7343 3.04912e-05 360.421
10.7492 3.04713e-05 360.394
10.7642 3.04514e-05 360.336
10.7791 3.04316e-05 360.249
10.794 3.04117e-05 360.133
10.8089 3.03919e-05 359.99
10.8238 3.03721e-05 359.822
10.8387 3.03522e-05 359.631
10.8537 3.03324e-05 359.417
10.8686 3.03126e-05 359.182
10.8835 3.02928e-05 358.926
10.8984 3.0273e-05 358.652
10.9133 3.02532e-05 358.36
10.9282 3.02334e-05 358.051
10.9431 3.02137e-05 357.727
10.9581 3.01939e-05 357.388
10.973 3.01741e-05 357.035
10.9879 3.01543e-05 356.668
11.0028 3.01346e-05 356.29
11.0177 3.01148e-05 355.9
11.0326 3.00951e-05 355.5
11.0475 3.00754e-05 355.089
11.0625 3.00557e-05 354.669
11.0774 3.0036e-05 354.241
11.0923 3.00163e-05 353.804
11.1072 2.99966e-05 353.359
11.1221 2.9977e-05 352.908
11.137 2.99573e-05 352.45
11.152 2.99377e-05 351.986
11.1669 2.99181e-05 351.516
11.1818 2.98985e-05 351.041
11.1967 2.9879e-05 350.561
11.2116 2.98594e-05 350.076
11.2265 2.98399e-05 349.588
11.2414 2.98204e-05 349.095
11.2564 2.98009e-05 348.599
11.2713 2.97815e-05 348.1
11.2862 2.9762e-05 347.598
11.3011 2.97426e-05 347.094
11.316 2.97233e-05 346.587
11.3309 2.97039e-05 346.078
11.3458 2.96846e-05 345.567
11.3608 2.96653e-05 345.054
11.3757 2.9646e-05 344.539
11.3906 2.96268e-05 344.023
11.4055 2.96076e-05 343.506
11.4204 2.95884e-05 342.988
11.4353 2.95692e-05 342.469
11.4503 2.95501e-05 341.95
11.4652 2.9531e-05 341.43
11.4801 2.95119e-05 340.909
11.495 2.94929e-05 340.388
11.5099 2.94739e-05 339.866
11.5248 2.94549e-05 339.345
11.5397 2.9436e-05 338.823
11.5547 2.9417e-05 338.301
11.5696 2.93982e-05 337.78
11.5845 2.93793e-05 337.259
11.5994 2.93605e-05 336.738
11.6143 2.93417e-05 336.217
11.6292 2.9323e-05 335.697
11.6441 2.93042e-05 335.177
11.6591 2.92855e-05 334.658
11.674 2.92669e-05 334.139
11.6889 2.92483e-05 333.621
11.7038 2.92297e-05 333.104
11.7187 2.92111e-05 332.587
11.7336 2.91926e-05 332.071
11.7485 2.91741e-05 331.556
11.7635 2.91556e-05 331.042
11.7784 2.91372e-05 330.529
11.7933 2.91188e-05 330.016
11.8082 2.91004e-05 329.505
11.8231 2.90821e-05 328.994
11.838 2.90638e-05 328.485
11.853 2.90456e-05 327.976
11.8679 2.90273e-05 327.469
11.8828 2.90091e-05 326.962
11.8977 2.8991e-05 326.457
11.9126 2.89728e-05 325.952
11.9275 2.89547e-05 325.449
11.9424 2.89367e-05 324.947
11.9574 2.89186e-05 324.446
11.9723 2.89006e-05 323.946
11.9872 2.88827e-05 323.448
12.0021 2.88647e-05 322.95
12.017 2.88468e-05 322.454
12.0319 2.88289e-05 321.958
12.0468 2.88111e-05 321.464
12.0618 2.87933e-05 320.972
12.0767 2.87755e-05 320.48
12.0916 2.87578e-05 319.99
12.1065 2.87401e-05 319.5
12.1214 2.87224e-05 319.012
12.1363 2.87048e-05 318.526
12.1513 2.86871e-05 318.04
12.1662 2.86696e-05 317.556
12.1811 2.8652e-05 317.073
12.196 2.86345e-05 316.591
12.2109 2.8617e-05 316.11
12.2258 2.85995e-05 315.631
12.2407 2.85821e-05 315.152
12.2557 2.85647e-05 314.675
12.2706 2.85474e-05 314.2
12.2855 2.853e-05 313.725
12.3004 2.85127e-05 313.252
12.3153 2.84955e-05 312.78
12.3302 2.84782e-05 312.309
12.3451 2.8461e-05 311.839
12.3601 2.84439e-05 311.371
12.375 2.84267e-05 310.904
12.3899 2.84096e-05 310.438
12.4048 2.83925e-05 309.973
12.4197 2.83755e-05 309.509
12.4346 2.83585e-05 309.047
12.4495 2.83415e-05 308.586
12.4645 2.83245e-05 308.126
12.4794 2.83076e-05 307.667
12.4943 2.82907e-05 307.21
12.5092 2.82738e-05 306.754
12.5241 2.8257e-05 306.299
12.539 2.82402e-05 305.845
12.554 2.82234e-05 305.392
12.5689 2.82066e-05 304.941
12.5838 2.81899e-05 304.49
12.5987 2.81732e-05 304.041
12.6136 2.81566e-05 303.593
12.6285 2.81399e-05 303.146
12.6434 2.81233e-05 302.701
12.6584 2.81068e-05 302.256
12.6733 2.80902e-05 301.813
12.6882 2.80737e-05 301.371
12.7031 2.80572e-05 300.93
12.718 2.80408e-05 300.49
12.7329 2.80243e-05 300.051
12.7478 2.80079e-05 299.614
12.7628 2.79916e-05 299.178
12.7777 2.79752e-05 298.742
12.7926 2.79589e-05 298.308
12.8075 2.79426e-05 297.875
12.8224 2.79264e-05 297.443
12.8373 2.79102e-05 297.013
12.8523 2.7894e-05 296.583
12.8672 2.78778e-05 296.155
12.8821 2.78616e-05 295.727
12.897 2.78455e-05 295.301
12.9119 2.78294e-05 294.876
12.9268 2.78134e-05 294.452
12.9417 2.77974e-05 294.029
12.9567 2.77813e-05 293.607
12.9716 2.77654e-05 293.186
12.9865 2.77494e-05 292.767
13.0014 2.77335e-05 292.348
13.0163 2.77176e-05 291.931
13.0312 2.77017e-05 291.514
13.0461 2.76859e-05 291.099
13.0611 2.76701e-05 290.684
13.076 2.76543e-05 290.271
13.0909 2.76385e-05 289.859
13.1058 2.76228e-05 289.448
13.1207 2.76071e-05 289.038
13.1356 2.75914e-05 288.629
13.1506 2.75758e-05 288.221
13.1655 2.75602e-05 287.814
13.1804 2.75446e-05 287.408
13.1953 2.7529e-05 287.003
13.2102 2.75134e-05 286.599
13.2251 2.74979e-05 286.197
13.24 2.74824e-05 285.795
13.255 2.7467e-05 285.394
13.2699 2.74515e-05 284.994
13.2848 2.74361e-05 284.595
13.2997 2.74207e-05 284.198
13.3146 2.74054e-05 283.801
13.3295 2.739e-05 283.405
13.3444 2.73747e-05 283.011
13.3594 2.73594e-05 282.617
13.3743 2.73442e-05 282.224
13.3892 2.73289e-05 281.832
13.4041 2.73137e-05 281.441
13.419 2.72985e-05 281.052
13.4339 2.72834e-05 280.663
13.4488 2.72683e-05 280.275
13.4638 2.72531e-05 279.888
13.4787 2.72381e-05 279.502
13.4936 2.7223e-05 279.117
13.5085 2.7208e-05 278.733
13.5234 2.7193e-05 278.35
13.5383 2.7178e-05 277.968
13.5533 2.7163e-05 277.587
13.5682 2.71481e-05 277.207
13.5831 2.71332e-05 276.827
13.598 2.71183e-05 276.449
13.6129 2.71034e-05 276.072
13.6278 2.70886e-05 275.695
13.6427 2.70738e-05 275.32
13.6577 2.7059e-05 274.945
13.6726 2.70442e-05 274.571
13.6875 2.70295e-05 274.199
13.7024 2.70148e-05 273.827
13.7173 2.70001e-05 273.456
13.7322 2.69854e-05 273.086
13.7471 2.69708e-05 272.717
13.7621 2.69562e-05 272.349
13.777 2.69416e-05 271.981
13.7919 2.6927e-05 271.615
13.8068 2.69125e-05 271.249
13.8217 2.68979e-05 270.885
13.8366 2.68834e-05 270.521
13.8516 2.68689e-05 270.158
13.8665 2.68545e-05 269.796
13.8814 2.68401e-05 269.435
13.8963 2.68257e-05 269.075
13.9112 2.68113e-05 268.715
13.9261 2.67969e-05 268.357
13.941 2.67826e-05 267.999
13.956 2.67683e-05 267.642
13.9709 2.6754e-05 267.286
13.9858 2.67397e-05 266.931
14.0007 2.67254e-05 266.577
14.0156 2.67112e-05 266.224
14.0305 2.6697e-05 265.871
14.0454 2.66828e-05 265.52
14.0604 2.66687e-05 265.169
14.0753 2.66546e-05 264.819
14.0902 2.66404e-05 264.47
14.1051 2.66264e-05 264.121
14.12 2.66123e-05 263.774
14.1349 2.65982e-05 263.427
14.1498 2.65842e-05 263.081
14.1648 2.65702e-05 262.736
14.1797 2.65562e-05 262.392
14.1946 2.65423e-05 262.049
14.2095 2.65284e-05 261.706
14.2244 2.65144e-05 261.365
14.2393 2.65006e-05 261.024
14.2543 2.64867e-05 260.683
14.2692 2.64728e-05 260.344
14.2841 2.6459e-05 260.006
14.299 2.64452e-05 259.668
14.3139 2.64314e-05 259.331
14.3288 2.64177e-05 258.995
14.3437 2.64039e-05 258.659
14.3587 2.63902e-05 258.325
14.3736 2.63765e-05 257.991
14.3885 2.63628e-05 257.658
14.4034 2.63492e-05 257.326
14.4183 2.63356e-05 256.994
14.4332 2.6322e-05 256.664
14.4481 2.63084e-05 256.334
14.4631 2.62948e-05 256.004
14.478 2.62812e-05 255.676
14.4929 2.62677e-05 255.348
14.5078 2.62542e-05 255.022
14.5227 2.62407e-05 254.695
14.5376 2.62273e-05 254.37
14.5526 2.62138e-05 254.046
14.5675 2.62004e-05 253.722
14.5824 2.6187e-05 253.399
14.5973 2.61736e-05 253.076
14.6122 2.61603e-05 252.755
14.6271 2.61469e-05 252.434
14.642 2.61336e-05 252.114
14.657 2.61203e-05 251.794
14.6719 2.6107e-05 251.475
14.6868 2.60937e-05 251.158
14.7017 2.60805e-05 250.84
14.7166 2.60673e-05 250.524
14.7315 2.60541e-05 250.208
14.7464 2.60409e-05 249.893
14.7614 2.60278e-05 249.579
14.7763 2.60146e-05 249.265
14.7912 2.60015e-05 248.952
14.8061 2.59884e-05 248.64
14.821 2.59754e-05 248.329
14.8359 2.59624e-05 248.019
14.8509 2.59496e-05 247.71
14.8658 2.5937e-05 247.403
14.8807 2.59248e-05 247.099
14.8956 2.59132e-05 246.8
14.9105 2.59024e-05 246.508
14.9254 2.58928e-05 246.224
14.9403 2.58844e-05 245.95
14.9553 2.58773e-05 245.689
14.9702 2.58713e-05 245.439
14.9851 2.58662e-05 245.199
15 2.58615e-05 244.966
