0.1 0.000381533 13067.4
0.114915 0.000182706 39011.1
0.12983 0.000276016 27722.1
0.144745 0.000253673 28162.7
0.15966 0.000251086 25552.5
0.174575 0.000239196 24032
0.189489 0.000230185 22517
0.204404 0.000221493 21252.4
0.219319 0.000213836 20129
0.234234 0.000206884 19138.6
0.249149 0.000200579 18253.9
0.264064 0.000194815 17459.4
0.278979 0.000189522 16741.1
0.293894 0.000184638 16088.2
0.308809 0.000180114 15491.7
0.323724 0.000175906 14944.5
0.338639 0.000171981 14440.3
0.353554 0.000168307 13974.1
0.368468 0.000164857 13541.5
0.383383 0.000161608 13138.7
0.398298 0.00015853 12762.1
0.413213 0.000155581 12407.8
0.428128 0.000152676 12069.9
0.443043 0.000149628 11738.2
0.457958 0.000146036 11392.8
0.472873 0.000141058 10993.5
0.487788 0.000132992 10458.2
0.502703 0.000118631 9622
0.517618 0.000108052 7009.43
0.532533 0.000116105 3053.24
0.547447 0.000177809 977.351
0.562362 0.000131866 3829.32
0.577277 0.000163516 1016.83
0.592192 0.000120136 3655.05
0.607107 0.000145692 935.379
0.622022 0.000113385 3341.79
0.636937 0.00013916 883.968
0.651852 0.000108784 3125.19
0.666767 0.000136348 857.263
0.681682 0.000105359 2977.34
0.696597 0.000133821 822.66
0.711512 0.000102457 2829.32
0.726426 0.000131541 812.668
0.741341 9.98487e-05 2732.83
0.756256 0.000129373 809.466
0.771171 9.73797e-05 2653.26
0.786086 0.000127295 808.938
0.801001 9.50645e-05 2583.01
0.815916 0.000125346 810.391
0.830831 9.29324e-05 2520.8
0.845746 0.000123462 812.518
0.860661 9.09308e-05 2463.44
0.875576 0.000121726 815.876
0.89049 8.90631e-05 2411.54
0.905405 0.00012004 819.178
0.92032 8.72502e-05 2361.85
0.935235 0.000118421 823.609
0.95015 8.54265e-05 2315.01
0.965065 0.000116949 828.908
0.97998 8.36473e-05 2271.18
0.994895 0.000115589 834.578
1.00981 8.19492e-05 2230
1.02472 0.000114285 840.327
1.03964 8.03418e-05 2191.1
1.05455 0.000113029 846.143
1.06947 7.88123e-05 2154.22
1.08438 0.000111807 851.966
1.0993 7.73659e-05 2119.27
1.11421 0.000110625 857.714
1.12913 7.59917e-05 2085.95
1.14404 0.000109468 863.408
1.15896 7.46931e-05 2054.3
1.17387 0.000108343 868.946
1.18879 7.34604e-05 2024
1.2037 0.000107237 874.387
1.21862 7.22961e-05 1995.13
1.23353 0.000106159 879.625
1.24845 7.11914e-05 1967.43
1.26336 0.000105095 884.734
1.27828 7.01483e-05 1940.96
1.29319 0.000104056 889.62
1.30811 6.91587e-05 1915.51
1.32302 0.000103029 894.351
1.33794 6.82244e-05 1891.14
1.35285 0.000102024 898.853
1.36777 6.73379e-05 1867.66
1.38268 0.000101029 903.182
1.3976 6.65009e-05 1845.13
1.41251 0.000100054 907.288
1.42743 6.57063e-05 1823.38
1.44234 9.90878e-05 911.21
1.45726 6.49561e-05 1802.48
1.47217 9.81411e-05 914.919
1.48709 6.42434e-05 1782.27
1.502 9.72015e-05 918.437
1.51692 6.35704e-05 1762.81
1.53183 9.62804e-05 921.756
1.54675 6.29303e-05 1743.96
1.56166 9.53649e-05 924.882
1.57658 6.23259e-05 1725.77
1.59149 9.44661e-05 927.818
1.60641 6.17503e-05 1708.11
1.62132 9.357e-05 930.562
1.63624 6.12069e-05 1691
1.65115 9.26856e-05 933.109
1.66607 6.06887e-05 1674.3
1.68098 9.17953e-05 935.455
1.6959 6.01997e-05 1657.99
1.71081 9.09019e-05 937.564
1.72573 5.97327e-05 1641.83
1.74064 8.99766e-05 939.417
1.75556 5.92931e-05 1625.67
1.77047 8.90049e-05 940.902
1.78539 5.88757e-05 1608.99
1.8003 8.7932e-05 941.947
1.81522 5.84948e-05 1591.34
1.83013 8.67138e-05 942.287
1.84505 5.81703e-05 1571.69
1.85996 8.5275e-05 941.719
1.87487 5.79823e-05 1549.16
1.88979 8.35949e-05 939.695
1.9047 5.80916e-05 1522.5
1.91962 8.16933e-05 935.613
1.93453 5.88203e-05 1490.85
1.94945 7.96819e-05 928.161
1.96436 6.05957e-05 1452.04
1.97928 7.76089e-05 916.778
1.99419 6.3647e-05 1400.8
2.00911 7.54925e-05 905.796
2.02402 6.72312e-05 1327.65
2.03894 7.34387e-05 909.71
2.05385 6.972e-05 1231.15
2.06877 7.16736e-05 940.316
2.08368 7.03448e-05 1123.25
2.0986 7.0265e-05 994.413
2.11351 6.92487e-05 1013.04
2.12843 6.93056e-05 959.975
2.14334 6.91863e-05 876.207
2.15826 6.88215e-05 784.152
2.17317 6.83977e-05 695.781
2.18809 6.79994e-05 616.435
2.203 6.76453e-05 547.775
2.21792 6.73307e-05 489.678
2.23283 6.70465e-05 441.259
2.24775 6.67841e-05 401.365
2.26266 6.65373e-05 368.796
2.27758 6.63014e-05 342.407
2.29249 6.60735e-05 321.148
2.30741 6.58516e-05 304.088
2.32232 6.56342e-05 290.42
2.33724 6.54206e-05 279.459
2.35215 6.52102e-05 270.634
2.36707 6.50025e-05 263.479
2.38198 6.47973e-05 257.619
2.3969 6.45943e-05 252.757
2.41181 6.43936e-05 248.659
2.42673 6.41948e-05 245.146
2.44164 6.39981e-05 242.078
2.45656 6.38032e-05 239.35
2.47147 6.36102e-05 236.881
2.48639 6.34189e-05 234.611
2.5013 6.32294e-05 232.495
2.51622 6.30417e-05 230.499
2.53113 6.28556e-05 228.597
2.54605 6.26712e-05 226.77
2.56096 6.24884e-05 225.004
2.57588 6.23072e-05 223.288
2.59079 6.21275e-05 221.615
2.60571 6.19495e-05 219.979
2.62062 6.17729e-05 218.375
2.63554 6.15979e-05 216.799
2.65045 6.14243e-05 215.25
2.66537 6.12522e-05 213.724
2.68028 6.10815e-05 212.221
2.6952 6.09123e-05 210.74
2.71011 6.07534e-05 209.294
2.72503 6.05645e-05 212.152
2.73994 6.04271e-05 208.563
2.75485 6.02322e-05 211.804
2.76977 6.0109e-05 206.996
2.78468 5.98992e-05 212.743
2.7996 5.97941e-05 206.075
2.81451 5.95757e-05 212.729
2.82943 5.94859e-05 204.717
2.84434 5.92539e-05 213.408
2.85926 5.91815e-05 203.711
2.87417 5.89394e-05 213.571
2.88909 5.88828e-05 202.48
2.904 5.86278e-05 214.107
2.91892 5.85883e-05 201.445
2.93383 5.83222e-05 214.363
2.94875 5.82988e-05 200.298
2.96366 5.802e-05 214.819
2.97858 5.80136e-05 199.262
2.99349 5.7723e-05 215.122
3.00841 5.77329e-05 198.174
3.02332 5.74296e-05 215.53
3.03824 5.74564e-05 197.152
3.05315 5.71409e-05 215.856
3.06807 5.71841e-05 196.11
3.08298 5.68559e-05 216.236
3.0979 5.69159e-05 195.109
3.11281 5.65751e-05 216.57
3.12773 5.66517e-05 194.104
3.14264 5.6298e-05 216.933
3.15756 5.63914e-05 193.128
3.17247 5.60248e-05 217.269
3.18739 5.61349e-05 192.156
3.2023 5.57552e-05 217.619
3.21722 5.58821e-05 191.205
3.23213 5.54893e-05 217.954
3.24705 5.56329e-05 190.263
3.26196 5.52268e-05 218.295
3.27688 5.53873e-05 189.337
3.29179 5.49678e-05 218.626
3.30671 5.51451e-05 188.422
3.32162 5.47122e-05 218.959
3.33654 5.49064e-05 187.521
3.35145 5.44598e-05 219.285
3.36637 5.46709e-05 186.632
3.38128 5.42107e-05 219.611
3.3962 5.44387e-05 185.755
3.41111 5.39647e-05 219.932
3.42603 5.42096e-05 184.89
3.44094 5.37218e-05 220.252
3.45586 5.39837e-05 184.036
3.47077 5.34819e-05 220.569
3.48569 5.37608e-05 183.194
3.5006 5.32449e-05 220.883
3.51552 5.35408e-05 182.363
3.53043 5.30108e-05 221.194
3.54535 5.33238e-05 181.543
3.56026 5.27796e-05 221.502
3.57518 5.31096e-05 180.733
3.59009 5.25511e-05 221.808
3.60501 5.28982e-05 179.934
3.61992 5.23253e-05 222.112
3.63483 5.26896e-05 179.145
3.64975 5.21021e-05 222.412
3.66466 5.24836e-05 178.366
3.67958 5.18816e-05 222.711
3.69449 5.22802e-05 177.596
3.70941 5.16636e-05 223.006
3.72432 5.20795e-05 176.837
3.73924 5.14481e-05 223.3
3.75415 5.18812e-05 176.086
3.76907 5.1235e-05 223.59
3.78398 5.16854e-05 175.345
3.7989 5.10243e-05 223.879
3.81381 5.1492e-05 174.613
3.82873 5.0816e-05 224.165
3.84364 5.1301e-05 173.889
3.85856 5.061e-05 224.449
3.87347 5.11123e-05 173.175
3.88839 5.04062e-05 224.73
3.9033 5.0926e-05 172.468
3.91822 5.02046e-05 225.01
3.93313 5.07418e-05 171.77
3.94805 5.00053e-05 225.286
3.96296 5.05599e-05 171.08
3.97788 4.9808e-05 225.561
3.99279 5.03801e-05 170.399
4.00771 4.9613e-05 225.834
4.02262 5.02287e-05 169.769
4.03754 4.93767e-05 235.023
4.05245 5.00143e-05 172.329
4.06737 4.92695e-05 220.059
4.08228 4.98556e-05 166.046
4.0972 4.90213e-05 229.049
4.11211 4.96939e-05 168.656
4.12703 4.88376e-05 230.676
4.14194 4.95208e-05 168.498
4.15686 4.86613e-05 229.476
4.17177 4.93441e-05 167.309
4.18669 4.8489e-05 227.244
4.2016 4.91673e-05 165.753
4.21652 4.83192e-05 224.662
4.23143 4.89916e-05 164.08
4.24635 4.81516e-05 221.984
4.26126 4.88175e-05 162.382
4.27618 4.79857e-05 219.303
4.29109 4.86451e-05 160.695
4.30601 4.78216e-05 216.654
4.32092 4.84745e-05 159.03
4.33584 4.76593e-05 214.047
4.35075 4.83057e-05 157.39
4.36567 4.74986e-05 211.487
4.38058 4.81387e-05 155.778
4.3955 4.73508e-05 208.999
4.41041 4.79617e-05 157.836
4.42533 4.71748e-05 210.137
4.44024 4.78168e-05 153.977
4.45516 4.70531e-05 205.489
4.47007 4.76198e-05 160.484
4.48498 4.68523e-05 210.978
4.4999 4.75067e-05 153.014
4.51481 4.67552e-05 202.859
4.52973 4.72906e-05 162.221
4.54464 4.65385e-05 210.923
4.55956 4.72007e-05 151.748
4.57447 4.64664e-05 199.986
4.58939 4.69645e-05 164.329
4.6043 4.62299e-05 211.228
4.61922 4.69016e-05 150.637
4.63413 4.61826e-05 197.316
4.64905 4.66451e-05 166.28
4.66396 4.59277e-05 211.381
4.67888 4.66081e-05 149.497
4.69379 4.59051e-05 194.667
4.70871 4.63306e-05 168.291
4.72362 4.56312e-05 211.59
4.73854 4.63204e-05 148.4
4.75345 4.5633e-05 192.106
4.76837 4.60019e-05 170.237
4.78328 4.54008e-05 202.413
4.7982 4.59963e-05 157.075
4.81311 4.53228e-05 198.843
4.82803 4.57457e-05 160.49
4.84294 4.51581e-05 201.238
4.85786 4.56727e-05 157.157
4.87277 4.5015e-05 197.327
4.88769 4.55161e-05 161.181
4.9026 4.48667e-05 200.309
4.91752 4.53904e-05 157.034
4.93243 4.47497e-05 195.732
4.94735 4.52328e-05 161.899
4.96226 4.46003e-05 199.471
4.97718 4.51136e-05 156.825
4.99209 4.44898e-05 194.089
5.00701 4.49539e-05 162.709
5.02192 4.43383e-05 198.735
5.03684 4.48422e-05 156.516
5.05175 4.42354e-05 192.386
5.06667 4.46789e-05 163.632
5.08158 4.40806e-05 198.116
5.0965 4.45761e-05 156.088
5.11141 4.39865e-05 190.607
5.12633 4.44076e-05 164.689
5.14124 4.38267e-05 197.631
5.15616 4.43154e-05 155.519
5.17107 4.3743e-05 188.734
5.18599 4.4133e-05 165.897
5.2009 4.3598e-05 197.339
5.21582 4.40444e-05 154.715
5.23073 4.34893e-05 186.65
5.24565 4.38817e-05 167.472
5.26056 4.33812e-05 197.398
5.27548 4.37658e-05 153.499
5.29039 4.32283e-05 184.205
5.30531 4.36536e-05 169.642
5.32022 4.31637e-05 197.97
5.33514 4.34895e-05 151.712
5.35005 4.29701e-05 181.284
5.36496 4.34379e-05 172.591
5.37988 4.29315e-05 184.488
5.39479 4.32113e-05 167.338
5.40971 4.27884e-05 193.878
5.42462 4.31617e-05 154.957
5.43954 4.26669e-05 182.389
5.45445 4.30203e-05 169.149
5.46937 4.25509e-05 194.104
5.48428 4.29122e-05 153.607
5.4992 4.24356e-05 179.966
5.51411 4.27865e-05 171.396
5.52903 4.23372e-05 183.229
5.54394 4.2663e-05 166.272
5.55886 4.22054e-05 189.684
5.57377 4.25611e-05 157.376
5.58869 4.21271e-05 181.492
5.6036 4.24126e-05 167.487
5.61852 4.19906e-05 189.474
5.63343 4.23311e-05 156.582
5.64835 4.19115e-05 179.624
5.66326 4.21759e-05 168.951
5.67818 4.17898e-05 189.502
5.69309 4.20926e-05 155.488
5.70801 4.16884e-05 177.505
5.72292 4.19611e-05 170.866
5.73784 4.15878e-05 179.92
5.75275 4.18544e-05 166.906
5.76767 4.14703e-05 185.966
5.78258 4.17498e-05 158.347
5.7975 4.13875e-05 178.249
5.81241 4.16184e-05 168.122
5.82733 4.12666e-05 185.8
5.84224 4.15326e-05 157.537
5.85716 4.11815e-05 176.442
5.87207 4.13977e-05 169.6
5.88699 4.10727e-05 185.87
5.9019 4.13061e-05 156.42
5.91682 4.09799e-05 174.408
5.93173 4.11829e-05 171.468
5.94665 4.08841e-05 175.087
5.96156 4.10779e-05 169.937
5.97648 4.07873e-05 184.449
5.99139 4.09697e-05 156.691
6.00631 4.06882e-05 173.033
6.02122 4.08635e-05 171.869
6.03614 4.06022e-05 172.899
6.05105 4.07499e-05 171.51
6.06597 4.04963e-05 172.894
6.08088 4.06576e-05 171.007
6.0958 4.04101e-05 173.151
6.11071 4.05389e-05 170.064
6.12563 4.03186e-05 174.074
6.14054 4.04381e-05 168.199
6.15546 4.02271e-05 179.768
6.17037 4.03285e-05 159.779
6.18529 4.01518e-05 172.507
6.2002 4.0205e-05 169.384
6.21512 4.00759e-05 179.724
6.23003 4.00926e-05 158.794
6.24494 3.99883e-05 170.743
6.25986 3.99971e-05 170.949
6.27477 3.99006e-05 170.283
6.28969 3.98791e-05 171.083
6.3046 3.98314e-05 169.633
6.31952 3.97717e-05 178.12
6.33443 3.97356e-05 159.224
6.34935 3.96898e-05 169.392
6.36426 3.96317e-05 177.146
6.37918 3.95975e-05 159.834
6.39409 3.95483e-05 169.127
6.40901 3.94979e-05 176.176
6.42392 3.94558e-05 160.443
6.43884 3.94114e-05 168.873
6.45375 3.9359e-05 175.21
6.46867 3.93206e-05 161.072
6.48358 3.92745e-05 168.636
6.4985 3.92245e-05 174.273
6.51341 3.91843e-05 161.669
6.52833 3.91398e-05 168.379
6.54324 3.90899e-05 173.328
6.55816 3.90508e-05 162.295
6.57307 3.90058e-05 168.146
6.58799 3.8958e-05 172.415
6.6029 3.89178e-05 162.889
6.61782 3.88732e-05 167.892
6.63273 3.88268e-05 171.494
6.64765 3.87864e-05 163.509
6.66256 3.87426e-05 167.664
6.67748 3.86968e-05 170.602
6.69239 3.86564e-05 164.102
6.70731 3.86173e-05 167.426
6.72222 3.85668e-05 169.709
6.73714 3.85148e-05 171.182
6.75205 3.84879e-05 162.372
6.76697 3.84499e-05 165.193
6.78188 3.84046e-05 167.103
6.7968 3.83546e-05 168.3
6.81171 3.83129e-05 168.972
6.82663 3.82716e-05 169.248
6.84154 3.82303e-05 169.225
6.85646 3.8189e-05 168.979
6.87137 3.81478e-05 168.567
6.88629 3.81067e-05 168.032
6.9012 3.80656e-05 167.407
6.91612 3.80246e-05 166.716
6.93103 3.79838e-05 165.977
6.94595 3.79431e-05 165.205
6.96086 3.79024e-05 164.409
6.97578 3.78619e-05 163.597
6.99069 3.78215e-05 162.776
7.00561 3.77813e-05 161.948
7.02052 3.77411e-05 161.117
7.03544 3.77011e-05 160.287
7.05035 3.76612e-05 159.457
7.06527 3.76215e-05 158.631
7.08018 3.75818e-05 157.808
7.0951 3.75423e-05 156.989
7.11001 3.75029e-05 156.175
7.12492 3.74636e-05 155.366
7.13984 3.74245e-05 154.563
7.15475 3.73855e-05 153.766
7.16967 3.73466e-05 152.974
7.18458 3.73078e-05 152.188
7.1995 3.72691e-05 151.409
7.21441 3.72306e-05 150.635
7.22933 3.71921e-05 149.868
7.24424 3.71538e-05 149.106
7.25916 3.71156e-05 148.351
7.27407 3.70776e-05 147.601
7.28899 3.70396e-05 146.858
7.3039 3.70018e-05 146.121
7.31882 3.69641e-05 145.39
7.33373 3.69265e-05 144.665
7.34865 3.6889e-05 143.946
7.36356 3.68516e-05 143.233
7.37848 3.68143e-05 142.527
7.39339 3.67772e-05 141.826
7.40831 3.67401e-05 141.132
7.42322 3.67032e-05 140.443
7.43814 3.66664e-05 139.761
7.45305 3.66297e-05 139.085
7.46797 3.65931e-05 138.415
7.48288 3.65566e-05 137.751
7.4978 3.65202e-05 137.093
7.51271 3.6484e-05 136.442
7.52763 3.64478e-05 135.797
7.54254 3.64117e-05 135.158
7.55746 3.63758e-05 134.526
7.57237 3.634e-05 133.9
7.58729 3.63042e-05 133.281
7.6022 3.62686e-05 132.668
7.61712 3.62331e-05 132.062
7.63203 3.61977e-05 131.463
7.64695 3.61623e-05 130.87
7.66186 3.61271e-05 130.285
7.67678 3.6092e-05 129.706
7.69169 3.6057e-05 129.134
7.70661 3.60221e-05 128.57
7.72152 3.59873e-05 128.013
7.73644 3.59526e-05 127.464
7.75135 3.5918e-05 126.922
7.76627 3.58835e-05 126.388
7.78118 3.58491e-05 125.863
7.7961 3.58148e-05 125.345
7.81101 3.57806e-05 124.836
7.82593 3.57465e-05 124.335
7.84084 3.57125e-05 123.843
7.85576 3.56785e-05 123.361
7.87067 3.56447e-05 122.887
7.88559 3.5611e-05 122.424
7.9005 3.55774e-05 121.97
7.91542 3.55439e-05 121.526
7.93033 3.55104e-05 121.093
7.94525 3.54771e-05 120.671
7.96016 3.54438e-05 120.26
7.97508 3.54107e-05 119.861
7.98999 3.53776e-05 119.474
8.0049 3.53447e-05 119.1
8.01982 3.53118e-05 118.738
8.03473 3.5279e-05 118.391
8.04965 3.52463e-05 118.057
8.06456 3.52137e-05 117.738
8.07948 3.51812e-05 117.434
8.09439 3.51488e-05 117.146
8.10931 3.51165e-05 116.874
8.12422 3.50843e-05 116.62
8.13914 3.50521e-05 116.384
8.15405 3.50201e-05 116.167
8.16897 3.49881e-05 115.97
8.18388 3.49562e-05 115.793
8.1988 3.49244e-05 115.637
8.21371 3.48927e-05 115.505
8.22863 3.48611e-05 115.396
8.24354 3.48296e-05 115.311
8.25846 3.47982e-05 115.253
8.27337 3.47668e-05 115.222
8.28829 3.47355e-05 115.22
8.3032 3.47044e-05 115.247
8.31812 3.46733e-05 115.306
8.33303 3.46423e-05 115.398
8.34795 3.46114e-05 115.525
8.36286 3.45805e-05 115.689
8.37778 3.45498e-05 115.891
8.39269 3.45191e-05 116.133
8.40761 3.44886e-05 116.418
8.42252 3.44581e-05 116.747
8.43744 3.44277e-05 117.124
8.45235 3.43974e-05 117.55
8.46727 3.43671e-05 118.028
8.48218 3.4337e-05 118.561
8.4971 3.4307e-05 119.152
8.51201 3.4277e-05 119.804
8.52693 3.42471e-05 120.519
8.54184 3.42173e-05 121.303
8.55676 3.41876e-05 122.157
8.57167 3.4158e-05 123.087
8.58659 3.41285e-05 124.096
8.6015 3.40991e-05 125.188
8.61642 3.40698e-05 126.367
8.63133 3.40406e-05 127.64
8.64625 3.40114e-05 129.01
8.66116 3.39824e-05 130.483
8.67608 3.39535e-05 132.064
8.69099 3.39246e-05 133.76
8.70591 3.38959e-05 135.576
8.72082 3.38673e-05 137.52
8.73574 3.38388e-05 139.598
8.75065 3.38104e-05 141.818
8.76557 3.37821e-05 144.186
8.78048 3.3754e-05 146.712
8.7954 3.3726e-05 149.405
8.81031 3.36981e-05 152.272
8.82523 3.36704e-05 155.324
8.84014 3.36428e-05 158.571
8.85506 3.36154e-05 162.023
8.86997 3.35877e-05 165.69
8.88488 3.35497e-05 169.559
8.8998 3.33381e-05 173.198
8.91471 3.3741e-05 163.891
8.92963 3.33419e-05 171.371
8.94454 3.35928e-05 168.699
8.95946 3.30554e-05 177.122
8.97437 3.38212e-05 163.717
8.98929 3.30584e-05 176.07
9.0042 3.36703e-05 167.617
9.01912 3.27144e-05 181.371
9.03403 3.39657e-05 163.902
9.04895 3.27068e-05 181.568
9.06386 3.3823e-05 166.316
9.07878 3.2305e-05 185.883
9.09369 3.4185e-05 164.534
9.10861 3.22672e-05 187.886
9.12352 3.40714e-05 164.861
9.13844 3.182e-05 190.631
9.15335 3.44847e-05 165.626
9.16827 3.17195e-05 194.962
9.18318 3.44361e-05 163.412
9.1981 3.12589e-05 195.68
9.21301 3.48609e-05 167.041
9.22793 3.10491e-05 202.582
9.24284 3.49331e-05 162.271
9.25776 3.06372e-05 201.278
9.27267 3.52863e-05 168.356
9.28759 3.0229e-05 210.169
9.3025 3.56331e-05 160.237
9.31742 3.00318e-05 206.472
9.33233 3.56068e-05 170.343
9.34725 2.97541e-05 209.994
9.36216 3.59246e-05 170.707
9.37708 2.93933e-05 212.887
9.39199 3.55175e-05 172.474
9.40691 2.99993e-05 216.76
9.42182 3.54266e-05 177.881
9.43674 2.98473e-05 211.271
9.45165 3.5075e-05 178.86
9.46657 3.01972e-05 215.736
9.48148 3.4845e-05 184.37
9.4964 3.03028e-05 211.347
9.51131 3.45164e-05 185.882
9.52623 3.05614e-05 214.575
9.54114 3.42243e-05 190.837
9.55606 3.07576e-05 211.745
9.57097 3.38942e-05 193.016
9.58589 3.09999e-05 213.807
9.6008 3.35814e-05 197.458
9.61572 3.12161e-05 212.074
9.63063 3.32518e-05 200.095
9.64555 3.14531e-05 213.37
9.66046 3.29364e-05 204.17
9.67538 3.16624e-05 212.284
9.69029 3.26108e-05 207.039
9.70521 3.18825e-05 213.118
9.72012 3.23341e-05 210.943
9.73504 3.23672e-05 212.146
9.74995 3.23021e-05 214.704
9.76486 3.22323e-05 217.928
9.77978 3.21758e-05 221.534
9.79469 3.21311e-05 225.374
9.80961 3.2094e-05 229.359
9.82452 3.20614e-05 233.431
9.83944 3.20312e-05 237.55
9.85435 3.20021e-05 241.691
9.86927 3.19734e-05 245.835
9.88418 3.19445e-05 249.967
9.8991 3.19154e-05 254.076
9.91401 3.18857e-05 258.153
9.92893 3.18555e-05 262.19
9.94384 3.18247e-05 266.181
9.95876 3.17933e-05 270.119
9.97367 3.17614e-05 273.999
9.98859 3.17289e-05 277.815
10.0035 3.1696e-05 281.562
10.0184 3.16627e-05 285.236
10.0333 3.16292e-05 288.832
10.0482 3.15954e-05 292.347
10.0632 3.15615e-05 295.776
10.0781 3.15276e-05 299.118
10.093 3.14937e-05 302.369
10.1079 3.14599e-05 305.527
10.1228 3.14263e-05 308.59
10.1377 3.1393e-05 311.557
10.1527 3.13601e-05 314.425
10.1676 3.13275e-05 317.195
10.1825 3.12955e-05 319.865
10.1974 3.12639e-05 322.436
10.2123 3.12329e-05 324.906
10.2272 3.12026e-05 327.277
10.2421 3.11728e-05 329.549
10.2571 3.11437e-05 331.722
10.272 3.11152e-05 333.798
10.2869 3.10874e-05 335.778
10.3018 3.10603e-05 337.662
10.3167 3.10338e-05 339.453
10.3316 3.1008e-05 341.152
10.3465 3.09827e-05 342.761
10.3615 3.09581e-05 344.282
10.3764 3.09341e-05 345.716
10.3913 3.09106e-05 347.066
10.4062 3.08876e-05 348.334
10.4211 3.08652e-05 349.521
10.436 3.08432e-05 350.631
10.451 3.08216e-05 351.665
10.4659 3.08004e-05 352.626
10.4808 3.07796e-05 353.517
10.4957 3.07592e-05 354.338
10.5106 3.0739e-05 355.093
10.5255 3.07191e-05 355.785
10.5404 3.06995e-05 356.414
10.5554 3.068e-05 356.985
10.5703 3.06608e-05 357.498
10.5852 3.06417e-05 357.956
10.6001 3.06228e-05 358.362
10.615 3.06039e-05 358.717
10.6299 3.05852e-05 359.024
10.6448 3.05666e-05 359.285
10.6598 3.0548e-05 359.501
10.6747 3.05295e-05 359.675
10.6896 3.0511e-05 359.809
10.7045 3.04926e-05 359.904
10.7194 3.04741e-05 359.962
10.7343 3.04557e-05 359.986
10.7492 3.04372e-05 359.976
10.7642 3.04188e-05 359.935
10.7791 3.04003e-05 359.864
10.794 3.03818e-05 359.764
10.8089 3.03633e-05 359.638
10.8238 3.03448e-05 359.485
10.8387 3.03262e-05 359.309
10.8537 3.03076e-05 359.109
10.8686 3.02889e-05 358.888
10.8835 3.02703e-05 358.647
10.8984 3.02516e-05 358.386
10.9133 3.02328e-05 358.107
10.9282 3.0214e-05 357.81
10.9431 3.01952e-05 357.498
10.9581 3.01764e-05 357.17
10.973 3.01575e-05 356.828
10.9879 3.01386e-05 356.472
11.0028 3.01196e-05 356.104
11.0177 3.01006e-05 355.724
11.0326 3.00817e-05 355.333
11.0475 3.00626e-05 354.931
11.0625 3.00436e-05 354.519
11.0774 3.00245e-05 354.099
11.0923 3.00055e-05 353.669
11.1072 2.99864e-05 353.232
11.1221 2.99673e-05 352.788
11.137 2.99482e-05 352.336
11.152 2.9929e-05 351.878
11.1669 2.99099e-05 351.414
11.1818 2.98908e-05 350.945
11.1967 2.98716e-05 350.47
11.2116 2.98525e-05 349.991
11.2265 2.98334e-05 349.507
11.2414 2.98142e-05 349.019
11.2564 2.97951e-05 348.527
11.2713 2.9776e-05 348.032
11.2862 2.97568e-05 347.534
11.3011 2.97377e-05 347.033
11.316 2.97186e-05 346.53
11.3309 2.96995e-05 346.024
11.3458 2.96805e-05 345.516
11.3608 2.96614e-05 345.006
11.3757 2.96423e-05 344.494
11.3906 2.96233e-05 343.981
11.4055 2.96043e-05 343.466
11.4204 2.95853e-05 342.951
11.4353 2.95663e-05 342.434
11.4503 2.95473e-05 341.916
11.4652 2.95284e-05 341.398
11.4801 2.95095e-05 340.879
11.495 2.94906e-05 340.359
11.5099 2.94717e-05 339.84
11.5248 2.94529e-05 339.32
11.5397 2.9434e-05 338.799
11.5547 2.94152e-05 338.279
11.5696 2.93964e-05 337.759
11.5845 2.93777e-05 337.239
11.5994 2.9359e-05 336.719
11.6143 2.93403e-05 336.2
11.6292 2.93216e-05 335.68
11.6441 2.9303e-05 335.162
11.6591 2.92843e-05 334.643
11.674 2.92657e-05 334.125
11.6889 2.92472e-05 333.608
11.7038 2.92287e-05 333.092
11.7187 2.92102e-05 332.576
11.7336 2.91917e-05 332.06
11.7485 2.91732e-05 331.546
11.7635 2.91548e-05 331.032
11.7784 2.91364e-05 330.52
11.7933 2.91181e-05 330.008
11.8082 2.90998e-05 329.497
11.8231 2.90815e-05 328.987
11.838 2.90632e-05 328.478
11.853 2.9045e-05 327.969
11.8679 2.90268e-05 327.462
11.8828 2.90086e-05 326.956
11.8977 2.89905e-05 326.451
11.9126 2.89724e-05 325.947
11.9275 2.89543e-05 325.444
11.9424 2.89363e-05 324.942
11.9574 2.89183e-05 324.442
11.9723 2.89003e-05 323.942
11.9872 2.88823e-05 323.444
12.0021 2.88644e-05 322.946
12.017 2.88465e-05 322.45
12.0319 2.88287e-05 321.955
12.0468 2.88108e-05 321.461
12.0618 2.87931e-05 320.969
12.0767 2.87753e-05 320.477
12.0916 2.87576e-05 319.987
12.1065 2.87399e-05 319.498
12.1214 2.87222e-05 319.01
12.1363 2.87046e-05 318.523
12.1513 2.8687e-05 318.038
12.1662 2.86694e-05 317.554
12.1811 2.86518e-05 317.071
12.196 2.86343e-05 316.589
12.2109 2.86169e-05 316.108
12.2258 2.85994e-05 315.629
12.2407 2.8582e-05 315.151
12.2557 2.85646e-05 314.674
12.2706 2.85473e-05 314.198
12.2855 2.85299e-05 313.724
12.3004 2.85126e-05 313.251
12.3153 2.84954e-05 312.779
12.3302 2.84782e-05 312.308
12.3451 2.8461e-05 311.838
12.3601 2.84438e-05 311.37
12.375 2.84266e-05 310.903
12.3899 2.84095e-05 310.437
12.4048 2.83925e-05 309.972
12.4197 2.83754e-05 309.509
12.4346 2.83584e-05 309.046
12.4495 2.83414e-05 308.585
12.4645 2.83245e-05 308.125
12.4794 2.83075e-05 307.667
12.4943 2.82906e-05 307.209
12.5092 2.82738e-05 306.753
12.5241 2.82569e-05 306.298
12.539 2.82401e-05 305.844
12.554 2.82233e-05 305.392
12.5689 2.82066e-05 304.94
12.5838 2.81899e-05 304.49
12.5987 2.81732e-05 304.041
12.6136 2.81565e-05 303.593
12.6285 2.81399e-05 303.146
12.6434 2.81233e-05 302.7
12.6584 2.81067e-05 302.256
12.6733 2.80902e-05 301.813
12.6882 2.80737e-05 301.371
12.7031 2.80572e-05 300.93
12.718 2.80407e-05 300.49
12.7329 2.80243e-05 300.051
12.7478 2.80079e-05 299.614
12.7628 2.79915e-05 299.177
12.7777 2.79752e-05 298.742
12.7926 2.79589e-05 298.308
12.8075 2.79426e-05 297.875
12.8224 2.79264e-05 297.443
12.8373 2.79101e-05 297.013
12.8523 2.78939e-05 296.583
12.8672 2.78778e-05 296.155
12.8821 2.78616e-05 295.727
12.897 2.78455e-05 295.301
12.9119 2.78294e-05 294.876
12.9268 2.78134e-05 294.452
12.9417 2.77973e-05 294.029
12.9567 2.77813e-05 293.607
12.9716 2.77654e-05 293.186
12.9865 2.77494e-05 292.767
13.0014 2.77335e-05 292.348
13.0163 2.77176e-05 291.93
13.0312 2.77017e-05 291.514
13.0461 2.76859e-05 291.099
13.0611 2.76701e-05 290.684
13.076 2.76543e-05 290.271
13.0909 2.76385e-05 289.859
13.1058 2.76228e-05 289.448
13.1207 2.76071e-05 289.038
13.1356 2.75914e-05 288.629
13.1506 2.75758e-05 288.221
13.1655 2.75601e-05 287.814
13.1804 2.75445e-05 287.408
13.1953 2.7529e-05 287.003
13.2102 2.75134e-05 286.599
13.2251 2.74979e-05 286.196
13.24 2.74824e-05 285.795
13.255 2.7467e-05 285.394
13.2699 2.74515e-05 284.994
13.2848 2.74361e-05 284.595
13.2997 2.74207e-05 284.198
13.3146 2.74054e-05 283.801
13.3295 2.739e-05 283.405
13.3444 2.73747e-05 283.01
13.3594 2.73594e-05 282.617
13.3743 2.73442e-05 282.224
13.3892 2.73289e-05 281.832
13.4041 2.73137e-05 281.441
13.419 2.72985e-05 281.052
13.4339 2.72834e-05 280.663
13.4488 2.72682e-05 280.275
13.4638 2.72531e-05 279.888
13.4787 2.72381e-05 279.502
13.4936 2.7223e-05 279.117
13.5085 2.7208e-05 278.733
13.5234 2.7193e-05 278.35
13.5383 2.7178e-05 277.968
13.5533 2.7163e-05 277.587
13.5682 2.71481e-05 277.207
13.5831 2.71332e-05 276.827
13.598 2.71183e-05 276.449
13.6129 2.71034e-05 276.072
13.6278 2.70886e-05 275.695
13.6427 2.70738e-05 275.32
13.6577 2.7059e-05 274.945
13.6726 2.70442e-05 274.571
13.6875 2.70295e-05 274.199
13.7024 2.70148e-05 273.827
13.7173 2.70001e-05 273.456
13.7322 2.69854e-05 273.086
13.7471 2.69708e-05 272.717
13.7621 2.69562e-05 272.348
13.777 2.69416e-05 271.981
13.7919 2.6927e-05 271.615
13.8068 2.69124e-05 271.249
13.8217 2.68979e-05 270.885
13.8366 2.68834e-05 270.521
13.8516 2.68689e-05 270.158
13.8665 2.68545e-05 269.796
13.8814 2.68401e-05 269.435
13.8963 2.68256e-05 269.075
13.9112 2.68113e-05 268.715
13.9261 2.67969e-05 268.357
13.941 2.67826e-05 267.999
13.956 2.67682e-05 267.642
13.9709 2.6754e-05 267.286
13.9858 2.67397e-05 266.931
14.0007 2.67254e-05 266.577
14.0156 2.67112e-05 266.224
14.0305 2.6697e-05 265.871
14.0454 2.66828e-05 265.52
14.0604 2.66687e-05 265.169
14.0753 2.66545e-05 264.819
14.0902 2.66404e-05 264.47
14.1051 2.66263e-05 264.121
14.12 2.66123e-05 263.774
14.1349 2.65982e-05 263.427
14.1498 2.65842e-05 263.081
14.1648 2.65702e-05 262.736
14.1797 2.65562e-05 262.392
14.1946 2.65423e-05 262.049
14.2095 2.65283e-05 261.706
14.2244 2.65144e-05 261.364
14.2393 2.65005e-05 261.023
14.2543 2.64867e-05 260.683
14.2692 2.64728e-05 260.344
14.2841 2.6459e-05 260.005
14.299 2.64452e-05 259.668
14.3139 2.64314e-05 259.331
14.3288 2.64177e-05 258.995
14.3437 2.64039e-05 258.659
14.3587 2.63902e-05 258.325
14.3736 2.63765e-05 257.991
14.3885 2.63628e-05 257.658
14.4034 2.63492e-05 257.326
14.4183 2.63356e-05 256.994
14.4332 2.63219e-05 256.663
14.4481 2.63084e-05 256.334
14.4631 2.62948e-05 256.004
14.478 2.62812e-05 255.676
14.4929 2.62677e-05 255.348
14.5078 2.62542e-05 255.021
14.5227 2.62407e-05 254.695
14.5376 2.62273e-05 254.37
14.5526 2.62138e-05 254.045
14.5675 2.62004e-05 253.722
14.5824 2.6187e-05 253.398
14.5973 2.61736e-05 253.076
14.6122 2.61602e-05 252.754
14.6271 2.61469e-05 252.434
14.642 2.61336e-05 252.113
14.657 2.61203e-05 251.794
14.6719 2.6107e-05 251.475
14.6868 2.60938e-05 251.158
14.7017 2.60805e-05 250.84
14.7166 2.60673e-05 250.524
14.7315 2.60542e-05 250.209
14.7464 2.60411e-05 249.894
14.7614 2.6028e-05 249.58
14.7763 2.60151e-05 249.268
14.7912 2.60023e-05 248.957
14.8061 2.59896e-05 248.648
14.821 2.59772e-05 248.341
14.8359 2.59651e-05 248.037
14.8509 2.59533e-05 247.737
14.8658 2.5942e-05 247.44
14.8807 2.59311e-05 247.148
14.8956 2.59208e-05 246.86
14.9105 2.59111e-05 246.579
14.9254 2.59019e-05 246.303
14.9403 2.58932e-05 246.032
14.9553 2.58849e-05 245.766
14.9702 2.5877e-05 245.505
14.9851 2.58693e-05 245.247
15 2.58617e-05 244.991
