0.1 0.000381448 13064.9
0.114915 0.000187486 39783.5
0.12983 0.000284061 28052.9
0.144745 0.000256534 28231.3
0.15966 0.000251583 25558.3
0.174575 0.000239258 24033.9
0.189489 0.00023013 22512
0.204404 0.000221403 21248.3
0.219319 0.000213761 20125.7
0.234234 0.000206816 19135.5
0.249149 0.000200517 18251.2
0.264064 0.00019476 17457
0.278979 0.000189472 16738.9
0.293894 0.000184592 16086.2
0.308809 0.000180072 15490
0.323724 0.000175868 14942.9
0.338639 0.000171945 14438.8
0.353554 0.000168274 13972.7
0.368468 0.000164828 13540.3
0.383383 0.000161586 13137.9
0.398298 0.000158525 12762.2
0.413213 0.000155626 12410.3
0.428128 0.000152854 12078.9
0.443043 0.000150139 11763.2
0.457958 0.000147306 11453.6
0.472873 0.00014392 11128.4
0.487788 0.000139004 10740.9
0.502703 0.000130646 10200.5
0.517618 0.000115696 9347.71
0.532533 0.000109831 6448.05
0.547447 0.000128019 2544.83
0.562362 0.00019 1306.1
0.577277 0.000109936 3488.39
0.592192 0.000171459 981.792
0.607107 9.80918e-05 3210.29
0.622022 0.000158462 912.401
0.636937 9.47617e-05 2986.3
0.651852 0.000153532 884.899
0.666767 9.21667e-05 2849.85
0.681682 0.000150132 880.959
0.696597 8.97167e-05 2758.75
0.711512 0.000147244 879.003
0.726426 8.74659e-05 2677.49
0.741341 0.000144557 880.329
0.756256 8.53779e-05 2606.82
0.771171 0.000142001 882.431
0.786086 8.3423e-05 2541.9
0.801001 0.000139554 885.811
0.815916 8.16219e-05 2483.44
0.830831 0.00013723 889.298
0.845746 7.99297e-05 2428.74
0.860661 0.000135036 893.64
0.875576 7.84019e-05 2379.49
0.89049 0.000132927 897.199
0.905405 7.69316e-05 2331.64
0.92032 0.000130878 901.946
0.935235 7.54835e-05 2287.1
0.95015 0.000128935 906.64
0.965065 7.41264e-05 2245.14
0.97998 0.000127079 911.411
0.994895 7.28544e-05 2205.73
1.00981 0.000125289 915.978
1.02472 7.16653e-05 2168.42
1.03964 0.000123552 920.434
1.05455 7.05496e-05 2133.09
1.06947 0.000121866 924.701
1.08438 6.9506e-05 2099.57
1.0993 0.000120226 928.753
1.11421 6.85277e-05 2067.67
1.12913 0.00011863 932.616
1.14404 6.76117e-05 2037.32
1.15896 0.000117074 936.223
1.17387 6.67532e-05 2008.33
1.18879 0.000115557 939.64
1.2037 6.59484e-05 1980.67
1.21862 0.000114076 942.793
1.23353 6.51937e-05 1954.17
1.24845 0.00011263 945.757
1.26336 6.44853e-05 1928.83
1.27828 0.000111218 948.468
1.29319 6.38202e-05 1904.49
1.30811 0.000109837 950.997
1.32302 6.31951e-05 1881.16
1.33794 0.000108487 953.289
1.35285 6.26072e-05 1858.7
1.36777 0.000107168 955.412
1.38268 6.20537e-05 1837.12
1.3976 0.000105877 957.319
1.41251 6.15321e-05 1816.31
1.42743 0.000104614 959.073
1.44234 6.104e-05 1796.27
1.45726 0.000103379 960.631
1.47217 6.05753e-05 1776.9
1.48709 0.00010217 962.056
1.502 6.01359e-05 1758.22
1.51692 0.000100987 963.301
1.53183 5.97198e-05 1740.12
1.54675 9.98295e-05 964.437
1.56166 5.93256e-05 1722.63
1.57658 9.86951e-05 965.403
1.59149 5.89512e-05 1705.64
1.60641 9.75833e-05 966.285
1.62132 5.85955e-05 1689.19
1.63624 9.64915e-05 966.997
1.65115 5.82568e-05 1673.12
1.66607 9.5417e-05 967.649
1.68098 5.7934e-05 1657.46
1.6959 9.43535e-05 968.115
1.71081 5.76255e-05 1641.98
1.72573 9.32928e-05 968.53
1.74064 5.73303e-05 1626.63
1.75556 9.22183e-05 968.709
1.77047 5.70469e-05 1610.97
1.78539 9.11062e-05 968.808
1.8003 5.67768e-05 1594.67
1.81522 8.99183e-05 968.55
1.83013 5.65273e-05 1576.8
1.84505 8.86088e-05 968.105
1.85996 5.63273e-05 1556.51
1.87487 8.71358e-05 967.08
1.88979 5.62555e-05 1532.26
1.9047 8.5499e-05 965.58
1.91962 5.64914e-05 1502.9
1.93453 8.37558e-05 962.687
1.94945 5.73601e-05 1466.7
1.96436 8.19432e-05 957.29
1.97928 5.92876e-05 1421.46
1.99419 7.98777e-05 947.272
2.00911 6.24134e-05 1360.75
2.02402 7.7252e-05 937.543
2.03894 6.59041e-05 1277.35
2.05385 7.42335e-05 943.165
2.06877 6.83909e-05 1175.41
2.08368 7.15101e-05 974.299
2.0986 6.94014e-05 1068.65
2.11351 6.9182e-05 1023.94
2.12843 6.91245e-05 963.857
2.14334 6.89684e-05 876.591
2.15826 6.86284e-05 783.223
2.17317 6.82513e-05 694.625
2.18809 6.7896e-05 615.455
2.203 6.75745e-05 547.054
2.21792 6.72829e-05 489.182
2.23283 6.70143e-05 440.93
2.24775 6.67623e-05 401.15
2.26266 6.65224e-05 368.657
2.27758 6.62912e-05 342.315
2.29249 6.60664e-05 321.088
2.30741 6.58465e-05 304.048
2.32232 6.56307e-05 290.393
2.33724 6.54181e-05 279.44
2.35215 6.52083e-05 270.621
2.36707 6.50011e-05 263.47
2.38198 6.47963e-05 257.612
2.3969 6.45936e-05 252.752
2.41181 6.4393e-05 248.656
2.42673 6.41944e-05 245.144
2.44164 6.39978e-05 242.076
2.45656 6.3803e-05 239.349
2.47147 6.361e-05 236.88
2.48639 6.34188e-05 234.611
2.5013 6.32294e-05 232.495
2.51622 6.30416e-05 230.499
2.53113 6.28556e-05 228.596
2.54605 6.26711e-05 226.77
2.56096 6.24883e-05 225.004
2.57588 6.23072e-05 223.288
2.59079 6.21275e-05 221.615
2.60571 6.19495e-05 219.979
2.62062 6.17729e-05 218.375
2.63554 6.15979e-05 216.799
2.65045 6.14243e-05 215.25
2.66537 6.12522e-05 213.724
2.68028 6.10815e-05 212.221
2.6952 6.09123e-05 210.74
2.71011 6.07511e-05 209.29
2.72503 6.05679e-05 212.164
2.73994 6.04235e-05 208.563
2.75485 6.02365e-05 211.812
2.76977 6.01034e-05 206.99
2.78468 5.99058e-05 212.764
2.7996 5.97869e-05 206.072
2.81451 5.95837e-05 212.747
2.82943 5.94767e-05 204.71
2.84434 5.9264e-05 213.437
2.85926 5.91707e-05 203.706
2.87417 5.8951e-05 213.6
2.88909 5.88702e-05 202.472
2.904 5.86414e-05 214.146
2.91892 5.85739e-05 201.438
2.93383 5.83374e-05 214.402
2.94875 5.82826e-05 200.288
2.96366 5.80372e-05 214.866
2.97858 5.79955e-05 199.253
2.99349 5.77419e-05 215.171
3.00841 5.7713e-05 198.163
3.02332 5.74504e-05 215.588
3.03824 5.74346e-05 197.141
3.05315 5.71635e-05 215.916
3.06807 5.71606e-05 196.097
3.08298 5.68804e-05 216.304
3.0979 5.68905e-05 195.096
3.11281 5.66014e-05 216.642
3.12773 5.66244e-05 194.09
3.14264 5.63262e-05 217.012
3.15756 5.63622e-05 193.113
3.17247 5.60549e-05 217.353
3.18739 5.61039e-05 192.14
3.2023 5.57871e-05 217.709
3.21722 5.58492e-05 191.188
3.23213 5.55231e-05 218.049
3.24705 5.55981e-05 190.245
3.26196 5.52625e-05 218.396
3.27688 5.53506e-05 189.318
3.29179 5.50054e-05 218.733
3.30671 5.51065e-05 188.402
3.32162 5.47517e-05 219.072
3.33654 5.48659e-05 187.501
3.35145 5.45013e-05 219.404
3.36637 5.46285e-05 186.61
3.38128 5.4254e-05 219.737
3.3962 5.43943e-05 185.733
3.41111 5.401e-05 220.064
3.42603 5.41634e-05 184.866
3.44094 5.3769e-05 220.391
3.45586 5.39355e-05 184.012
3.47077 5.3531e-05 220.713
3.48569 5.37106e-05 183.169
3.5006 5.3296e-05 221.034
3.51552 5.34887e-05 182.337
3.53043 5.30639e-05 221.352
3.54535 5.32698e-05 181.516
3.56026 5.28346e-05 221.667
3.57518 5.30536e-05 180.705
3.59009 5.26081e-05 221.98
3.60501 5.28403e-05 179.905
3.61992 5.23842e-05 222.29
3.63483 5.26296e-05 179.115
3.64975 5.21631e-05 222.598
3.66466 5.24217e-05 178.335
3.67958 5.19445e-05 222.903
3.69449 5.22163e-05 177.565
3.70941 5.17285e-05 223.206
3.72432 5.20136e-05 176.804
3.73924 5.1515e-05 223.507
3.75415 5.18133e-05 176.053
3.76907 5.13039e-05 223.805
3.78398 5.16155e-05 175.31
3.7989 5.10952e-05 224.101
3.81381 5.14201e-05 174.577
3.82873 5.08889e-05 224.394
3.84364 5.12271e-05 173.853
3.85856 5.06849e-05 224.685
3.87347 5.10364e-05 173.137
3.88839 5.04831e-05 224.975
3.9033 5.0848e-05 172.43
3.91822 5.02836e-05 225.261
3.93313 5.06618e-05 171.731
3.94805 5.00863e-05 225.546
3.96296 5.04778e-05 171.04
3.97788 4.9891e-05 225.829
3.99279 5.0296e-05 170.357
4.00771 4.9698e-05 226.109
4.02262 5.01358e-05 169.715
4.03754 4.94749e-05 235.201
4.05245 4.99294e-05 172.248
4.06737 4.93481e-05 220.389
4.08228 4.97646e-05 166.019
4.0972 4.91174e-05 229.245
4.11211 4.95984e-05 168.566
4.12703 4.89348e-05 230.813
4.14194 4.9424e-05 168.384
4.15686 4.87584e-05 229.588
4.17177 4.92475e-05 167.186
4.18669 4.85854e-05 227.345
4.2016 4.90714e-05 165.628
4.21652 4.84148e-05 224.757
4.23143 4.88965e-05 163.955
4.24635 4.82462e-05 222.076
4.26126 4.87234e-05 162.26
4.27618 4.80794e-05 219.393
4.29109 4.85519e-05 160.574
4.30601 4.79144e-05 216.741
4.32092 4.83822e-05 158.911
4.33584 4.77511e-05 214.133
4.35075 4.82143e-05 157.273
4.36567 4.75895e-05 211.571
4.38058 4.80481e-05 155.663
4.3955 4.74378e-05 209.075
4.41041 4.78752e-05 157.609
4.42533 4.72658e-05 210.112
4.44024 4.77261e-05 153.823
4.45516 4.71345e-05 205.512
4.47007 4.75391e-05 160.321
4.48498 4.69446e-05 211.026
4.4999 4.74147e-05 152.883
4.51481 4.68325e-05 202.896
4.52973 4.72143e-05 162.046
4.54464 4.66314e-05 210.963
4.55956 4.71077e-05 151.613
4.57447 4.65388e-05 200.008
4.58939 4.68931e-05 164.177
4.6043 4.63238e-05 211.295
4.61922 4.68076e-05 150.511
4.63413 4.62504e-05 197.337
4.64905 4.65785e-05 166.136
4.66396 4.60223e-05 211.461
4.67888 4.65131e-05 149.373
4.69379 4.59682e-05 194.679
4.70871 4.62691e-05 168.163
4.72362 4.57266e-05 211.69
4.73854 4.62243e-05 148.282
4.75345 4.56915e-05 192.114
4.76837 4.59539e-05 170.138
4.78328 4.54709e-05 202.746
4.7982 4.59171e-05 156.556
4.81311 4.53954e-05 198.509
4.82803 4.56735e-05 160.767
4.84294 4.52365e-05 201.672
4.85786 4.55949e-05 156.519
4.87277 4.50844e-05 196.878
4.88769 4.54475e-05 161.608
4.9026 4.49435e-05 200.879
4.91752 4.53137e-05 156.237
4.93243 4.48162e-05 195.132
4.94735 4.51672e-05 162.525
4.96226 4.46761e-05 200.218
4.97718 4.50378e-05 155.821
4.99209 4.45532e-05 193.295
5.00701 4.48915e-05 163.596
5.02192 4.44134e-05 199.715
5.03684 4.4767e-05 155.241
5.05175 4.42954e-05 191.34
5.06667 4.46201e-05 164.862
5.08158 4.41552e-05 199.4
5.0965 4.45011e-05 154.459
5.11141 4.40427e-05 189.236
5.12633 4.43529e-05 166.374
5.14124 4.39013e-05 199.313
5.15616 4.42402e-05 153.434
5.17107 4.3795e-05 186.946
5.18599 4.40826e-05 168.18
5.2009 4.36732e-05 199.543
5.21582 4.39684e-05 152.04
5.23073 4.35362e-05 184.326
5.24565 4.38384e-05 170.557
5.26056 4.34531e-05 190.53
5.27548 4.36911e-05 161.702
5.29039 4.32725e-05 191.63
5.30531 4.36214e-05 159.849
5.32022 4.32088e-05 189.441
5.33514 4.34345e-05 161.927
5.35005 4.30298e-05 190.487
5.36496 4.33799e-05 160.163
5.37988 4.29803e-05 188.427
5.39479 4.3162e-05 162.041
5.40971 4.28506e-05 189.399
5.42462 4.30991e-05 160.35
5.43954 4.27133e-05 187.227
5.45445 4.29774e-05 162.573
5.46937 4.26069e-05 188.544
5.48428 4.28538e-05 160.316
5.4992 4.24819e-05 185.925
5.51411 4.27439e-05 163.162
5.52903 4.23874e-05 187.801
5.54394 4.26109e-05 160.156
5.55886 4.22529e-05 184.535
5.57377 4.25156e-05 163.899
5.58869 4.21737e-05 187.204
5.6036 4.23653e-05 159.812
5.61852 4.20388e-05 183.034
5.63343 4.22839e-05 164.8
5.64835 4.19546e-05 186.739
5.66326 4.21344e-05 159.335
5.67818 4.18338e-05 181.457
5.69309 4.20481e-05 165.824
5.70801 4.17298e-05 186.367
5.72292 4.1921e-05 158.779
5.73784 4.16294e-05 179.831
5.75275 4.18124e-05 166.945
5.76767 4.15114e-05 186.09
5.78258 4.17099e-05 158.113
5.7975 4.14257e-05 178.133
5.81241 4.1581e-05 168.209
5.82733 4.13046e-05 185.958
5.84224 4.1495e-05 157.265
5.85716 4.12174e-05 176.291
5.87207 4.13624e-05 169.746
5.88699 4.11088e-05 186.071
5.9019 4.12715e-05 156.102
5.91682 4.10101e-05 174.207
5.93173 4.11544e-05 171.706
5.94665 4.09139e-05 174.786
5.96156 4.10478e-05 170.311
5.97648 4.08163e-05 176.391
5.99139 4.09403e-05 167.463
6.00631 4.07187e-05 181.94
6.02122 4.08349e-05 159.374
6.03614 4.06253e-05 174.787
6.05105 4.07275e-05 168.697
6.06597 4.05247e-05 181.831
6.08088 4.06287e-05 158.526
6.0958 4.04327e-05 173.036
6.11071 4.05195e-05 170.194
6.12563 4.03387e-05 173.918
6.14054 4.0418e-05 168.383
6.15546 4.02461e-05 179.958
6.17037 4.03114e-05 159.493
6.18529 4.01651e-05 172.303
6.2002 4.01961e-05 169.665
6.21512 4.00823e-05 179.962
6.23003 4.00855e-05 158.467
6.24494 3.99979e-05 170.5
6.25986 3.99882e-05 171.296
6.27477 3.99059e-05 169.778
6.28969 3.98759e-05 178.784
6.3046 3.98344e-05 158.818
6.31952 3.97707e-05 169.539
6.33443 3.9734e-05 177.804
6.34935 3.9692e-05 159.42
6.36426 3.96318e-05 169.274
6.37918 3.95942e-05 176.815
6.39409 3.95527e-05 160.051
6.40901 3.94956e-05 169.039
6.42392 3.94544e-05 175.857
6.43884 3.9414e-05 160.654
6.45375 3.93587e-05 168.78
6.46867 3.93179e-05 174.895
6.48358 3.92777e-05 161.279
6.4985 3.92236e-05 168.543
6.51341 3.91826e-05 173.959
6.52833 3.9142e-05 161.88
6.54324 3.90896e-05 168.291
6.55816 3.90488e-05 173.022
6.57307 3.90083e-05 162.498
6.58799 3.89572e-05 168.056
6.6029 3.89162e-05 172.108
6.61782 3.88755e-05 163.098
6.63273 3.88259e-05 167.81
6.64765 3.87851e-05 171.195
6.66256 3.87444e-05 163.71
6.67748 3.86962e-05 167.577
6.69239 3.86553e-05 170.302
6.70731 3.86176e-05 164.315
6.72222 3.8567e-05 167.34
6.73714 3.85176e-05 169.395
6.75205 3.84861e-05 170.74
6.76697 3.84493e-05 162.787
6.78188 3.84029e-05 165.272
6.7968 3.83551e-05 166.917
6.81171 3.83135e-05 167.932
6.82663 3.82721e-05 168.467
6.84154 3.82306e-05 168.641
6.85646 3.81893e-05 168.542
6.87137 3.8148e-05 168.241
6.88629 3.81068e-05 167.789
6.9012 3.80657e-05 167.225
6.91612 3.80247e-05 166.581
6.93103 3.79839e-05 165.876
6.94595 3.79431e-05 165.13
6.96086 3.79025e-05 164.353
6.97578 3.78619e-05 163.556
6.99069 3.78216e-05 162.745
7.00561 3.77813e-05 161.925
7.02052 3.77411e-05 161.1
7.03544 3.77011e-05 160.274
7.05035 3.76612e-05 159.448
7.06527 3.76215e-05 158.624
7.08018 3.75818e-05 157.802
7.0951 3.75423e-05 156.985
7.11001 3.75029e-05 156.172
7.12492 3.74636e-05 155.364
7.13984 3.74245e-05 154.562
7.15475 3.73855e-05 153.764
7.16967 3.73466e-05 152.973
7.18458 3.73078e-05 152.188
7.1995 3.72691e-05 151.408
7.21441 3.72306e-05 150.635
7.22933 3.71921e-05 149.867
7.24424 3.71538e-05 149.106
7.25916 3.71156e-05 148.35
7.27407 3.70776e-05 147.601
7.28899 3.70396e-05 146.858
7.3039 3.70018e-05 146.121
7.31882 3.69641e-05 145.39
7.33373 3.69265e-05 144.665
7.34865 3.6889e-05 143.946
7.36356 3.68516e-05 143.233
7.37848 3.68143e-05 142.527
7.39339 3.67772e-05 141.826
7.40831 3.67401e-05 141.132
7.42322 3.67032e-05 140.443
7.43814 3.66664e-05 139.761
7.45305 3.66297e-05 139.085
7.46797 3.65931e-05 138.415
7.48288 3.65566e-05 137.751
7.4978 3.65202e-05 137.093
7.51271 3.6484e-05 136.442
7.52763 3.64478e-05 135.797
7.54254 3.64117e-05 135.158
7.55746 3.63758e-05 134.526
7.57237 3.63399e-05 133.9
7.58729 3.63042e-05 133.281
7.6022 3.62686e-05 132.668
7.61712 3.62331e-05 132.062
7.63203 3.61976e-05 131.463
7.64695 3.61623e-05 130.87
7.66186 3.61271e-05 130.284
7.67678 3.6092e-05 129.706
7.69169 3.6057e-05 129.134
7.70661 3.60221e-05 128.57
7.72152 3.59873e-05 128.013
7.73644 3.59526e-05 127.464
7.75135 3.5918e-05 126.922
7.76627 3.58835e-05 126.388
7.78118 3.58491e-05 125.862
7.7961 3.58148e-05 125.345
7.81101 3.57806e-05 124.836
7.82593 3.57464e-05 124.335
7.84084 3.57124e-05 123.843
7.85576 3.56785e-05 123.361
7.87067 3.56447e-05 122.887
7.88559 3.5611e-05 122.424
7.9005 3.55774e-05 121.97
7.91542 3.55438e-05 121.526
7.93033 3.55104e-05 121.093
7.94525 3.54771e-05 120.671
7.96016 3.54438e-05 120.26
7.97508 3.54107e-05 119.861
7.98999 3.53776e-05 119.474
8.0049 3.53446e-05 119.1
8.01982 3.53118e-05 118.738
8.03473 3.5279e-05 118.39
8.04965 3.52463e-05 118.057
8.06456 3.52137e-05 117.737
8.07948 3.51812e-05 117.433
8.09439 3.51488e-05 117.145
8.10931 3.51164e-05 116.874
8.12422 3.50842e-05 116.62
8.13914 3.5052e-05 116.384
8.15405 3.502e-05 116.167
8.16897 3.4988e-05 115.969
8.18388 3.49561e-05 115.792
8.1988 3.49243e-05 115.637
8.21371 3.48926e-05 115.504
8.22863 3.4861e-05 115.395
8.24354 3.48295e-05 115.311
8.25846 3.4798e-05 115.252
8.27337 3.47667e-05 115.221
8.28829 3.47354e-05 115.219
8.3032 3.47042e-05 115.246
8.31812 3.46731e-05 115.305
8.33303 3.46421e-05 115.397
8.34795 3.46112e-05 115.524
8.36286 3.45803e-05 115.688
8.37778 3.45496e-05 115.89
8.39269 3.45189e-05 116.132
8.40761 3.44883e-05 116.416
8.42252 3.44578e-05 116.746
8.43744 3.44274e-05 117.122
8.45235 3.43971e-05 117.548
8.46727 3.43668e-05 118.026
8.48218 3.43367e-05 118.559
8.4971 3.43066e-05 119.15
8.51201 3.42766e-05 119.801
8.52693 3.42467e-05 120.517
8.54184 3.42169e-05 121.3
8.55676 3.41872e-05 122.155
8.57167 3.41575e-05 123.084
8.58659 3.4128e-05 124.092
8.6015 3.40985e-05 125.184
8.61642 3.40691e-05 126.363
8.63133 3.40398e-05 127.635
8.64625 3.40106e-05 129.005
8.66116 3.39815e-05 130.477
8.67608 3.39525e-05 132.058
8.69099 3.39236e-05 133.754
8.70591 3.38948e-05 135.569
8.72082 3.38661e-05 137.512
8.73574 3.38375e-05 139.59
8.75065 3.3809e-05 141.808
8.76557 3.37806e-05 144.176
8.78048 3.37523e-05 146.701
8.7954 3.37241e-05 149.392
8.81031 3.36961e-05 152.257
8.82523 3.36682e-05 155.308
8.84014 3.36404e-05 158.552
8.85506 3.36127e-05 162.002
8.86997 3.3585e-05 165.668
8.88488 3.35513e-05 169.546
8.8998 3.33777e-05 173.291
8.91471 3.36858e-05 163.625
8.92963 3.33696e-05 171.233
8.94454 3.35584e-05 168.815
8.95946 3.31275e-05 177.407
8.97437 3.37296e-05 163.102
8.98929 3.31253e-05 175.752
9.0042 3.35936e-05 167.879
9.01912 3.28261e-05 181.894
9.03403 3.38306e-05 162.872
9.04895 3.28267e-05 181.044
9.06386 3.36895e-05 166.707
9.07878 3.24613e-05 186.661
9.09369 3.40019e-05 163.069
9.10861 3.24557e-05 187.177
9.12352 3.38649e-05 165.292
9.13844 3.20217e-05 191.612
9.15335 3.42545e-05 163.809
9.16827 3.1991e-05 194.186
9.18318 3.41411e-05 163.682
9.1981 3.1501e-05 196.683
9.21301 3.45932e-05 165.129
9.22793 3.14106e-05 202.013
9.24284 3.45398e-05 162.032
9.25776 3.09121e-05 201.961
9.27267 3.49991e-05 166.819
9.28759 3.06794e-05 210.289
9.3025 3.51294e-05 159.143
9.31742 3.03194e-05 206.402
9.33233 3.53966e-05 169.915
9.34725 3.00052e-05 220.649
9.36216 3.55389e-05 171.615
9.37708 2.97834e-05 212.613
9.39199 3.52701e-05 171.751
9.40691 3.01624e-05 218.726
9.42182 3.51555e-05 177.998
9.43674 3.00932e-05 211.943
9.45165 3.49074e-05 178.707
9.46657 3.02991e-05 216.381
9.48148 3.46739e-05 184.189
9.4964 3.04416e-05 212.152
9.51131 3.44209e-05 185.971
9.52623 3.05964e-05 214.546
9.54114 3.41244e-05 190.543
9.55606 3.08262e-05 212.476
9.57097 3.3848e-05 193.213
9.58589 3.09897e-05 213.446
9.6008 3.35264e-05 197.128
9.61572 3.12402e-05 212.691
9.63063 3.32301e-05 200.318
9.64555 3.14241e-05 212.914
9.66046 3.2906e-05 203.858
9.67538 3.16613e-05 212.769
9.69029 3.25958e-05 207.228
9.70521 3.18426e-05 212.693
9.72012 3.22867e-05 210.58
9.73504 3.23056e-05 211.763
9.74995 3.2239e-05 214.302
9.76486 3.21745e-05 217.53
9.77978 3.2124e-05 221.155
9.79469 3.2084e-05 225.018
9.80961 3.20503e-05 229.023
9.82452 3.20201e-05 233.111
9.83944 3.19917e-05 237.242
9.85435 3.19642e-05 241.393
9.86927 3.19368e-05 245.543
9.88418 3.19094e-05 249.682
9.8991 3.18817e-05 253.798
9.91401 3.18537e-05 257.883
9.92893 3.18252e-05 261.929
9.94384 3.17963e-05 265.931
9.95876 3.17669e-05 269.881
9.97367 3.17371e-05 273.774
9.98859 3.1707e-05 277.606
10.0035 3.16765e-05 281.37
10.0184 3.16458e-05 285.062
10.0333 3.16148e-05 288.679
10.0482 3.15837e-05 292.215
10.0632 3.15524e-05 295.668
10.0781 3.15212e-05 299.033
10.093 3.14899e-05 302.309
10.1079 3.14588e-05 305.492
10.1228 3.14278e-05 308.58
10.1377 3.13971e-05 311.572
10.1527 3.13666e-05 314.465
10.1676 3.13364e-05 317.26
10.1825 3.13066e-05 319.954
10.1974 3.12771e-05 322.548
10.2123 3.12482e-05 325.042
10.2272 3.12196e-05 327.434
10.2421 3.11916e-05 329.727
10.2571 3.1164e-05 331.92
10.272 3.1137e-05 334.014
10.2869 3.11105e-05 336.01
10.3018 3.10844e-05 337.91
10.3167 3.10589e-05 339.714
10.3316 3.10339e-05 341.426
10.3465 3.10094e-05 343.045
10.3615 3.09853e-05 344.575
10.3764 3.09617e-05 346.017
10.3913 3.09385e-05 347.373
10.4062 3.09158e-05 348.645
10.4211 3.08934e-05 349.837
10.436 3.08714e-05 350.949
10.451 3.08497e-05 351.984
10.4659 3.08283e-05 352.945
10.4808 3.08072e-05 353.834
10.4957 3.07864e-05 354.653
10.5106 3.07658e-05 355.405
10.5255 3.07455e-05 356.093
10.5404 3.07253e-05 356.718
10.5554 3.07053e-05 357.283
10.5703 3.06855e-05 357.791
10.5852 3.06657e-05 358.243
10.6001 3.06462e-05 358.642
10.615 3.06267e-05 358.99
10.6299 3.06072e-05 359.289
10.6448 3.05879e-05 359.542
10.6598 3.05686e-05 359.75
10.6747 3.05494e-05 359.916
10.6896 3.05302e-05 360.042
10.7045 3.0511e-05 360.129
10.7194 3.04919e-05 360.179
10.7343 3.04727e-05 360.195
10.7492 3.04536e-05 360.177
10.7642 3.04345e-05 360.128
10.7791 3.04154e-05 360.049
10.794 3.03962e-05 359.942
10.8089 3.03771e-05 359.807
10.8238 3.03579e-05 359.648
10.8387 3.03388e-05 359.464
10.8537 3.03196e-05 359.258
10.8686 3.03004e-05 359.03
10.8835 3.02811e-05 358.782
10.8984 3.02619e-05 358.514
10.9133 3.02427e-05 358.229
10.9282 3.02234e-05 357.927
10.9431 3.02041e-05 357.608
10.9581 3.01848e-05 357.275
10.973 3.01655e-05 356.928
10.9879 3.01462e-05 356.567
11.0028 3.01269e-05 356.194
11.0177 3.01075e-05 355.809
11.0326 3.00882e-05 355.413
11.0475 3.00688e-05 355.007
11.0625 3.00494e-05 354.592
11.0774 3.00301e-05 354.167
11.0923 3.00107e-05 353.734
11.1072 2.99913e-05 353.294
11.1221 2.9972e-05 352.846
11.137 2.99526e-05 352.391
11.152 2.99332e-05 351.93
11.1669 2.99139e-05 351.463
11.1818 2.98945e-05 350.991
11.1967 2.98752e-05 350.514
11.2116 2.98558e-05 350.032
11.2265 2.98365e-05 349.546
11.2414 2.98172e-05 349.056
11.2564 2.97979e-05 348.562
11.2713 2.97786e-05 348.065
11.2862 2.97594e-05 347.565
11.3011 2.97401e-05 347.063
11.316 2.97209e-05 346.557
11.3309 2.97017e-05 346.05
11.3458 2.96825e-05 345.54
11.3608 2.96633e-05 345.029
11.3757 2.96441e-05 344.516
11.3906 2.9625e-05 344.002
11.4055 2.96059e-05 343.486
11.4204 2.95868e-05 342.969
11.4353 2.95677e-05 342.451
11.4503 2.95487e-05 341.932
11.4652 2.95297e-05 341.413
11.4801 2.95107e-05 340.893
11.495 2.94917e-05 340.373
11.5099 2.94728e-05 339.853
11.5248 2.94538e-05 339.332
11.5397 2.9435e-05 338.811
11.5547 2.94161e-05 338.29
11.5696 2.93973e-05 337.769
11.5845 2.93785e-05 337.249
11.5994 2.93597e-05 336.728
11.6143 2.9341e-05 336.208
11.6292 2.93223e-05 335.688
11.6441 2.93036e-05 335.169
11.6591 2.92849e-05 334.65
11.674 2.92663e-05 334.132
11.6889 2.92477e-05 333.614
11.7038 2.92291e-05 333.097
11.7187 2.92106e-05 332.581
11.7336 2.91921e-05 332.066
11.7485 2.91737e-05 331.551
11.7635 2.91552e-05 331.037
11.7784 2.91368e-05 330.524
11.7933 2.91184e-05 330.012
11.8082 2.91001e-05 329.501
11.8231 2.90818e-05 328.99
11.838 2.90635e-05 328.481
11.853 2.90453e-05 327.973
11.8679 2.90271e-05 327.465
11.8828 2.90089e-05 326.959
11.8977 2.89907e-05 326.454
11.9126 2.89726e-05 325.95
11.9275 2.89545e-05 325.447
11.9424 2.89365e-05 324.945
11.9574 2.89184e-05 324.444
11.9723 2.89004e-05 323.944
11.9872 2.88825e-05 323.445
12.0021 2.88646e-05 322.948
12.017 2.88467e-05 322.452
12.0319 2.88288e-05 321.957
12.0468 2.8811e-05 321.463
12.0618 2.87932e-05 320.97
12.0767 2.87754e-05 320.479
12.0916 2.87577e-05 319.988
12.1065 2.874e-05 319.499
12.1214 2.87223e-05 319.011
12.1363 2.87047e-05 318.524
12.1513 2.8687e-05 318.039
12.1662 2.86695e-05 317.555
12.1811 2.86519e-05 317.072
12.196 2.86344e-05 316.59
12.2109 2.86169e-05 316.109
12.2258 2.85995e-05 315.63
12.2407 2.85821e-05 315.152
12.2557 2.85647e-05 314.675
12.2706 2.85473e-05 314.199
12.2855 2.853e-05 313.724
12.3004 2.85127e-05 313.251
12.3153 2.84954e-05 312.779
12.3302 2.84782e-05 312.308
12.3451 2.8461e-05 311.839
12.3601 2.84438e-05 311.37
12.375 2.84267e-05 310.903
12.3899 2.84096e-05 310.437
12.4048 2.83925e-05 309.973
12.4197 2.83754e-05 309.509
12.4346 2.83584e-05 309.047
12.4495 2.83414e-05 308.586
12.4645 2.83245e-05 308.126
12.4794 2.83076e-05 307.667
12.4943 2.82907e-05 307.21
12.5092 2.82738e-05 306.753
12.5241 2.8257e-05 306.298
12.539 2.82401e-05 305.844
12.554 2.82234e-05 305.392
12.5689 2.82066e-05 304.94
12.5838 2.81899e-05 304.49
12.5987 2.81732e-05 304.041
12.6136 2.81566e-05 303.593
12.6285 2.81399e-05 303.146
12.6434 2.81233e-05 302.701
12.6584 2.81067e-05 302.256
12.6733 2.80902e-05 301.813
12.6882 2.80737e-05 301.371
12.7031 2.80572e-05 300.93
12.718 2.80408e-05 300.49
12.7329 2.80243e-05 300.051
12.7478 2.80079e-05 299.614
12.7628 2.79916e-05 299.177
12.7777 2.79752e-05 298.742
12.7926 2.79589e-05 298.308
12.8075 2.79426e-05 297.875
12.8224 2.79264e-05 297.443
12.8373 2.79101e-05 297.013
12.8523 2.78939e-05 296.583
12.8672 2.78778e-05 296.155
12.8821 2.78616e-05 295.727
12.897 2.78455e-05 295.301
12.9119 2.78294e-05 294.876
12.9268 2.78134e-05 294.452
12.9417 2.77973e-05 294.029
12.9567 2.77813e-05 293.607
12.9716 2.77654e-05 293.186
12.9865 2.77494e-05 292.767
13.0014 2.77335e-05 292.348
13.0163 2.77176e-05 291.931
13.0312 2.77017e-05 291.514
13.0461 2.76859e-05 291.099
13.0611 2.76701e-05 290.684
13.076 2.76543e-05 290.271
13.0909 2.76385e-05 289.859
13.1058 2.76228e-05 289.448
13.1207 2.76071e-05 289.038
13.1356 2.75914e-05 288.629
13.1506 2.75758e-05 288.221
13.1655 2.75602e-05 287.814
13.1804 2.75446e-05 287.408
13.1953 2.7529e-05 287.003
13.2102 2.75134e-05 286.599
13.2251 2.74979e-05 286.196
13.24 2.74824e-05 285.795
13.255 2.7467e-05 285.394
13.2699 2.74515e-05 284.994
13.2848 2.74361e-05 284.595
13.2997 2.74207e-05 284.198
13.3146 2.74054e-05 283.801
13.3295 2.739e-05 283.405
13.3444 2.73747e-05 283.01
13.3594 2.73594e-05 282.617
13.3743 2.73442e-05 282.224
13.3892 2.73289e-05 281.832
13.4041 2.73137e-05 281.441
13.419 2.72985e-05 281.052
13.4339 2.72834e-05 280.663
13.4488 2.72682e-05 280.275
13.4638 2.72531e-05 279.888
13.4787 2.72381e-05 279.502
13.4936 2.7223e-05 279.117
13.5085 2.7208e-05 278.733
13.5234 2.7193e-05 278.35
13.5383 2.7178e-05 277.968
13.5533 2.7163e-05 277.587
13.5682 2.71481e-05 277.207
13.5831 2.71332e-05 276.827
13.598 2.71183e-05 276.449
13.6129 2.71034e-05 276.072
13.6278 2.70886e-05 275.695
13.6427 2.70738e-05 275.32
13.6577 2.7059e-05 274.945
13.6726 2.70442e-05 274.571
13.6875 2.70295e-05 274.199
13.7024 2.70148e-05 273.827
13.7173 2.70001e-05 273.456
13.7322 2.69854e-05 273.086
13.7471 2.69708e-05 272.717
13.7621 2.69562e-05 272.348
13.777 2.69416e-05 271.981
13.7919 2.6927e-05 271.615
13.8068 2.69124e-05 271.249
13.8217 2.68979e-05 270.885
13.8366 2.68834e-05 270.521
13.8516 2.68689e-05 270.158
13.8665 2.68545e-05 269.796
13.8814 2.68401e-05 269.435
13.8963 2.68257e-05 269.075
13.9112 2.68113e-05 268.715
13.9261 2.67969e-05 268.357
13.941 2.67826e-05 267.999
13.956 2.67683e-05 267.642
13.9709 2.6754e-05 267.286
13.9858 2.67397e-05 266.931
14.0007 2.67254e-05 266.577
14.0156 2.67112e-05 266.224
14.0305 2.6697e-05 265.871
14.0454 2.66828e-05 265.52
14.0604 2.66687e-05 265.169
14.0753 2.66546e-05 264.819
14.0902 2.66404e-05 264.47
14.1051 2.66264e-05 264.121
14.12 2.66123e-05 263.774
14.1349 2.65982e-05 263.427
14.1498 2.65842e-05 263.081
14.1648 2.65702e-05 262.736
14.1797 2.65562e-05 262.392
14.1946 2.65423e-05 262.049
14.2095 2.65284e-05 261.706
14.2244 2.65144e-05 261.364
14.2393 2.65006e-05 261.024
14.2543 2.64867e-05 260.683
14.2692 2.64728e-05 260.344
14.2841 2.6459e-05 260.006
14.299 2.64452e-05 259.668
14.3139 2.64314e-05 259.331
14.3288 2.64177e-05 258.995
14.3437 2.64039e-05 258.659
14.3587 2.63902e-05 258.325
14.3736 2.63765e-05 257.991
14.3885 2.63628e-05 257.658
14.4034 2.63492e-05 257.326
14.4183 2.63356e-05 256.994
14.4332 2.63219e-05 256.663
14.4481 2.63084e-05 256.334
14.4631 2.62948e-05 256.004
14.478 2.62812e-05 255.676
14.4929 2.62677e-05 255.348
14.5078 2.62542e-05 255.022
14.5227 2.62407e-05 254.695
14.5376 2.62273e-05 254.37
14.5526 2.62138e-05 254.045
14.5675 2.62004e-05 253.722
14.5824 2.6187e-05 253.399
14.5973 2.61736e-05 253.076
14.6122 2.61602e-05 252.755
14.6271 2.61469e-05 252.434
14.642 2.61336e-05 252.114
14.657 2.61203e-05 251.794
14.6719 2.6107e-05 251.475
14.6868 2.60937e-05 251.157
14.7017 2.60805e-05 250.84
14.7166 2.60673e-05 250.524
14.7315 2.60541e-05 250.208
14.7464 2.60409e-05 249.893
14.7614 2.60278e-05 249.579
14.7763 2.60147e-05 249.266
14.7912 2.60017e-05 248.953
14.8061 2.59888e-05 248.642
14.821 2.5976e-05 248.333
14.8359 2.59635e-05 248.026
14.8509 2.59513e-05 247.721
14.8658 2.59394e-05 247.42
14.8807 2.59281e-05 247.124
14.8956 2.59175e-05 246.833
14.9105 2.59076e-05 246.548
14.9254 2.58984e-05 246.271
14.9403 2.589e-05 246.001
14.9553 2.58823e-05 245.738
14.9702 2.58751e-05 245.482
14.9851 2.58683e-05 245.231
15 2.58617e-05 244.983
