0.1 0.000377358 12992.6
0.114915 0.000195219 41138.7
0.12983 0.000294404 28340.5
0.144745 0.000257674 28176.5
0.15966 0.000251563 25581.5
0.174575 0.000239349 24029.9
0.189489 0.000229985 22503
0.204404 0.000221324 21247
0.219319 0.000213693 20121.5
0.234234 0.000206746 19132.6
0.249149 0.000200461 18248.7
0.264064 0.000194706 17454.6
0.278979 0.000189424 16736.9
0.293894 0.000184549 16084.3
0.308809 0.000180032 15488.3
0.323724 0.000175831 14941.3
0.338639 0.000171911 14437.4
0.353554 0.000168242 13971.4
0.368468 0.000164799 13539.1
0.383383 0.000161559 13136.8
0.398298 0.000158502 12761.3
0.413213 0.000155613 12409.9
0.428128 0.000152874 12080.2
0.443043 0.000150263 11769.6
0.457958 0.000147737 11474.9
0.472873 0.000145163 11188.4
0.487788 0.000142165 10891.2
0.502703 0.000137767 10537.2
0.517618 0.000129243 9997.62
0.532533 0.000116572 8012.9
0.547447 0.000114556 4290.15
0.562362 0.000143469 1033.71
0.577277 0.000173241 4478.69
0.592192 0.000113258 971.364
0.607107 0.000150888 3972.85
0.622022 0.000106386 868.46
0.636937 0.00014538 3619.52
0.651852 0.000103365 837.901
0.666767 0.000141828 3450.82
0.681682 0.000100861 821.977
0.696597 0.000138756 3324.93
0.711512 9.8597e-05 811.115
0.726426 0.00013591 3217.32
0.741341 9.65187e-05 803.5
0.756256 0.000133231 3122.56
0.771171 9.4594e-05 798.232
0.786086 0.000130618 3036.92
0.801001 9.28183e-05 794.746
0.815916 0.000128103 2959.31
0.830831 9.12337e-05 713.911
0.845746 0.000125789 2741.14
0.860661 8.95615e-05 668.857
0.875576 0.000123983 2599.51
0.89049 8.77989e-05 657.753
0.905405 0.0001221 2526.06
0.92032 8.62584e-05 652.222
0.935235 0.000120095 2464.42
0.95015 8.49075e-05 648.933
0.965065 0.000118136 2409.44
0.97998 8.36792e-05 647.211
0.994895 0.000116238 2359.7
1.00981 8.25368e-05 646.496
1.02472 0.000114395 2313.81
1.03964 8.14747e-05 646.629
1.05455 0.000112601 2271.26
1.06947 8.04841e-05 647.382
1.08438 0.000110858 2231.46
1.0993 7.95599e-05 648.662
1.11421 0.000109161 2194.08
1.12913 7.86958e-05 650.358
1.14404 0.000107509 2158.8
1.15896 7.78872e-05 652.41
1.17387 0.000105901 2125.4
1.18879 7.71291e-05 654.756
1.2037 0.000104335 2093.66
1.21862 7.64172e-05 657.354
1.23353 0.00010281 2063.44
1.24845 7.57477e-05 660.166
1.26336 0.000101324 2034.58
1.27828 7.51169e-05 663.162
1.29319 9.98771e-05 2006.99
1.30811 7.45215e-05 666.315
1.32302 9.84669e-05 1980.54
1.33794 7.39583e-05 669.605
1.35285 9.70931e-05 1955.15
1.36777 7.34248e-05 673.01
1.38268 9.57544e-05 1930.75
1.3976 7.2918e-05 676.516
1.41251 9.44502e-05 1907.26
1.42743 7.24359e-05 680.106
1.44234 9.31794e-05 1884.61
1.45726 7.1976e-05 683.769
1.47217 9.19414e-05 1862.77
1.48709 7.15366e-05 687.492
1.502 9.07351e-05 1841.66
1.51692 7.11156e-05 691.266
1.53183 8.956e-05 1821.24
1.54675 7.07114e-05 695.079
1.56166 8.84149e-05 1801.47
1.57658 7.03219e-05 698.928
1.59149 8.72993e-05 1782.3
1.60641 6.99457e-05 702.799
1.62132 8.62122e-05 1763.68
1.63624 6.95802e-05 706.691
1.65115 8.5153e-05 1745.55
1.66607 6.92232e-05 710.593
1.68098 8.41204e-05 1727.83
1.6959 6.88701e-05 714.505
1.71081 8.31137e-05 1710.39
1.72573 6.85154e-05 718.416
1.74064 8.21313e-05 1693.05
1.75556 6.81484e-05 722.329
1.77047 8.11725e-05 1675.5
1.78539 6.77536e-05 726.239
1.8003 8.02367e-05 1657.2
1.81522 6.73058e-05 730.169
1.83013 7.93284e-05 1637.34
1.84505 6.67744e-05 734.18
1.85996 7.84632e-05 1614.6
1.87487 6.61331e-05 738.496
1.88979 7.76851e-05 1587.18
1.9047 6.54017e-05 743.696
1.91962 7.70716e-05 1552.6
1.93453 6.47147e-05 751.28
1.94945 7.66819e-05 1507.69
1.96436 6.43988e-05 764.6
1.97928 7.63572e-05 1448.27
1.99419 6.4913e-05 789.763
2.00911 7.55631e-05 1370.7
2.02402 6.63911e-05 832.624
2.03894 7.38738e-05 1275.93
2.05385 6.81136e-05 891.812
2.06877 7.17336e-05 1170.98
2.08368 6.91493e-05 960.057
2.0986 6.99236e-05 1064.85
2.11351 6.89109e-05 1028.86
2.12843 6.89317e-05 964.821
2.14334 6.87492e-05 875.634
2.15826 6.84408e-05 781.725
2.17317 6.8111e-05 693.247
2.18809 6.77974e-05 614.399
2.203 6.75071e-05 546.312
2.21792 6.72373e-05 488.685
2.23283 6.69835e-05 440.605
2.24775 6.67415e-05 400.94
2.26266 6.65082e-05 368.521
2.27758 6.62814e-05 342.227
2.29249 6.60596e-05 321.03
2.30741 6.58417e-05 304.01
2.32232 6.56272e-05 290.367
2.33724 6.54156e-05 279.423
2.35215 6.52065e-05 270.609
2.36707 6.49998e-05 263.461
2.38198 6.47953e-05 257.606
2.3969 6.45929e-05 252.748
2.41181 6.43925e-05 248.653
2.42673 6.4194e-05 245.141
2.44164 6.39975e-05 242.075
2.45656 6.38028e-05 239.347
2.47147 6.36098e-05 236.879
2.48639 6.34187e-05 234.61
2.5013 6.32293e-05 232.494
2.51622 6.30416e-05 230.498
2.53113 6.28555e-05 228.596
2.54605 6.26711e-05 226.769
2.56096 6.24883e-05 225.004
2.57588 6.23071e-05 223.288
2.59079 6.21275e-05 221.615
2.60571 6.19495e-05 219.979
2.62062 6.17729e-05 218.375
2.63554 6.15979e-05 216.799
2.65045 6.14243e-05 215.25
2.66537 6.12522e-05 213.724
2.68028 6.10815e-05 212.221
2.6952 6.09123e-05 210.74
2.71011 6.07489e-05 209.286
2.72503 6.05713e-05 212.176
2.73994 6.042e-05 208.562
2.75485 6.02407e-05 211.82
2.76977 6.00979e-05 206.984
2.78468 5.99123e-05 212.784
2.7996 5.97799e-05 206.07
2.81451 5.95914e-05 212.764
2.82943 5.94679e-05 204.703
2.84434 5.92738e-05 213.466
2.85926 5.91602e-05 203.702
2.87417 5.89623e-05 213.627
2.88909 5.88579e-05 202.464
2.904 5.86546e-05 214.183
2.91892 5.85599e-05 201.432
2.93383 5.83523e-05 214.44
2.94875 5.82668e-05 200.279
2.96366 5.80539e-05 214.912
2.97858 5.7978e-05 199.244
2.99349 5.77603e-05 215.22
3.00841 5.76937e-05 198.152
3.02332 5.74707e-05 215.643
3.03824 5.74135e-05 197.131
3.05315 5.71855e-05 215.975
3.06807 5.71377e-05 196.085
3.08298 5.69042e-05 216.37
3.0979 5.68658e-05 195.084
3.11281 5.6627e-05 216.712
3.12773 5.65979e-05 194.076
3.14264 5.63536e-05 217.088
3.15756 5.63339e-05 193.099
3.17247 5.60841e-05 217.434
3.18739 5.60737e-05 192.124
3.2023 5.58182e-05 217.796
3.21722 5.58172e-05 191.172
3.23213 5.5556e-05 218.142
3.24705 5.55643e-05 190.227
3.26196 5.52973e-05 218.495
3.27688 5.53149e-05 189.3
3.29179 5.50421e-05 218.837
3.30671 5.5069e-05 188.383
3.32162 5.47902e-05 219.182
3.33654 5.48264e-05 187.481
3.35145 5.45416e-05 219.521
3.36637 5.45872e-05 186.589
3.38128 5.42963e-05 219.859
3.3962 5.43512e-05 185.711
3.41111 5.40541e-05 220.193
3.42603 5.41183e-05 184.843
3.44094 5.3815e-05 220.526
3.45586 5.38885e-05 183.988
3.47077 5.35789e-05 220.855
3.48569 5.36618e-05 183.144
3.5006 5.33458e-05 221.182
3.51552 5.3438e-05 182.311
3.53043 5.31156e-05 221.506
3.54535 5.32171e-05 181.489
3.56026 5.28882e-05 221.828
3.57518 5.2999e-05 180.678
3.59009 5.26636e-05 222.147
3.60501 5.27837e-05 179.877
3.61992 5.24417e-05 222.465
3.63483 5.25712e-05 179.086
3.64975 5.22225e-05 222.779
3.66466 5.23613e-05 178.305
3.67958 5.20059e-05 223.091
3.69449 5.2154e-05 177.534
3.70941 5.17918e-05 223.401
3.72432 5.19492e-05 176.772
3.73924 5.15803e-05 223.709
3.75415 5.1747e-05 176.02
3.76907 5.13711e-05 224.014
3.78398 5.15473e-05 175.276
3.7989 5.11644e-05 224.317
3.81381 5.13499e-05 174.542
3.82873 5.09601e-05 224.618
3.84364 5.11549e-05 173.817
3.85856 5.07581e-05 224.917
3.87347 5.09622e-05 173.1
3.88839 5.05583e-05 225.213
3.9033 5.07718e-05 172.392
3.91822 5.03608e-05 225.508
3.93313 5.05837e-05 171.692
3.94805 5.01654e-05 225.8
3.96296 5.03977e-05 171.001
3.97788 4.99722e-05 226.09
3.99279 5.02139e-05 170.317
4.00771 4.97811e-05 226.379
4.02262 5.00452e-05 169.663
4.03754 4.95707e-05 235.374
4.05245 4.98463e-05 172.168
4.06737 4.94252e-05 220.714
4.08228 4.96758e-05 165.993
4.0972 4.92111e-05 229.437
4.11211 4.95051e-05 168.478
4.12703 4.90298e-05 230.947
4.14194 4.93295e-05 168.272
4.15686 4.88532e-05 229.696
4.17177 4.91532e-05 167.065
4.18669 4.86795e-05 227.442
4.2016 4.89777e-05 165.505
4.21652 4.85081e-05 224.849
4.23143 4.88037e-05 163.833
4.24635 4.83386e-05 222.164
4.26126 4.86314e-05 162.139
4.27618 4.81709e-05 219.479
4.29109 4.84609e-05 160.455
4.30601 4.8005e-05 216.826
4.32092 4.82921e-05 158.794
4.33584 4.78408e-05 214.216
4.35075 4.81251e-05 157.159
4.36567 4.76783e-05 211.653
4.38058 4.79598e-05 155.55
4.3955 4.75229e-05 209.149
4.41041 4.77906e-05 157.388
4.42533 4.73546e-05 210.088
4.44024 4.76377e-05 153.672
4.45516 4.7214e-05 205.533
4.47007 4.74602e-05 160.163
4.48498 4.70346e-05 211.072
4.4999 4.73249e-05 152.755
4.51481 4.6908e-05 202.932
4.52973 4.71395e-05 161.875
4.54464 4.67222e-05 211.001
4.55956 4.70171e-05 151.481
4.57447 4.66097e-05 200.03
4.58939 4.68232e-05 164.029
4.6043 4.64154e-05 211.361
4.61922 4.67159e-05 150.387
4.63413 4.63168e-05 197.356
4.64905 4.65133e-05 165.995
4.66396 4.61147e-05 211.538
4.67888 4.64203e-05 149.252
4.69379 4.603e-05 194.692
4.70871 4.62087e-05 168.038
4.72362 4.58197e-05 211.787
4.73854 4.61305e-05 148.165
4.75345 4.57487e-05 192.122
4.76837 4.59064e-05 170.04
4.78328 4.55403e-05 203.075
4.7982 4.58392e-05 156.045
4.81311 4.54658e-05 198.177
4.82803 4.56036e-05 161.046
4.84294 4.53139e-05 202.107
4.85786 4.5518e-05 155.885
4.87277 4.51515e-05 196.426
4.88769 4.53812e-05 162.046
4.9026 4.50198e-05 201.457
4.91752 4.52376e-05 155.438
4.93243 4.48801e-05 194.522
4.94735 4.51042e-05 163.173
4.96226 4.47518e-05 200.986
4.97718 4.49621e-05 154.803
4.99209 4.46136e-05 192.478
5.00701 4.48322e-05 164.526
5.02192 4.44889e-05 200.735
5.03684 4.46913e-05 153.934
5.05175 4.43519e-05 190.253
5.06667 4.4565e-05 166.169
5.08158 4.42309e-05 200.755
5.0965 4.44249e-05 152.775
5.11141 4.40947e-05 187.798
5.12633 4.43025e-05 168.186
5.14124 4.39777e-05 201.113
5.15616 4.4163e-05 151.257
5.17107 4.38419e-05 185.054
5.18599 4.40401e-05 170.677
5.2009 4.3744e-05 191.786
5.21582 4.38941e-05 161.18
5.23073 4.35824e-05 192.669
5.24565 4.3804e-05 159.57
5.26056 4.34973e-05 190.631
5.27548 4.36373e-05 161.474
5.29039 4.33352e-05 191.566
5.30531 4.35584e-05 159.813
5.32022 4.3261e-05 189.524
5.33514 4.33837e-05 161.727
5.35005 4.30911e-05 190.446
5.36496 4.33181e-05 160.101
5.37988 4.30298e-05 188.48
5.39479 4.31139e-05 161.882
5.40971 4.29108e-05 189.392
5.42462 4.30386e-05 160.245
5.43954 4.27595e-05 187.236
5.45445 4.29347e-05 162.48
5.46937 4.26601e-05 188.581
5.48428 4.27983e-05 160.166
5.4992 4.25288e-05 185.897
5.51411 4.26998e-05 163.115
5.52903 4.24362e-05 187.868
5.54394 4.25605e-05 159.976
5.55886 4.23006e-05 184.483
5.57377 4.24697e-05 163.879
5.58869 4.22189e-05 187.287
5.6036 4.23201e-05 159.621
5.61852 4.20848e-05 182.97
5.63343 4.22389e-05 164.799
5.64835 4.19966e-05 186.831
5.66326 4.20927e-05 159.138
5.67818 4.18785e-05 181.385
5.69309 4.20036e-05 165.834
5.70801 4.17703e-05 186.466
5.72292 4.18817e-05 158.579
5.73784 4.1671e-05 179.751
5.75275 4.17708e-05 166.973
5.76767 4.15502e-05 186.201
5.78258 4.16722e-05 157.902
5.7975 4.14648e-05 178.039
5.81241 4.15423e-05 168.265
5.82733 4.13403e-05 186.084
5.84224 4.14607e-05 157.041
5.85716 4.12524e-05 176.177
5.87207 4.13271e-05 169.837
5.88699 4.11437e-05 186.225
5.9019 4.12376e-05 155.845
5.91682 4.10422e-05 174.06
5.93173 4.11233e-05 171.858
5.94665 4.09454e-05 174.622
5.96156 4.10173e-05 170.489
5.97648 4.08441e-05 176.176
5.99139 4.09136e-05 167.714
6.00631 4.07464e-05 182.206
6.02122 4.08076e-05 158.973
6.03614 4.06505e-05 174.511
6.05105 4.07032e-05 169.047
6.06597 4.05499e-05 182.17
6.08088 4.06036e-05 158.036
6.0958 4.04562e-05 172.685
6.11071 4.04978e-05 170.666
6.12563 4.03585e-05 173.24
6.14054 4.03987e-05 169.33
6.15546 4.02666e-05 180.762
6.17037 4.02924e-05 158.395
6.18529 4.01788e-05 171.444
6.2002 4.01856e-05 170.917
6.21512 4.00922e-05 171.353
6.23003 4.00777e-05 170.516
6.24494 4.00035e-05 171.458
6.25986 3.99833e-05 169.854
6.27477 3.99097e-05 179.08
6.28969 3.98744e-05 158.646
6.3046 3.98341e-05 169.686
6.31952 3.97722e-05 178.163
6.33443 3.97328e-05 159.161
6.34935 3.96917e-05 169.344
6.36426 3.96327e-05 177.112
6.37918 3.95942e-05 159.874
6.39409 3.95512e-05 169.164
6.40901 3.94967e-05 176.203
6.42392 3.94547e-05 160.405
6.43884 3.94129e-05 168.846
6.45375 3.93595e-05 175.19
6.46867 3.93182e-05 161.094
6.48358 3.92765e-05 168.657
6.4985 3.92245e-05 174.29
6.51341 3.91828e-05 161.643
6.52833 3.91411e-05 168.36
6.54324 3.90903e-05 173.316
6.55816 3.9049e-05 162.309
6.57307 3.90074e-05 168.16
6.58799 3.89579e-05 172.426
6.6029 3.89164e-05 162.871
6.61782 3.88748e-05 167.881
6.63273 3.88264e-05 171.485
6.64765 3.87853e-05 163.519
6.66256 3.87438e-05 167.674
6.67748 3.86967e-05 170.609
6.69239 3.86554e-05 164.089
6.70731 3.86162e-05 167.414
6.72222 3.8567e-05 169.7
6.73714 3.8521e-05 171.189
6.75205 3.84856e-05 162.358
6.76697 3.84473e-05 165.177
6.78188 3.84012e-05 167.083
6.7968 3.83558e-05 168.287
6.81171 3.83141e-05 168.965
6.82663 3.82725e-05 169.244
6.84154 3.8231e-05 169.224
6.85646 3.81895e-05 168.979
6.87137 3.81482e-05 168.568
6.88629 3.8107e-05 168.033
6.9012 3.80658e-05 167.408
6.91612 3.80248e-05 166.717
6.93103 3.79839e-05 165.979
6.94595 3.79431e-05 165.206
6.96086 3.79025e-05 164.41
6.97578 3.7862e-05 163.598
6.99069 3.78216e-05 162.776
7.00561 3.77813e-05 161.948
7.02052 3.77412e-05 161.118
7.03544 3.77011e-05 160.287
7.05035 3.76612e-05 159.458
7.06527 3.76215e-05 158.631
7.08018 3.75818e-05 157.808
7.0951 3.75423e-05 156.989
7.11001 3.75029e-05 156.175
7.12492 3.74636e-05 155.366
7.13984 3.74245e-05 154.563
7.15475 3.73855e-05 153.766
7.16967 3.73465e-05 152.974
7.18458 3.73078e-05 152.188
7.1995 3.72691e-05 151.409
7.21441 3.72306e-05 150.635
7.22933 3.71921e-05 149.868
7.24424 3.71538e-05 149.106
7.25916 3.71156e-05 148.351
7.27407 3.70776e-05 147.601
7.28899 3.70396e-05 146.858
7.3039 3.70018e-05 146.121
7.31882 3.69641e-05 145.39
7.33373 3.69264e-05 144.665
7.34865 3.6889e-05 143.946
7.36356 3.68516e-05 143.233
7.37848 3.68143e-05 142.527
7.39339 3.67772e-05 141.826
7.40831 3.67401e-05 141.131
7.42322 3.67032e-05 140.443
7.43814 3.66664e-05 139.761
7.45305 3.66297e-05 139.085
7.46797 3.65931e-05 138.415
7.48288 3.65566e-05 137.751
7.4978 3.65202e-05 137.093
7.51271 3.64839e-05 136.442
7.52763 3.64478e-05 135.797
7.54254 3.64117e-05 135.158
7.55746 3.63758e-05 134.526
7.57237 3.63399e-05 133.9
7.58729 3.63042e-05 133.281
7.6022 3.62686e-05 132.668
7.61712 3.62331e-05 132.062
7.63203 3.61976e-05 131.463
7.64695 3.61623e-05 130.87
7.66186 3.61271e-05 130.284
7.67678 3.6092e-05 129.706
7.69169 3.6057e-05 129.134
7.70661 3.60221e-05 128.57
7.72152 3.59873e-05 128.013
7.73644 3.59526e-05 127.464
7.75135 3.5918e-05 126.922
7.76627 3.58835e-05 126.388
7.78118 3.5849e-05 125.862
7.7961 3.58147e-05 125.345
7.81101 3.57805e-05 124.836
7.82593 3.57464e-05 124.335
7.84084 3.57124e-05 123.843
7.85576 3.56785e-05 123.36
7.87067 3.56447e-05 122.887
7.88559 3.5611e-05 122.423
7.9005 3.55773e-05 121.97
7.91542 3.55438e-05 121.526
7.93033 3.55104e-05 121.093
7.94525 3.5477e-05 120.671
7.96016 3.54438e-05 120.26
7.97508 3.54106e-05 119.861
7.98999 3.53776e-05 119.474
8.0049 3.53446e-05 119.099
8.01982 3.53117e-05 118.738
8.03473 3.52789e-05 118.39
8.04965 3.52462e-05 118.056
8.06456 3.52136e-05 117.737
8.07948 3.51811e-05 117.433
8.09439 3.51487e-05 117.145
8.10931 3.51164e-05 116.874
8.12422 3.50841e-05 116.62
8.13914 3.5052e-05 116.383
8.15405 3.50199e-05 116.166
8.16897 3.49879e-05 115.969
8.18388 3.4956e-05 115.792
8.1988 3.49242e-05 115.636
8.21371 3.48925e-05 115.504
8.22863 3.48609e-05 115.394
8.24354 3.48294e-05 115.31
8.25846 3.47979e-05 115.252
8.27337 3.47666e-05 115.221
8.28829 3.47353e-05 115.218
8.3032 3.47041e-05 115.246
8.31812 3.4673e-05 115.304
8.33303 3.4642e-05 115.397
8.34795 3.4611e-05 115.523
8.36286 3.45802e-05 115.687
8.37778 3.45494e-05 115.888
8.39269 3.45187e-05 116.131
8.40761 3.44881e-05 116.415
8.42252 3.44576e-05 116.745
8.43744 3.44272e-05 117.121
8.45235 3.43968e-05 117.547
8.46727 3.43665e-05 118.025
8.48218 3.43364e-05 118.557
8.4971 3.43063e-05 119.148
8.51201 3.42762e-05 119.799
8.52693 3.42463e-05 120.515
8.54184 3.42165e-05 121.298
8.55676 3.41867e-05 122.152
8.57167 3.4157e-05 123.081
8.58659 3.41274e-05 124.089
8.6015 3.40979e-05 125.18
8.61642 3.40685e-05 126.36
8.63133 3.40391e-05 127.631
8.64625 3.40099e-05 129
8.66116 3.39807e-05 130.472
8.67608 3.39516e-05 132.053
8.69099 3.39227e-05 133.748
8.70591 3.38938e-05 135.563
8.72082 3.3865e-05 137.505
8.73574 3.38362e-05 139.581
8.75065 3.38076e-05 141.799
8.76557 3.37791e-05 144.166
8.78048 3.37507e-05 146.69
8.7954 3.37224e-05 149.379
8.81031 3.36941e-05 152.244
8.82523 3.3666e-05 155.292
8.84014 3.3638e-05 158.535
8.85506 3.36101e-05 161.983
8.86997 3.35823e-05 165.647
8.88488 3.35517e-05 169.531
8.8998 3.34203e-05 173.39
8.91471 3.36274e-05 163.344
8.92963 3.33986e-05 171.087
8.94454 3.35219e-05 168.94
8.95946 3.32079e-05 177.721
8.97437 3.36285e-05 162.427
8.98929 3.31952e-05 175.392
9.0042 3.35126e-05 168.192
9.01912 3.29556e-05 182.508
9.03403 3.36751e-05 161.679
9.04895 3.29537e-05 180.398
9.06386 3.35473e-05 167.245
9.07878 3.26509e-05 187.661
9.09369 3.37804e-05 161.244
9.10861 3.266e-05 186.189
9.12352 3.36407e-05 166.052
9.13844 3.22799e-05 193.049
9.15335 3.39588e-05 161.288
9.16827 3.22962e-05 192.857
9.18318 3.38109e-05 164.566
9.1981 3.183e-05 198.513
9.21301 3.42227e-05 161.983
9.22793 3.18409e-05 200.486
9.24284 3.40776e-05 162.773
9.25776 3.13087e-05 203.96
9.27267 3.45644e-05 163.357
9.28759 3.1252e-05 208.94
9.3025 3.45079e-05 161.032
9.31742 3.07766e-05 209.817
9.33233 3.49035e-05 164.643
9.34725 3.05699e-05 217.532
9.36216 3.50358e-05 169.176
9.37708 3.0219e-05 225.872
9.39199 3.47765e-05 175.76
9.40691 3.06367e-05 212.955
9.42182 3.47666e-05 174.654
9.43674 3.03917e-05 219.152
9.45165 3.45279e-05 180.714
9.46657 3.06594e-05 214.062
9.48148 3.44052e-05 182.48
9.4964 3.06211e-05 215.782
9.51131 3.41622e-05 186.838
9.52623 3.08266e-05 213.868
9.54114 3.39582e-05 189.77
9.55606 3.09147e-05 214.089
9.57097 3.3695e-05 193.498
9.58589 3.11068e-05 213.384
9.6008 3.34367e-05 196.831
9.61572 3.12664e-05 213.266
9.63063 3.31527e-05 200.351
9.64555 3.14623e-05 212.996
9.66046 3.28643e-05 203.765
9.67538 3.16538e-05 212.89
9.69029 3.25637e-05 207.183
9.70521 3.18355e-05 212.74
9.72012 3.22404e-05 210.452
9.73504 3.22372e-05 211.475
9.74995 3.21728e-05 213.937
9.76486 3.21171e-05 217.152
9.77978 3.20742e-05 220.793
9.79469 3.20393e-05 224.678
9.80961 3.20089e-05 228.703
9.82452 3.19809e-05 232.806
9.83944 3.19541e-05 236.949
9.85435 3.19279e-05 241.107
9.86927 3.19018e-05 245.264
9.88418 3.18756e-05 249.409
9.8991 3.18492e-05 253.53
9.91401 3.18226e-05 257.622
9.92893 3.17958e-05 261.676
9.94384 3.17686e-05 265.687
9.95876 3.17411e-05 269.648
9.97367 3.17134e-05 273.555
9.98859 3.16855e-05 277.401
10.0035 3.16573e-05 281.181
10.0184 3.16289e-05 284.891
10.0333 3.16005e-05 288.527
10.0482 3.15719e-05 292.084
10.0632 3.15432e-05 295.559
10.0781 3.15146e-05 298.947
10.093 3.1486e-05 302.246
10.1079 3.14574e-05 305.453
10.1228 3.1429e-05 308.566
10.1377 3.14007e-05 311.583
10.1527 3.13726e-05 314.501
10.1676 3.13448e-05 317.32
10.1825 3.13172e-05 320.039
10.1974 3.12898e-05 322.656
10.2123 3.12628e-05 325.172
10.2272 3.12361e-05 327.586
10.2421 3.12098e-05 329.899
10.2571 3.11838e-05 332.111
10.272 3.11582e-05 334.223
10.2869 3.11329e-05 336.236
10.3018 3.1108e-05 338.151
10.3167 3.10834e-05 339.969
10.3316 3.10592e-05 341.692
10.3465 3.10354e-05 343.322
10.3615 3.10119e-05 344.861
10.3764 3.09887e-05 346.31
10.3913 3.09658e-05 347.673
10.4062 3.09432e-05 348.95
10.4211 3.09209e-05 350.144
10.436 3.08988e-05 351.258
10.451 3.0877e-05 352.295
10.4659 3.08554e-05 353.255
10.4808 3.08341e-05 354.143
10.4957 3.08129e-05 354.96
10.5106 3.07919e-05 355.709
10.5255 3.07711e-05 356.393
10.5404 3.07504e-05 357.013
10.5554 3.07298e-05 357.573
10.5703 3.07094e-05 358.074
10.5852 3.0689e-05 358.52
10.6001 3.06688e-05 358.912
10.615 3.06486e-05 359.253
10.6299 3.06285e-05 359.545
10.6448 3.06085e-05 359.791
10.6598 3.05885e-05 359.991
10.6747 3.05686e-05 360.149
10.6896 3.05487e-05 360.267
10.7045 3.05288e-05 360.346
10.7194 3.0509e-05 360.388
10.7343 3.04891e-05 360.396
10.7492 3.04693e-05 360.37
10.7642 3.04496e-05 360.313
10.7791 3.04298e-05 360.226
10.794 3.041e-05 360.111
10.8089 3.03903e-05 359.97
10.8238 3.03705e-05 359.803
10.8387 3.03508e-05 359.612
10.8537 3.0331e-05 359.399
10.8686 3.03113e-05 359.165
10.8835 3.02915e-05 358.91
10.8984 3.02718e-05 358.637
10.9133 3.02521e-05 358.345
10.9282 3.02323e-05 358.038
10.9431 3.02126e-05 357.714
10.9581 3.01929e-05 357.375
10.973 3.01732e-05 357.023
10.9879 3.01534e-05 356.657
11.0028 3.01337e-05 356.279
11.0177 3.0114e-05 355.89
11.0326 3.00943e-05 355.49
11.0475 3.00747e-05 355.08
11.0625 3.0055e-05 354.661
11.0774 3.00353e-05 354.233
11.0923 3.00157e-05 353.796
11.1072 2.9996e-05 353.352
11.1221 2.99764e-05 352.901
11.137 2.99568e-05 352.443
11.152 2.99372e-05 351.979
11.1669 2.99176e-05 351.51
11.1818 2.98981e-05 351.035
11.1967 2.98785e-05 350.556
11.2116 2.9859e-05 350.071
11.2265 2.98395e-05 349.583
11.2414 2.982e-05 349.091
11.2564 2.98006e-05 348.595
11.2713 2.97812e-05 348.097
11.2862 2.97617e-05 347.595
11.3011 2.97424e-05 347.09
11.316 2.9723e-05 346.584
11.3309 2.97037e-05 346.075
11.3458 2.96843e-05 345.564
11.3608 2.96651e-05 345.051
11.3757 2.96458e-05 344.537
11.3906 2.96266e-05 344.021
11.4055 2.96074e-05 343.504
11.4204 2.95882e-05 342.986
11.4353 2.9569e-05 342.467
11.4503 2.95499e-05 341.948
11.4652 2.95308e-05 341.428
11.4801 2.95118e-05 340.907
11.495 2.94928e-05 340.386
11.5099 2.94738e-05 339.865
11.5248 2.94548e-05 339.343
11.5397 2.94358e-05 338.822
11.5547 2.94169e-05 338.3
11.5696 2.93981e-05 337.779
11.5845 2.93792e-05 337.258
11.5994 2.93604e-05 336.737
11.6143 2.93416e-05 336.216
11.6292 2.93229e-05 335.696
11.6441 2.93042e-05 335.176
11.6591 2.92855e-05 334.657
11.674 2.92668e-05 334.138
11.6889 2.92482e-05 333.62
11.7038 2.92296e-05 333.103
11.7187 2.92111e-05 332.587
11.7336 2.91925e-05 332.071
11.7485 2.9174e-05 331.556
11.7635 2.91556e-05 331.041
11.7784 2.91372e-05 330.528
11.7933 2.91188e-05 330.016
11.8082 2.91004e-05 329.504
11.8231 2.90821e-05 328.994
11.838 2.90638e-05 328.484
11.853 2.90455e-05 327.976
11.8679 2.90273e-05 327.468
11.8828 2.90091e-05 326.962
11.8977 2.89909e-05 326.456
11.9126 2.89728e-05 325.952
11.9275 2.89547e-05 325.449
11.9424 2.89366e-05 324.947
11.9574 2.89186e-05 324.446
11.9723 2.89006e-05 323.946
11.9872 2.88826e-05 323.447
12.0021 2.88647e-05 322.95
12.017 2.88468e-05 322.453
12.0319 2.88289e-05 321.958
12.0468 2.88111e-05 321.464
12.0618 2.87933e-05 320.971
12.0767 2.87755e-05 320.48
12.0916 2.87578e-05 319.989
12.1065 2.87401e-05 319.5
12.1214 2.87224e-05 319.012
12.1363 2.87047e-05 318.525
12.1513 2.86871e-05 318.04
12.1662 2.86695e-05 317.556
12.1811 2.8652e-05 317.072
12.196 2.86345e-05 316.591
12.2109 2.8617e-05 316.11
12.2258 2.85995e-05 315.63
12.2407 2.85821e-05 315.152
12.2557 2.85647e-05 314.675
12.2706 2.85474e-05 314.199
12.2855 2.853e-05 313.725
12.3004 2.85127e-05 313.252
12.3153 2.84955e-05 312.78
12.3302 2.84782e-05 312.309
12.3451 2.8461e-05 311.839
12.3601 2.84439e-05 311.371
12.375 2.84267e-05 310.904
12.3899 2.84096e-05 310.438
12.4048 2.83925e-05 309.973
12.4197 2.83755e-05 309.509
12.4346 2.83585e-05 309.047
12.4495 2.83415e-05 308.586
12.4645 2.83245e-05 308.126
12.4794 2.83076e-05 307.667
12.4943 2.82907e-05 307.21
12.5092 2.82738e-05 306.754
12.5241 2.8257e-05 306.299
12.539 2.82402e-05 305.845
12.554 2.82234e-05 305.392
12.5689 2.82066e-05 304.941
12.5838 2.81899e-05 304.49
12.5987 2.81732e-05 304.041
12.6136 2.81566e-05 303.593
12.6285 2.81399e-05 303.146
12.6434 2.81233e-05 302.701
12.6584 2.81068e-05 302.256
12.6733 2.80902e-05 301.813
12.6882 2.80737e-05 301.371
12.7031 2.80572e-05 300.93
12.718 2.80408e-05 300.49
12.7329 2.80243e-05 300.051
12.7478 2.80079e-05 299.614
12.7628 2.79916e-05 299.178
12.7777 2.79752e-05 298.742
12.7926 2.79589e-05 298.308
12.8075 2.79426e-05 297.875
12.8224 2.79264e-05 297.443
12.8373 2.79102e-05 297.013
12.8523 2.7894e-05 296.583
12.8672 2.78778e-05 296.155
12.8821 2.78616e-05 295.727
12.897 2.78455e-05 295.301
12.9119 2.78294e-05 294.876
12.9268 2.78134e-05 294.452
12.9417 2.77973e-05 294.029
12.9567 2.77813e-05 293.607
12.9716 2.77654e-05 293.186
12.9865 2.77494e-05 292.767
13.0014 2.77335e-05 292.348
13.0163 2.77176e-05 291.931
13.0312 2.77017e-05 291.514
13.0461 2.76859e-05 291.099
13.0611 2.76701e-05 290.684
13.076 2.76543e-05 290.271
13.0909 2.76385e-05 289.859
13.1058 2.76228e-05 289.448
13.1207 2.76071e-05 289.038
13.1356 2.75914e-05 288.629
13.1506 2.75758e-05 288.221
13.1655 2.75602e-05 287.814
13.1804 2.75446e-05 287.408
13.1953 2.7529e-05 287.003
13.2102 2.75134e-05 286.599
13.2251 2.74979e-05 286.197
13.24 2.74824e-05 285.795
13.255 2.7467e-05 285.394
13.2699 2.74515e-05 284.994
13.2848 2.74361e-05 284.595
13.2997 2.74207e-05 284.198
13.3146 2.74054e-05 283.801
13.3295 2.739e-05 283.405
13.3444 2.73747e-05 283.011
13.3594 2.73594e-05 282.617
13.3743 2.73442e-05 282.224
13.3892 2.73289e-05 281.832
13.4041 2.73137e-05 281.441
13.419 2.72985e-05 281.052
13.4339 2.72834e-05 280.663
13.4488 2.72683e-05 280.275
13.4638 2.72531e-05 279.888
13.4787 2.72381e-05 279.502
13.4936 2.7223e-05 279.117
13.5085 2.7208e-05 278.733
13.5234 2.7193e-05 278.35
13.5383 2.7178e-05 277.968
13.5533 2.7163e-05 277.587
13.5682 2.71481e-05 277.207
13.5831 2.71332e-05 276.827
13.598 2.71183e-05 276.449
13.6129 2.71034e-05 276.072
13.6278 2.70886e-05 275.695
13.6427 2.70738e-05 275.32
13.6577 2.7059e-05 274.945
13.6726 2.70442e-05 274.571
13.6875 2.70295e-05 274.199
13.7024 2.70148e-05 273.827
13.7173 2.70001e-05 273.456
13.7322 2.69854e-05 273.086
13.7471 2.69708e-05 272.717
13.7621 2.69562e-05 272.349
13.777 2.69416e-05 271.981
13.7919 2.6927e-05 271.615
13.8068 2.69125e-05 271.249
13.8217 2.68979e-05 270.885
13.8366 2.68834e-05 270.521
13.8516 2.68689e-05 270.158
13.8665 2.68545e-05 269.796
13.8814 2.68401e-05 269.435
13.8963 2.68257e-05 269.075
13.9112 2.68113e-05 268.715
13.9261 2.67969e-05 268.357
13.941 2.67826e-05 267.999
13.956 2.67683e-05 267.642
13.9709 2.6754e-05 267.286
13.9858 2.67397e-05 266.931
14.0007 2.67254e-05 266.577
14.0156 2.67112e-05 266.224
14.0305 2.6697e-05 265.871
14.0454 2.66828e-05 265.52
14.0604 2.66687e-05 265.169
14.0753 2.66546e-05 264.819
14.0902 2.66404e-05 264.47
14.1051 2.66264e-05 264.121
14.12 2.66123e-05 263.774
14.1349 2.65982e-05 263.427
14.1498 2.65842e-05 263.081
14.1648 2.65702e-05 262.736
14.1797 2.65562e-05 262.392
14.1946 2.65423e-05 262.049
14.2095 2.65284e-05 261.706
14.2244 2.65144e-05 261.365
14.2393 2.65006e-05 261.024
14.2543 2.64867e-05 260.683
14.2692 2.64728e-05 260.344
14.2841 2.6459e-05 260.006
14.299 2.64452e-05 259.668
14.3139 2.64314e-05 259.331
14.3288 2.64177e-05 258.995
14.3437 2.64039e-05 258.659
14.3587 2.63902e-05 258.325
14.3736 2.63765e-05 257.991
14.3885 2.63628e-05 257.658
14.4034 2.63492e-05 257.326
14.4183 2.63356e-05 256.994
14.4332 2.6322e-05 256.664
14.4481 2.63084e-05 256.334
14.4631 2.62948e-05 256.004
14.478 2.62812e-05 255.676
14.4929 2.62677e-05 255.348
14.5078 2.62542e-05 255.022
14.5227 2.62407e-05 254.695
14.5376 2.62273e-05 254.37
14.5526 2.62138e-05 254.046
14.5675 2.62004e-05 253.722
14.5824 2.6187e-05 253.399
14.5973 2.61736e-05 253.076
14.6122 2.61603e-05 252.755
14.6271 2.61469e-05 252.434
14.642 2.61336e-05 252.114
14.657 2.61203e-05 251.794
14.6719 2.6107e-05 251.475
14.6868 2.60937e-05 251.158
14.7017 2.60805e-05 250.84
14.7166 2.60673e-05 250.524
14.7315 2.60541e-05 250.208
14.7464 2.60409e-05 249.893
14.7614 2.60278e-05 249.579
14.7763 2.60146e-05 249.265
14.7912 2.60015e-05 248.952
14.8061 2.59884e-05 248.64
14.821 2.59754e-05 248.329
14.8359 2.59625e-05 248.019
14.8509 2.59497e-05 247.711
14.8658 2.59372e-05 247.405
14.8807 2.59251e-05 247.102
14.8956 2.59137e-05 246.804
14.9105 2.59031e-05 246.512
14.9254 2.58935e-05 246.23
14.9403 2.58852e-05 245.957
14.9553 2.5878e-05 245.696
14.9702 2.58719e-05 245.445
14.9851 2.58666e-05 245.204
15 2.58615e-05 244.969
