0.1 0.000381661 13069.5
0.114915 0.000183193 39086.3
0.12983 0.000276861 27759.4
0.144745 0.000254046 28174.8
0.15966 0.000251181 25554.2
0.174575 0.000239209 24032.2
0.189489 0.000230181 22516.6
0.204404 0.000221483 21251.9
0.219319 0.000213827 20128.6
0.234234 0.000206876 19138.2
0.249149 0.000200572 18253.6
0.264064 0.000194808 17459.1
0.278979 0.000189516 16740.8
0.293894 0.000184633 16087.9
0.308809 0.000180109 15491.5
0.323724 0.000175902 14944.3
0.338639 0.000171977 14440.1
0.353554 0.000168303 13973.9
0.368468 0.000164854 13541.3
0.383383 0.000161606 13138.6
0.398298 0.000158532 12762.2
0.413213 0.000155593 12408.3
0.428128 0.000152711 12071.6
0.443043 0.000149718 11742.6
0.457958 0.000146246 11402.7
0.472873 0.000141514 11015
0.487788 0.000133901 10501.3
0.502703 0.000120141 9694.27
0.517618 0.000108672 7177.19
0.532533 0.000114417 3226.72
0.547447 0.000172422 986.84
0.562362 0.000139097 3953.46
0.577277 0.000156673 1014.77
0.592192 0.000126877 3753.87
0.607107 0.000139134 930.239
0.622022 0.00011965 3424.73
0.636937 0.000133042 879.319
0.651852 0.000114715 3202.03
0.666767 0.000130513 853.28
0.681682 0.000111113 3051.57
0.696597 0.000128125 836.633
0.711512 0.000108114 2932.36
0.726426 0.00012597 794.032
0.741341 0.000105332 2775.66
0.756256 0.000123952 786.738
0.771171 0.000102784 2688.52
0.786086 0.000121957 783.493
0.801001 0.000100381 2613.38
0.815916 0.000120092 783.13
0.830831 9.81777e-05 2548.26
0.845746 0.000118282 783.788
0.860661 9.60994e-05 2488.6
0.875576 0.000116623 785.999
0.89049 9.41615e-05 2435.12
0.905405 0.000115013 788.331
0.92032 9.2264e-05 2383.99
0.935235 0.00011349 792.03
0.95015 9.03351e-05 2335.95
0.965065 0.000112131 796.778
0.97998 8.84369e-05 2291.08
0.994895 0.000110895 802.074
1.00981 8.66148e-05 2249.05
1.02472 0.000109716 807.544
1.03964 8.488e-05 2209.35
1.05455 0.00010859 813.223
1.06947 8.32203e-05 2171.78
1.08438 0.000107499 818.98
1.0993 8.16419e-05 2136.15
1.11421 0.00010645 824.786
1.12913 8.01341e-05 2102.24
1.14404 0.000105426 830.594
1.15896 7.87015e-05 2069.98
1.17387 0.000104436 836.356
1.18879 7.7334e-05 2039.13
1.2037 0.000103464 842.065
1.21862 7.60356e-05 2009.7
1.23353 0.00010252 847.668
1.24845 7.47969e-05 1981.47
1.26336 0.000101589 853.177
1.27828 7.36213e-05 1954.48
1.29319 0.000100682 858.545
1.30811 7.25002e-05 1928.52
1.32302 9.9785e-05 863.785
1.33794 7.14365e-05 1903.64
1.35285 9.89085e-05 868.868
1.36777 7.04222e-05 1879.68
1.38268 9.80389e-05 873.793
1.3976 6.946e-05 1856.65
1.41251 9.71883e-05 878.56
1.42743 6.85425e-05 1834.45
1.44234 9.63425e-05 883.141
1.45726 6.76723e-05 1813.06
1.47217 9.55143e-05 887.573
1.48709 6.68422e-05 1792.42
1.502 9.46893e-05 891.797
1.51692 6.60552e-05 1772.49
1.53183 9.38807e-05 895.884
1.54675 6.5304e-05 1753.23
1.56166 9.30734e-05 899.741
1.57658 6.4592e-05 1734.59
1.59149 9.22806e-05 903.475
1.60641 6.3912e-05 1716.54
1.62132 9.14859e-05 906.955
1.63624 6.32682e-05 1699.01
1.65115 9.07006e-05 910.316
1.66607 6.26531e-05 1681.96
1.68098 8.99045e-05 913.384
1.6959 6.20719e-05 1665.24
1.71081 8.91026e-05 916.297
1.72573 6.15175e-05 1648.78
1.74064 8.82632e-05 918.82
1.75556 6.09972e-05 1632.26
1.77047 8.73736e-05 921.046
1.78539 6.05074e-05 1615.36
1.8003 8.63747e-05 922.626
1.81522 6.00668e-05 1597.43
1.83013 8.52213e-05 923.503
1.84505 5.97e-05 1577.69
1.85996 8.38291e-05 923.116
1.87487 5.94963e-05 1555.03
1.88979 8.21682e-05 921.11
1.9047 5.9624e-05 1528.39
1.91962 8.02421e-05 916.531
1.93453 6.04081e-05 1496.48
1.94945 7.81654e-05 908.643
1.96436 6.22378e-05 1456.94
1.97928 7.60476e-05 897.663
1.99419 6.5222e-05 1403.77
2.00911 7.40633e-05 890.074
2.02402 6.84669e-05 1328.42
2.03894 7.24088e-05 899.933
2.05385 7.0417e-05 1230.73
2.06877 7.11467e-05 936.31
2.08368 7.0574e-05 1122.7
2.0986 7.01211e-05 994.053
2.11351 6.92466e-05 1012.84
2.12843 6.9285e-05 959.739
2.14334 6.91605e-05 875.936
2.15826 6.87984e-05 783.899
2.17317 6.83801e-05 695.579
2.18809 6.7987e-05 616.29
2.203 6.76367e-05 547.676
2.21792 6.7325e-05 489.613
2.23283 6.70426e-05 441.217
2.24775 6.67815e-05 401.338
2.26266 6.65355e-05 368.779
2.27758 6.63002e-05 342.396
2.29249 6.60727e-05 321.14
2.30741 6.5851e-05 304.083
2.32232 6.56338e-05 290.417
2.33724 6.54203e-05 279.457
2.35215 6.521e-05 270.632
2.36707 6.50023e-05 263.478
2.38198 6.47971e-05 257.618
2.3969 6.45942e-05 252.756
2.41181 6.43935e-05 248.659
2.42673 6.41948e-05 245.146
2.44164 6.3998e-05 242.078
2.45656 6.38032e-05 239.35
2.47147 6.36101e-05 236.881
2.48639 6.34189e-05 234.611
2.5013 6.32294e-05 232.495
2.51622 6.30417e-05 230.499
2.53113 6.28556e-05 228.597
2.54605 6.26712e-05 226.77
2.56096 6.24884e-05 225.004
2.57588 6.23072e-05 223.288
2.59079 6.21275e-05 221.615
2.60571 6.19495e-05 219.979
2.62062 6.17729e-05 218.375
2.63554 6.15979e-05 216.799
2.65045 6.14243e-05 215.25
2.66537 6.12522e-05 213.724
2.68028 6.10815e-05 212.221
2.6952 6.09123e-05 210.74
2.71011 6.07532e-05 209.293
2.72503 6.0565e-05 212.154
2.73994 6.04267e-05 208.563
2.75485 6.02327e-05 211.805
2.76977 6.01083e-05 206.995
2.78468 5.99e-05 212.745
2.7996 5.97933e-05 206.074
2.81451 5.95766e-05 212.731
2.82943 5.94848e-05 204.716
2.84434 5.92551e-05 213.412
2.85926 5.91802e-05 203.71
2.87417 5.89408e-05 213.575
2.88909 5.88813e-05 202.479
2.904 5.86294e-05 214.112
2.91892 5.85866e-05 201.444
2.93383 5.8324e-05 214.368
2.94875 5.82969e-05 200.297
2.96366 5.8022e-05 214.824
2.97858 5.80114e-05 199.261
2.99349 5.77252e-05 215.127
3.00841 5.77305e-05 198.173
3.02332 5.74321e-05 215.537
3.03824 5.74538e-05 197.151
3.05315 5.71436e-05 215.863
3.06807 5.71813e-05 196.108
3.08298 5.68588e-05 216.244
3.0979 5.69129e-05 195.108
3.11281 5.65782e-05 216.579
3.12773 5.66485e-05 194.103
3.14264 5.63014e-05 216.942
3.15756 5.63879e-05 193.126
3.17247 5.60284e-05 217.279
3.18739 5.61312e-05 192.154
3.2023 5.5759e-05 217.63
3.21722 5.58782e-05 191.203
3.23213 5.54933e-05 217.965
3.24705 5.56288e-05 190.26
3.26196 5.52311e-05 218.307
3.27688 5.53829e-05 189.335
3.29179 5.49723e-05 218.638
3.30671 5.51405e-05 188.419
3.32162 5.47169e-05 218.972
3.33654 5.49015e-05 187.519
3.35145 5.44648e-05 219.299
3.36637 5.46658e-05 186.629
3.38128 5.42159e-05 219.626
3.3962 5.44334e-05 185.752
3.41111 5.39701e-05 219.948
3.42603 5.42041e-05 184.887
3.44094 5.37274e-05 220.269
3.45586 5.39779e-05 184.034
3.47077 5.34877e-05 220.586
3.48569 5.37548e-05 183.191
3.5006 5.3251e-05 220.901
3.51552 5.35346e-05 182.36
3.53043 5.30172e-05 221.213
3.54535 5.33174e-05 181.54
3.56026 5.27861e-05 221.522
3.57518 5.3103e-05 180.73
3.59009 5.25579e-05 221.829
3.60501 5.28913e-05 179.93
3.61992 5.23323e-05 222.133
3.63483 5.26824e-05 179.141
3.64975 5.21094e-05 222.434
3.66466 5.24762e-05 178.362
3.67958 5.18891e-05 222.733
3.69449 5.22726e-05 177.593
3.70941 5.16713e-05 223.03
3.72432 5.20716e-05 176.833
3.73924 5.1456e-05 223.324
3.75415 5.18731e-05 176.082
3.76907 5.12432e-05 223.616
3.78398 5.16771e-05 175.341
3.7989 5.10328e-05 223.905
3.81381 5.14835e-05 174.609
3.82873 5.08247e-05 224.192
3.84364 5.12922e-05 173.885
3.85856 5.06189e-05 224.477
3.87347 5.11033e-05 173.17
3.88839 5.04154e-05 224.759
3.9033 5.09167e-05 172.464
3.91822 5.0214e-05 225.039
3.93313 5.07323e-05 171.766
3.94805 5.00149e-05 225.317
3.96296 5.05501e-05 171.076
3.97788 4.98179e-05 225.593
3.99279 5.03701e-05 170.394
4.00771 4.96232e-05 225.867
4.02262 5.02176e-05 169.762
4.03754 4.93884e-05 235.044
4.05245 5.00042e-05 172.319
4.06737 4.92788e-05 220.098
4.08228 4.98447e-05 166.042
4.0972 4.90328e-05 229.072
4.11211 4.96826e-05 168.645
4.12703 4.88492e-05 230.692
4.14194 4.95092e-05 168.485
4.15686 4.86729e-05 229.489
4.17177 4.93326e-05 167.294
4.18669 4.85005e-05 227.256
4.2016 4.91559e-05 165.738
4.21652 4.83306e-05 224.673
4.23143 4.89803e-05 164.065
4.24635 4.81628e-05 221.995
4.26126 4.88063e-05 162.368
4.27618 4.79969e-05 219.314
4.29109 4.8634e-05 160.681
4.30601 4.78327e-05 216.664
4.32092 4.84635e-05 159.016
4.33584 4.76702e-05 214.057
4.35075 4.82948e-05 157.377
4.36567 4.75094e-05 211.497
4.38058 4.81279e-05 155.765
4.3955 4.73612e-05 209.008
4.41041 4.79514e-05 157.809
4.42533 4.71856e-05 210.134
4.44024 4.7806e-05 153.959
4.45516 4.70628e-05 205.491
4.47007 4.76102e-05 160.464
4.48498 4.68633e-05 210.984
4.4999 4.74957e-05 152.998
4.51481 4.67644e-05 202.863
4.52973 4.72816e-05 162.2
4.54464 4.65496e-05 210.928
4.55956 4.71896e-05 151.732
4.57447 4.64751e-05 199.989
4.58939 4.6956e-05 164.311
4.6043 4.62411e-05 211.236
4.61922 4.68904e-05 150.622
4.63413 4.61907e-05 197.319
4.64905 4.66372e-05 166.263
4.66396 4.5939e-05 211.39
4.67888 4.65968e-05 149.482
4.69379 4.59126e-05 194.668
4.70871 4.63233e-05 168.276
4.72362 4.56426e-05 211.602
4.73854 4.6309e-05 148.386
4.75345 4.564e-05 192.107
4.76837 4.59963e-05 170.225
4.78328 4.54091e-05 202.453
4.7982 4.59869e-05 157.014
4.81311 4.53314e-05 198.803
4.82803 4.57371e-05 160.523
4.84294 4.51674e-05 201.289
4.85786 4.56635e-05 157.081
4.87277 4.50233e-05 197.275
4.88769 4.55079e-05 161.23
4.9026 4.48758e-05 200.376
4.91752 4.53813e-05 156.94
4.93243 4.47577e-05 195.662
4.94735 4.5225e-05 161.972
4.96226 4.46092e-05 199.558
4.97718 4.51047e-05 156.708
4.99209 4.44975e-05 193.997
5.00701 4.49463e-05 162.812
5.02192 4.43471e-05 198.848
5.03684 4.48334e-05 156.368
5.05175 4.42427e-05 192.265
5.06667 4.46718e-05 163.773
5.08158 4.40893e-05 198.263
5.0965 4.45673e-05 155.899
5.11141 4.39933e-05 190.449
5.12633 4.44009e-05 164.881
5.14124 4.38354e-05 197.823
5.15616 4.43066e-05 155.279
5.17107 4.37493e-05 188.529
5.18599 4.41268e-05 166.155
5.2009 4.36067e-05 197.589
5.21582 4.40356e-05 154.408
5.23073 4.34952e-05 186.385
5.24565 4.38761e-05 167.818
5.26056 4.339e-05 197.724
5.27548 4.37568e-05 153.106
5.29039 4.32335e-05 183.862
5.30531 4.3649e-05 170.106
5.32022 4.3172e-05 189.86
5.33514 4.34805e-05 161.479
5.35005 4.2975e-05 189.97
5.36496 4.3435e-05 160.917
5.37988 4.29354e-05 188.992
5.39479 4.3206e-05 161.4
5.40971 4.27961e-05 188.716
5.42462 4.31536e-05 161.319
5.43954 4.2672e-05 187.983
5.45445 4.30161e-05 161.669
5.46937 4.25574e-05 187.649
5.48428 4.29049e-05 161.558
5.4992 4.2441e-05 186.913
5.51411 4.27822e-05 161.947
5.52903 4.23418e-05 186.651
5.54394 4.26579e-05 161.723
5.55886 4.22119e-05 185.796
5.57377 4.25543e-05 162.312
5.58869 4.21322e-05 185.753
5.6036 4.2408e-05 161.764
5.61852 4.1997e-05 184.615
5.63343 4.23243e-05 162.771
5.64835 4.19162e-05 184.929
5.66326 4.21721e-05 161.745
5.67818 4.17947e-05 183.424
5.69309 4.20869e-05 163.245
5.70801 4.16937e-05 184.111
5.72292 4.19562e-05 161.765
5.73784 4.15925e-05 182.279
5.75275 4.18497e-05 163.675
5.76767 4.14756e-05 183.273
5.78258 4.17444e-05 161.829
5.7975 4.13922e-05 181.188
5.81241 4.16143e-05 164.049
5.82733 4.12707e-05 182.426
5.84224 4.1528e-05 161.906
5.85716 4.11866e-05 180.107
5.87207 4.13929e-05 164.451
5.88699 4.10768e-05 181.634
5.9019 4.13024e-05 161.9
5.91682 4.09831e-05 178.974
5.93173 4.11795e-05 164.956
5.94665 4.08884e-05 180.947
5.96156 4.10735e-05 161.757
5.97648 4.0791e-05 177.764
5.99139 4.09662e-05 165.583
6.00631 4.06911e-05 180.346
6.02122 4.08611e-05 161.539
6.03614 4.06046e-05 176.518
6.05105 4.07476e-05 166.269
6.06597 4.04986e-05 179.808
6.08088 4.06554e-05 161.255
6.0958 4.04123e-05 175.218
6.11071 4.05364e-05 167.065
6.12563 4.03215e-05 179.396
6.14054 4.04353e-05 160.779
6.15546 4.02296e-05 173.799
6.17037 4.03259e-05 168.058
6.18529 4.01537e-05 179.165
6.2002 4.02043e-05 160.047
6.21512 4.00766e-05 172.25
6.23003 4.00907e-05 169.215
6.24494 3.9991e-05 179.078
6.25986 3.99948e-05 159.172
6.27477 3.99024e-05 170.558
6.28969 3.98776e-05 170.667
6.3046 3.98325e-05 170.255
6.31952 3.97717e-05 170.591
6.33443 3.97341e-05 169.856
6.34935 3.96919e-05 177.801
6.36426 3.9631e-05 159.161
6.37918 3.95958e-05 168.843
6.39409 3.9551e-05 176.226
6.40901 3.94965e-05 160.599
6.42392 3.94549e-05 169.236
6.43884 3.94132e-05 175.765
6.45375 3.93585e-05 160.527
6.46867 3.93191e-05 168.449
6.48358 3.92767e-05 174.395
6.4985 3.92234e-05 161.721
6.51341 3.91837e-05 168.658
6.52833 3.91411e-05 173.806
6.54324 3.90894e-05 161.847
6.55816 3.90498e-05 168.035
6.57307 3.90075e-05 172.586
6.58799 3.89571e-05 162.868
6.6029 3.89171e-05 168.113
6.61782 3.88748e-05 171.914
6.63273 3.88258e-05 163.132
6.64765 3.87858e-05 167.608
6.66256 3.87438e-05 170.805
6.67748 3.86961e-05 164.03
6.69239 3.86559e-05 167.595
6.70731 3.86184e-05 170.092
6.72222 3.8566e-05 164.372
6.73714 3.85153e-05 167.133
6.75205 3.84872e-05 169.031
6.76697 3.84507e-05 170.246
6.78188 3.84042e-05 163.264
6.7968 3.83544e-05 165.394
6.81171 3.8313e-05 166.782
6.82663 3.82717e-05 167.601
6.84154 3.82304e-05 167.99
6.85646 3.81891e-05 168.054
6.87137 3.81478e-05 167.875
6.88629 3.81067e-05 167.515
6.9012 3.80656e-05 167.021
6.91612 3.80247e-05 166.428
6.93103 3.79838e-05 165.762
6.94595 3.79431e-05 165.045
6.96086 3.79024e-05 164.29
6.97578 3.78619e-05 163.508
6.99069 3.78215e-05 162.709
7.00561 3.77813e-05 161.898
7.02052 3.77411e-05 161.081
7.03544 3.77011e-05 160.259
7.05035 3.76612e-05 159.437
7.06527 3.76215e-05 158.615
7.08018 3.75818e-05 157.796
7.0951 3.75423e-05 156.98
7.11001 3.75029e-05 156.169
7.12492 3.74636e-05 155.362
7.13984 3.74245e-05 154.56
7.15475 3.73855e-05 153.763
7.16967 3.73466e-05 152.972
7.18458 3.73078e-05 152.187
7.1995 3.72691e-05 151.408
7.21441 3.72306e-05 150.634
7.22933 3.71921e-05 149.867
7.24424 3.71538e-05 149.106
7.25916 3.71156e-05 148.35
7.27407 3.70776e-05 147.601
7.28899 3.70396e-05 146.858
7.3039 3.70018e-05 146.121
7.31882 3.69641e-05 145.39
7.33373 3.69265e-05 144.665
7.34865 3.6889e-05 143.946
7.36356 3.68516e-05 143.233
7.37848 3.68143e-05 142.527
7.39339 3.67772e-05 141.826
7.40831 3.67401e-05 141.132
7.42322 3.67032e-05 140.443
7.43814 3.66664e-05 139.761
7.45305 3.66297e-05 139.085
7.46797 3.65931e-05 138.415
7.48288 3.65566e-05 137.751
7.4978 3.65202e-05 137.093
7.51271 3.6484e-05 136.442
7.52763 3.64478e-05 135.797
7.54254 3.64117e-05 135.158
7.55746 3.63758e-05 134.526
7.57237 3.634e-05 133.9
7.58729 3.63042e-05 133.281
7.6022 3.62686e-05 132.668
7.61712 3.62331e-05 132.062
7.63203 3.61977e-05 131.463
7.64695 3.61623e-05 130.87
7.66186 3.61271e-05 130.285
7.67678 3.6092e-05 129.706
7.69169 3.6057e-05 129.134
7.70661 3.60221e-05 128.57
7.72152 3.59873e-05 128.013
7.73644 3.59526e-05 127.464
7.75135 3.5918e-05 126.922
7.76627 3.58835e-05 126.388
7.78118 3.58491e-05 125.863
7.7961 3.58148e-05 125.345
7.81101 3.57806e-05 124.836
7.82593 3.57465e-05 124.335
7.84084 3.57125e-05 123.843
7.85576 3.56785e-05 123.361
7.87067 3.56447e-05 122.887
7.88559 3.5611e-05 122.424
7.9005 3.55774e-05 121.97
7.91542 3.55439e-05 121.526
7.93033 3.55104e-05 121.093
7.94525 3.54771e-05 120.671
7.96016 3.54438e-05 120.26
7.97508 3.54107e-05 119.861
7.98999 3.53776e-05 119.474
8.0049 3.53447e-05 119.1
8.01982 3.53118e-05 118.738
8.03473 3.5279e-05 118.391
8.04965 3.52463e-05 118.057
8.06456 3.52137e-05 117.738
8.07948 3.51812e-05 117.434
8.09439 3.51488e-05 117.146
8.10931 3.51165e-05 116.874
8.12422 3.50842e-05 116.62
8.13914 3.50521e-05 116.384
8.15405 3.502e-05 116.167
8.16897 3.49881e-05 115.969
8.18388 3.49562e-05 115.793
8.1988 3.49244e-05 115.637
8.21371 3.48927e-05 115.505
8.22863 3.48611e-05 115.396
8.24354 3.48296e-05 115.311
8.25846 3.47981e-05 115.253
8.27337 3.47668e-05 115.222
8.28829 3.47355e-05 115.219
8.3032 3.47043e-05 115.247
8.31812 3.46733e-05 115.306
8.33303 3.46423e-05 115.398
8.34795 3.46113e-05 115.525
8.36286 3.45805e-05 115.689
8.37778 3.45498e-05 115.891
8.39269 3.45191e-05 116.133
8.40761 3.44885e-05 116.418
8.42252 3.4458e-05 116.747
8.43744 3.44276e-05 117.124
8.45235 3.43973e-05 117.55
8.46727 3.43671e-05 118.028
8.48218 3.4337e-05 118.561
8.4971 3.43069e-05 119.152
8.51201 3.42769e-05 119.803
8.52693 3.42471e-05 120.519
8.54184 3.42173e-05 121.303
8.55676 3.41876e-05 122.157
8.57167 3.4158e-05 123.087
8.58659 3.41285e-05 124.095
8.6015 3.4099e-05 125.187
8.61642 3.40697e-05 126.367
8.63133 3.40405e-05 127.639
8.64625 3.40113e-05 129.009
8.66116 3.39823e-05 130.482
8.67608 3.39533e-05 132.063
8.69099 3.39245e-05 133.759
8.70591 3.38958e-05 135.576
8.72082 3.38671e-05 137.519
8.73574 3.38386e-05 139.597
8.75065 3.38102e-05 141.816
8.76557 3.37819e-05 144.185
8.78048 3.37538e-05 146.711
8.7954 3.37258e-05 149.403
8.81031 3.36979e-05 152.27
8.82523 3.36701e-05 155.322
8.84014 3.36425e-05 158.568
8.85506 3.3615e-05 162.02
8.86997 3.35874e-05 165.688
8.88488 3.35499e-05 169.558
8.8998 3.33426e-05 173.209
8.91471 3.37347e-05 163.861
8.92963 3.33451e-05 171.355
8.94454 3.35889e-05 168.712
8.95946 3.30635e-05 177.154
8.97437 3.38109e-05 163.647
8.98929 3.30661e-05 176.034
9.0042 3.36615e-05 167.645
9.01912 3.27267e-05 181.428
9.03403 3.39508e-05 163.789
9.04895 3.27205e-05 181.512
9.06386 3.38077e-05 166.355
9.07878 3.23218e-05 185.964
9.09369 3.41653e-05 164.379
9.10861 3.22886e-05 187.816
9.12352 3.4048e-05 164.897
9.13844 3.18412e-05 190.726
9.15335 3.44606e-05 165.444
9.16827 3.17496e-05 194.895
9.18318 3.44033e-05 163.418
9.1981 3.12838e-05 195.763
9.21301 3.48338e-05 166.869
9.22793 3.1088e-05 202.553
9.24284 3.48904e-05 162.206
9.25776 3.06649e-05 201.309
9.27267 3.52582e-05 168.249
9.28759 3.02754e-05 210.232
9.3025 3.55802e-05 160.141
9.31742 3.00607e-05 206.48
9.33233 3.55892e-05 170.291
9.34725 2.97743e-05 210.163
9.36216 3.58858e-05 168.315
9.37708 2.94301e-05 222.026
9.39199 3.54967e-05 176.072
9.40691 3.00144e-05 210.199
9.42182 3.54003e-05 175.112
9.43674 2.98672e-05 216.378
9.45165 3.50609e-05 180.965
9.46657 3.02074e-05 212.016
9.48148 3.48299e-05 182.739
9.4964 3.03113e-05 214.215
9.51131 3.45083e-05 187.113
9.52623 3.05658e-05 212.477
9.54114 3.42164e-05 189.882
9.55606 3.07595e-05 213.352
9.57097 3.38897e-05 193.731
9.58589 3.10006e-05 212.626
9.6008 3.35775e-05 196.902
9.61572 3.12142e-05 212.967
9.63063 3.32489e-05 200.505
9.64555 3.14524e-05 212.712
9.66046 3.29343e-05 203.849
9.67538 3.16588e-05 212.772
9.69029 3.26081e-05 207.268
9.70521 3.18799e-05 212.756
9.72012 3.23283e-05 210.745
9.73504 3.236e-05 212.024
9.74995 3.22947e-05 214.618
9.76486 3.22255e-05 217.862
9.77978 3.21696e-05 221.479
9.79469 3.21254e-05 225.326
9.80961 3.20888e-05 229.316
9.82452 3.20564e-05 233.391
9.83944 3.20264e-05 237.513
9.85435 3.19975e-05 241.655
9.86927 3.1969e-05 245.8
9.88418 3.19403e-05 249.932
9.8991 3.19114e-05 254.042
9.91401 3.18819e-05 258.12
9.92893 3.18519e-05 262.159
9.94384 3.18213e-05 266.151
9.95876 3.17902e-05 270.091
9.97367 3.17585e-05 273.972
9.98859 3.17263e-05 277.79
10.0035 3.16937e-05 281.539
10.0184 3.16607e-05 285.215
10.0333 3.16275e-05 288.814
10.0482 3.1594e-05 292.331
10.0632 3.15604e-05 295.764
10.0781 3.15268e-05 299.108
10.093 3.14932e-05 302.362
10.1079 3.14598e-05 305.523
10.1228 3.14265e-05 308.589
10.1377 3.13935e-05 311.559
10.1527 3.13608e-05 314.43
10.1676 3.13286e-05 317.203
10.1825 3.12968e-05 319.876
10.1974 3.12655e-05 322.449
10.2123 3.12348e-05 324.922
10.2272 3.12046e-05 327.296
10.2421 3.1175e-05 329.57
10.2571 3.11461e-05 331.746
10.272 3.11178e-05 333.824
10.2869 3.10902e-05 335.805
10.3018 3.10632e-05 337.692
10.3167 3.10368e-05 339.484
10.3316 3.10111e-05 341.185
10.3465 3.09859e-05 342.795
10.3615 3.09614e-05 344.317
10.3764 3.09374e-05 345.752
10.3913 3.09139e-05 347.102
10.4062 3.0891e-05 348.371
10.4211 3.08685e-05 349.559
10.436 3.08465e-05 350.669
10.451 3.0825e-05 351.703
10.4659 3.08038e-05 352.664
10.4808 3.07829e-05 353.554
10.4957 3.07624e-05 354.376
10.5106 3.07422e-05 355.131
10.5255 3.07223e-05 355.821
10.5404 3.07025e-05 356.451
10.5554 3.0683e-05 357.02
10.5703 3.06637e-05 357.533
10.5852 3.06446e-05 357.99
10.6001 3.06256e-05 358.395
10.615 3.06067e-05 358.75
10.6299 3.05879e-05 359.056
10.6448 3.05691e-05 359.316
10.6598 3.05505e-05 359.531
10.6747 3.05319e-05 359.704
10.6896 3.05133e-05 359.837
10.7045 3.04948e-05 359.931
10.7194 3.04762e-05 359.989
10.7343 3.04577e-05 360.011
10.7492 3.04392e-05 360.001
10.7642 3.04207e-05 359.958
10.7791 3.04021e-05 359.886
10.794 3.03836e-05 359.786
10.8089 3.0365e-05 359.658
10.8238 3.03464e-05 359.505
10.8387 3.03277e-05 359.328
10.8537 3.0309e-05 359.127
10.8686 3.02903e-05 358.905
10.8835 3.02716e-05 358.663
10.8984 3.02528e-05 358.401
10.9133 3.0234e-05 358.121
10.9282 3.02152e-05 357.824
10.9431 3.01963e-05 357.511
10.9581 3.01774e-05 357.183
10.973 3.01584e-05 356.84
10.9879 3.01395e-05 356.484
11.0028 3.01205e-05 356.115
11.0177 3.01015e-05 355.734
11.0326 3.00824e-05 355.342
11.0475 3.00634e-05 354.94
11.0625 3.00443e-05 354.528
11.0774 3.00252e-05 354.107
11.0923 3.00061e-05 353.677
11.1072 2.9987e-05 353.24
11.1221 2.99678e-05 352.795
11.137 2.99487e-05 352.343
11.152 2.99295e-05 351.884
11.1669 2.99104e-05 351.42
11.1818 2.98912e-05 350.95
11.1967 2.98721e-05 350.475
11.2116 2.98529e-05 349.996
11.2265 2.98337e-05 349.512
11.2414 2.98146e-05 349.023
11.2564 2.97954e-05 348.532
11.2713 2.97763e-05 348.036
11.2862 2.97571e-05 347.538
11.3011 2.9738e-05 347.037
11.316 2.97189e-05 346.533
11.3309 2.96998e-05 346.027
11.3458 2.96807e-05 345.519
11.3608 2.96616e-05 345.009
11.3757 2.96426e-05 344.497
11.3906 2.96235e-05 343.983
11.4055 2.96045e-05 343.469
11.4204 2.95855e-05 342.953
11.4353 2.95665e-05 342.436
11.4503 2.95475e-05 341.918
11.4652 2.95285e-05 341.4
11.4801 2.95096e-05 340.881
11.495 2.94907e-05 340.361
11.5099 2.94718e-05 339.841
11.5248 2.9453e-05 339.321
11.5397 2.94341e-05 338.801
11.5547 2.94153e-05 338.281
11.5696 2.93965e-05 337.76
11.5845 2.93778e-05 337.24
11.5994 2.93591e-05 336.72
11.6143 2.93404e-05 336.201
11.6292 2.93217e-05 335.681
11.6441 2.9303e-05 335.162
11.6591 2.92844e-05 334.644
11.674 2.92658e-05 334.126
11.6889 2.92473e-05 333.609
11.7038 2.92287e-05 333.092
11.7187 2.92102e-05 332.576
11.7336 2.91917e-05 332.061
11.7485 2.91733e-05 331.547
11.7635 2.91549e-05 331.033
11.7784 2.91365e-05 330.52
11.7933 2.91181e-05 330.008
11.8082 2.90998e-05 329.497
11.8231 2.90815e-05 328.987
11.838 2.90633e-05 328.478
11.853 2.9045e-05 327.97
11.8679 2.90268e-05 327.463
11.8828 2.90087e-05 326.956
11.8977 2.89905e-05 326.451
11.9126 2.89724e-05 325.947
11.9275 2.89543e-05 325.444
11.9424 2.89363e-05 324.943
11.9574 2.89183e-05 324.442
11.9723 2.89003e-05 323.942
11.9872 2.88823e-05 323.444
12.0021 2.88644e-05 322.946
12.017 2.88465e-05 322.45
12.0319 2.88287e-05 321.955
12.0468 2.88109e-05 321.461
12.0618 2.87931e-05 320.969
12.0767 2.87753e-05 320.477
12.0916 2.87576e-05 319.987
12.1065 2.87399e-05 319.498
12.1214 2.87222e-05 319.01
12.1363 2.87046e-05 318.523
12.1513 2.8687e-05 318.038
12.1662 2.86694e-05 317.554
12.1811 2.86519e-05 317.071
12.196 2.86343e-05 316.589
12.2109 2.86169e-05 316.108
12.2258 2.85994e-05 315.629
12.2407 2.8582e-05 315.151
12.2557 2.85646e-05 314.674
12.2706 2.85473e-05 314.198
12.2855 2.85299e-05 313.724
12.3004 2.85126e-05 313.251
12.3153 2.84954e-05 312.779
12.3302 2.84782e-05 312.308
12.3451 2.8461e-05 311.838
12.3601 2.84438e-05 311.37
12.375 2.84266e-05 310.903
12.3899 2.84095e-05 310.437
12.4048 2.83925e-05 309.972
12.4197 2.83754e-05 309.509
12.4346 2.83584e-05 309.046
12.4495 2.83414e-05 308.585
12.4645 2.83245e-05 308.125
12.4794 2.83075e-05 307.667
12.4943 2.82906e-05 307.209
12.5092 2.82738e-05 306.753
12.5241 2.82569e-05 306.298
12.539 2.82401e-05 305.844
12.554 2.82233e-05 305.392
12.5689 2.82066e-05 304.94
12.5838 2.81899e-05 304.49
12.5987 2.81732e-05 304.041
12.6136 2.81565e-05 303.593
12.6285 2.81399e-05 303.146
12.6434 2.81233e-05 302.7
12.6584 2.81067e-05 302.256
12.6733 2.80902e-05 301.813
12.6882 2.80737e-05 301.371
12.7031 2.80572e-05 300.93
12.718 2.80407e-05 300.49
12.7329 2.80243e-05 300.051
12.7478 2.80079e-05 299.614
12.7628 2.79916e-05 299.177
12.7777 2.79752e-05 298.742
12.7926 2.79589e-05 298.308
12.8075 2.79426e-05 297.875
12.8224 2.79264e-05 297.443
12.8373 2.79101e-05 297.013
12.8523 2.78939e-05 296.583
12.8672 2.78778e-05 296.155
12.8821 2.78616e-05 295.727
12.897 2.78455e-05 295.301
12.9119 2.78294e-05 294.876
12.9268 2.78134e-05 294.452
12.9417 2.77973e-05 294.029
12.9567 2.77813e-05 293.607
12.9716 2.77654e-05 293.186
12.9865 2.77494e-05 292.767
13.0014 2.77335e-05 292.348
13.0163 2.77176e-05 291.93
13.0312 2.77017e-05 291.514
13.0461 2.76859e-05 291.099
13.0611 2.76701e-05 290.684
13.076 2.76543e-05 290.271
13.0909 2.76385e-05 289.859
13.1058 2.76228e-05 289.448
13.1207 2.76071e-05 289.038
13.1356 2.75914e-05 288.629
13.1506 2.75758e-05 288.221
13.1655 2.75601e-05 287.814
13.1804 2.75445e-05 287.408
13.1953 2.7529e-05 287.003
13.2102 2.75134e-05 286.599
13.2251 2.74979e-05 286.196
13.24 2.74824e-05 285.795
13.255 2.7467e-05 285.394
13.2699 2.74515e-05 284.994
13.2848 2.74361e-05 284.595
13.2997 2.74207e-05 284.198
13.3146 2.74054e-05 283.801
13.3295 2.739e-05 283.405
13.3444 2.73747e-05 283.01
13.3594 2.73594e-05 282.617
13.3743 2.73442e-05 282.224
13.3892 2.73289e-05 281.832
13.4041 2.73137e-05 281.441
13.419 2.72985e-05 281.052
13.4339 2.72834e-05 280.663
13.4488 2.72682e-05 280.275
13.4638 2.72531e-05 279.888
13.4787 2.72381e-05 279.502
13.4936 2.7223e-05 279.117
13.5085 2.7208e-05 278.733
13.5234 2.7193e-05 278.35
13.5383 2.7178e-05 277.968
13.5533 2.7163e-05 277.587
13.5682 2.71481e-05 277.207
13.5831 2.71332e-05 276.827
13.598 2.71183e-05 276.449
13.6129 2.71034e-05 276.072
13.6278 2.70886e-05 275.695
13.6427 2.70738e-05 275.32
13.6577 2.7059e-05 274.945
13.6726 2.70442e-05 274.571
13.6875 2.70295e-05 274.199
13.7024 2.70148e-05 273.827
13.7173 2.70001e-05 273.456
13.7322 2.69854e-05 273.086
13.7471 2.69708e-05 272.717
13.7621 2.69562e-05 272.348
13.777 2.69416e-05 271.981
13.7919 2.6927e-05 271.615
13.8068 2.69124e-05 271.249
13.8217 2.68979e-05 270.885
13.8366 2.68834e-05 270.521
13.8516 2.68689e-05 270.158
13.8665 2.68545e-05 269.796
13.8814 2.68401e-05 269.435
13.8963 2.68256e-05 269.075
13.9112 2.68113e-05 268.715
13.9261 2.67969e-05 268.357
13.941 2.67826e-05 267.999
13.956 2.67682e-05 267.642
13.9709 2.6754e-05 267.286
13.9858 2.67397e-05 266.931
14.0007 2.67254e-05 266.577
14.0156 2.67112e-05 266.224
14.0305 2.6697e-05 265.871
14.0454 2.66828e-05 265.52
14.0604 2.66687e-05 265.169
14.0753 2.66545e-05 264.819
14.0902 2.66404e-05 264.47
14.1051 2.66263e-05 264.121
14.12 2.66123e-05 263.774
14.1349 2.65982e-05 263.427
14.1498 2.65842e-05 263.081
14.1648 2.65702e-05 262.736
14.1797 2.65562e-05 262.392
14.1946 2.65423e-05 262.049
14.2095 2.65283e-05 261.706
14.2244 2.65144e-05 261.364
14.2393 2.65005e-05 261.023
14.2543 2.64867e-05 260.683
14.2692 2.64728e-05 260.344
14.2841 2.6459e-05 260.005
14.299 2.64452e-05 259.668
14.3139 2.64314e-05 259.331
14.3288 2.64177e-05 258.995
14.3437 2.64039e-05 258.659
14.3587 2.63902e-05 258.325
14.3736 2.63765e-05 257.991
14.3885 2.63628e-05 257.658
14.4034 2.63492e-05 257.326
14.4183 2.63356e-05 256.994
14.4332 2.63219e-05 256.663
14.4481 2.63084e-05 256.334
14.4631 2.62948e-05 256.004
14.478 2.62812e-05 255.676
14.4929 2.62677e-05 255.348
14.5078 2.62542e-05 255.022
14.5227 2.62407e-05 254.695
14.5376 2.62273e-05 254.37
14.5526 2.62138e-05 254.045
14.5675 2.62004e-05 253.722
14.5824 2.6187e-05 253.398
14.5973 2.61736e-05 253.076
14.6122 2.61602e-05 252.754
14.6271 2.61469e-05 252.434
14.642 2.61336e-05 252.113
14.657 2.61203e-05 251.794
14.6719 2.6107e-05 251.475
14.6868 2.60938e-05 251.158
14.7017 2.60805e-05 250.84
14.7166 2.60673e-05 250.524
14.7315 2.60542e-05 250.208
14.7464 2.6041e-05 249.894
14.7614 2.6028e-05 249.58
14.7763 2.6015e-05 249.268
14.7912 2.60022e-05 248.957
14.8061 2.59895e-05 248.647
14.821 2.5977e-05 248.34
14.8359 2.59649e-05 248.036
14.8509 2.59531e-05 247.735
14.8658 2.59417e-05 247.438
14.8807 2.59308e-05 247.145
14.8956 2.59204e-05 246.857
14.9105 2.59107e-05 246.575
14.9254 2.59015e-05 246.299
14.9403 2.58929e-05 246.029
14.9553 2.58847e-05 245.763
14.9702 2.58768e-05 245.502
14.9851 2.58692e-05 245.245
15 2.58617e-05 244.99
