0.1 0.000381669 13068.9
0.114915 0.000186583 39632.3
0.12983 0.000282605 27997.6
0.144745 0.000256136 28226.6
0.15966 0.00025155 25558.1
0.174575 0.000239251 24033.4
0.189489 0.000230142 22513.2
0.204404 0.000221418 21248.9
0.219319 0.000213773 20126.2
0.234234 0.000206827 19136
0.249149 0.000200527 18251.6
0.264064 0.000194769 17457.4
0.278979 0.00018948 16739.3
0.293894 0.0001846 16086.5
0.308809 0.000180078 15490.2
0.323724 0.000175874 14943.1
0.338639 0.000171951 14439
0.353554 0.000168279 13972.9
0.368468 0.000164833 13540.5
0.383383 0.00016159 13138
0.398298 0.000158528 12762.3
0.413213 0.000155624 12410.2
0.428128 0.00015284 12078.2
0.443043 0.00015009 11760.8
0.457958 0.000147167 11446.8
0.472873 0.000143577 11112
0.487788 0.000138279 10707
0.502703 0.000129359 10141.1
0.517618 0.000113856 9262.4
0.532533 0.000109237 6269.51
0.547447 0.000131793 2400.59
0.562362 0.00019168 1465.62
0.577277 0.000106876 2686.83
0.592192 0.000175558 1103.51
0.607107 9.36766e-05 3325.22
0.622022 0.000162887 928.992
0.636937 9.05374e-05 2944.32
0.651852 0.0001577 899.547
0.666767 8.80918e-05 2808.01
0.681682 0.000154124 902.789
0.696597 8.57823e-05 2729.7
0.711512 0.000151093 900.209
0.726426 8.36797e-05 2649.17
0.741341 0.000148255 903.798
0.756256 8.17345e-05 2583.21
0.771171 0.000145555 905.574
0.786086 7.99261e-05 2519.29
0.801001 0.000142963 909.863
0.815916 7.8265e-05 2463.42
0.830831 0.000140499 912.964
0.845746 7.67172e-05 2409.67
0.860661 0.000138164 917.587
0.875576 7.53201e-05 2362.06
0.89049 0.000135922 920.709
0.905405 7.39906e-05 2315.16
0.92032 0.000133726 925.284
0.935235 7.26925e-05 2272.02
0.95015 0.000131634 929.279
0.965065 7.14847e-05 2230.88
0.97998 0.000129629 933.621
0.994895 7.03594e-05 2192.65
1.00981 0.000127695 937.364
1.02472 6.93133e-05 2156.07
1.03964 0.000125816 941.239
1.05455 6.83369e-05 2121.76
1.06947 0.000123994 944.598
1.08438 6.74278e-05 2088.89
1.0993 0.000122222 947.981
1.11421 6.65796e-05 2057.9
1.12913 0.0001205 950.887
1.14404 6.57883e-05 2028.12
1.15896 0.000118822 953.782
1.17387 6.50494e-05 1999.94
1.18879 0.000117189 956.225
1.2037 6.43587e-05 1972.78
1.21862 0.000115597 958.66
1.23353 6.37127e-05 1947.01
1.24845 0.000114046 960.659
1.26336 6.31074e-05 1922.1
1.27828 0.000112533 962.671
1.29319 6.25401e-05 1898.41
1.30811 0.000111058 964.264
1.32302 6.20073e-05 1875.44
1.33794 0.00010962 965.896
1.35285 6.15065e-05 1853.56
1.36777 0.000108216 967.128
1.38268 6.10349e-05 1832.28
1.3976 0.000106846 968.426
1.41251 6.05902e-05 1811.99
1.42743 0.00010551 969.341
1.44234 6.01702e-05 1792.19
1.45726 0.000104206 970.35
1.47217 5.97728e-05 1773.29
1.48709 0.000102933 970.995
1.502 5.93963e-05 1754.8
1.51692 0.000101689 971.756
1.53183 5.90389e-05 1737.12
1.54675 0.000100475 972.171
1.56166 5.86991e-05 1719.77
1.57658 9.92886e-05 972.722
1.59149 5.83753e-05 1703.15
1.60641 9.81286e-05 972.941
1.62132 5.80663e-05 1686.8
1.63624 9.69917e-05 973.31
1.65115 5.77705e-05 1671.06
1.66607 9.58759e-05 973.356
1.68098 5.74869e-05 1655.45
1.6959 9.47737e-05 973.556
1.71081 5.72136e-05 1640.26
1.72573 9.36775e-05 973.429
1.74064 5.69491e-05 1624.91
1.75556 9.25697e-05 973.437
1.77047 5.66911e-05 1609.47
1.78539 9.14271e-05 973.081
1.8003 5.64391e-05 1593.07
1.81522 9.02109e-05 972.807
1.83013 5.61982e-05 1575.31
1.84505 8.88781e-05 972.095
1.85996 5.59928e-05 1554.74
1.87487 8.73921e-05 971.399
1.88979 5.58955e-05 1530.41
1.9047 8.57677e-05 970.166
1.91962 5.60744e-05 1500.53
1.93453 8.40886e-05 968.559
1.94945 5.68388e-05 1464.09
1.96436 8.24242e-05 964.793
1.97928 5.8614e-05 1418.52
1.99419 8.0567e-05 957.033
2.00911 6.16356e-05 1358.91
2.02402 7.80428e-05 946.75
2.03894 6.52449e-05 1277.02
2.05385 7.48562e-05 949.02
2.06877 6.80441e-05 1176.01
2.08368 7.1812e-05 976.023
2.0986 6.93448e-05 1069.15
2.11351 6.92267e-05 1023.38
2.12843 6.91562e-05 963.815
2.14334 6.90043e-05 876.801
2.15826 6.86596e-05 783.494
2.17317 6.82747e-05 694.864
2.18809 6.79126e-05 615.636
2.203 6.75858e-05 547.18
2.21792 6.72906e-05 489.266
2.23283 6.70194e-05 440.985
2.24775 6.67658e-05 401.185
2.26266 6.65248e-05 368.679
2.27758 6.62928e-05 342.33
2.29249 6.60675e-05 321.097
2.30741 6.58474e-05 304.055
2.32232 6.56312e-05 290.398
2.33724 6.54185e-05 279.443
2.35215 6.52086e-05 270.623
2.36707 6.50013e-05 263.471
2.38198 6.47964e-05 257.613
2.3969 6.45937e-05 252.753
2.41181 6.43931e-05 248.656
2.42673 6.41945e-05 245.144
2.44164 6.39978e-05 242.077
2.45656 6.3803e-05 239.349
2.47147 6.361e-05 236.88
2.48639 6.34188e-05 234.611
2.5013 6.32294e-05 232.495
2.51622 6.30416e-05 230.499
2.53113 6.28556e-05 228.597
2.54605 6.26711e-05 226.77
2.56096 6.24884e-05 225.004
2.57588 6.23072e-05 223.288
2.59079 6.21275e-05 221.615
2.60571 6.19495e-05 219.979
2.62062 6.17729e-05 218.375
2.63554 6.15979e-05 216.799
2.65045 6.14243e-05 215.25
2.66537 6.12522e-05 213.724
2.68028 6.10815e-05 212.221
2.6952 6.09123e-05 210.74
2.71011 6.07515e-05 209.29
2.72503 6.05674e-05 212.162
2.73994 6.04241e-05 208.563
2.75485 6.02358e-05 211.811
2.76977 6.01043e-05 206.991
2.78468 5.99048e-05 212.76
2.7996 5.97881e-05 206.073
2.81451 5.95824e-05 212.744
2.82943 5.94782e-05 204.711
2.84434 5.92623e-05 213.433
2.85926 5.91725e-05 203.707
2.87417 5.89491e-05 213.595
2.88909 5.88722e-05 202.473
2.904 5.86392e-05 214.139
2.91892 5.85762e-05 201.439
2.93383 5.8335e-05 214.396
2.94875 5.82852e-05 200.29
2.96366 5.80344e-05 214.859
2.97858 5.79984e-05 199.255
2.99349 5.77388e-05 215.163
3.00841 5.77162e-05 198.165
3.02332 5.74471e-05 215.578
3.03824 5.74381e-05 197.143
3.05315 5.71599e-05 215.906
3.06807 5.71644e-05 196.099
3.08298 5.68764e-05 216.293
3.0979 5.68946e-05 195.098
3.11281 5.65972e-05 216.631
3.12773 5.66288e-05 194.092
3.14264 5.63217e-05 216.999
3.15756 5.63669e-05 193.116
3.17247 5.605e-05 217.339
3.18739 5.61089e-05 192.142
3.2023 5.5782e-05 217.695
3.21722 5.58545e-05 191.191
3.23213 5.55176e-05 218.034
3.24705 5.56037e-05 190.247
3.26196 5.52568e-05 218.38
3.27688 5.53565e-05 189.321
3.29179 5.49994e-05 218.715
3.30671 5.51128e-05 188.405
3.32162 5.47453e-05 219.054
3.33654 5.48724e-05 187.504
3.35145 5.44946e-05 219.385
3.36637 5.46353e-05 186.613
3.38128 5.42471e-05 219.717
3.3962 5.44015e-05 185.736
3.41111 5.40027e-05 220.043
3.42603 5.41708e-05 184.87
3.44094 5.37614e-05 220.369
3.45586 5.39432e-05 184.016
3.47077 5.35231e-05 220.69
3.48569 5.37187e-05 183.173
3.5006 5.32878e-05 221.01
3.51552 5.34971e-05 182.341
3.53043 5.30554e-05 221.326
3.54535 5.32785e-05 181.52
3.56026 5.28257e-05 221.641
3.57518 5.30626e-05 180.71
3.59009 5.25989e-05 221.952
3.60501 5.28496e-05 179.91
3.61992 5.23747e-05 222.261
3.63483 5.26393e-05 179.12
3.64975 5.21533e-05 222.568
3.66466 5.24317e-05 178.34
3.67958 5.19344e-05 222.872
3.69449 5.22266e-05 177.57
3.70941 5.1718e-05 223.174
3.72432 5.20242e-05 176.809
3.73924 5.15042e-05 223.473
3.75415 5.18242e-05 176.058
3.76907 5.12928e-05 223.77
3.78398 5.16268e-05 175.316
3.7989 5.10838e-05 224.065
3.81381 5.14317e-05 174.583
3.82873 5.08772e-05 224.357
3.84364 5.1239e-05 173.859
3.85856 5.06728e-05 224.647
3.87347 5.10486e-05 173.143
3.88839 5.04707e-05 224.935
3.9033 5.08606e-05 172.436
3.91822 5.02709e-05 225.221
3.93313 5.06747e-05 171.737
3.94805 5.00732e-05 225.504
3.96296 5.04911e-05 171.047
3.97788 4.98776e-05 225.785
3.99279 5.03096e-05 170.364
4.00771 4.96843e-05 226.065
4.02262 5.01508e-05 169.724
4.03754 4.94591e-05 235.172
4.05245 4.99431e-05 172.261
4.06737 4.93355e-05 220.336
4.08228 4.97793e-05 166.023
4.0972 4.91019e-05 229.213
4.11211 4.96138e-05 168.58
4.12703 4.89192e-05 230.791
4.14194 4.94396e-05 168.402
4.15686 4.87428e-05 229.57
4.17177 4.92631e-05 167.206
4.18669 4.85699e-05 227.328
4.2016 4.90868e-05 165.648
4.21652 4.83994e-05 224.742
4.23143 4.89119e-05 163.975
4.24635 4.82309e-05 222.061
4.26126 4.87385e-05 162.279
4.27618 4.80643e-05 219.378
4.29109 4.85669e-05 160.594
4.30601 4.78995e-05 216.727
4.32092 4.83971e-05 158.93
4.33584 4.77363e-05 214.119
4.35075 4.8229e-05 157.292
4.36567 4.75748e-05 211.558
4.38058 4.80627e-05 155.682
4.3955 4.74238e-05 209.063
4.41041 4.78891e-05 157.645
4.42533 4.72511e-05 210.116
4.44024 4.77407e-05 153.848
4.45516 4.71214e-05 205.508
4.47007 4.75521e-05 160.347
4.48498 4.69297e-05 211.018
4.4999 4.74295e-05 152.904
4.51481 4.682e-05 202.89
4.52973 4.72266e-05 162.074
4.54464 4.66165e-05 210.956
4.55956 4.71227e-05 151.634
4.57447 4.65272e-05 200.005
4.58939 4.69046e-05 164.202
4.6043 4.63086e-05 211.285
4.61922 4.68228e-05 150.531
4.63413 4.62395e-05 197.333
4.64905 4.65893e-05 166.16
4.66396 4.60071e-05 211.448
4.67888 4.65284e-05 149.393
4.69379 4.5958e-05 194.677
4.70871 4.6279e-05 168.184
4.72362 4.57112e-05 211.674
4.73854 4.62398e-05 148.301
4.75345 4.56821e-05 192.113
4.76837 4.59617e-05 170.154
4.78328 4.54595e-05 202.692
4.7982 4.59299e-05 156.64
4.81311 4.53837e-05 198.563
4.82803 4.56851e-05 160.722
4.84294 4.52238e-05 201.602
4.85786 4.56075e-05 156.622
4.87277 4.50733e-05 196.952
4.88769 4.54585e-05 161.538
4.9026 4.4931e-05 200.786
4.91752 4.53262e-05 156.367
4.93243 4.48056e-05 195.231
4.94735 4.51777e-05 162.421
4.96226 4.46638e-05 200.095
4.97718 4.50502e-05 155.986
4.99209 4.45431e-05 193.426
5.00701 4.49014e-05 163.449
5.02192 4.44012e-05 199.552
5.03684 4.47793e-05 155.451
5.05175 4.42859e-05 191.513
5.06667 4.46295e-05 164.657
5.08158 4.4143e-05 199.186
5.0965 4.45134e-05 154.729
5.11141 4.40338e-05 189.464
5.12633 4.43615e-05 166.091
5.14124 4.3889e-05 199.031
5.15616 4.42526e-05 153.78
5.17107 4.37869e-05 187.244
5.18599 4.40905e-05 167.795
5.2009 4.36608e-05 199.171
5.21582 4.3981e-05 152.486
5.23073 4.3529e-05 184.715
5.24565 4.38438e-05 170.03
5.26056 4.34451e-05 191.397
5.27548 4.37006e-05 160.625
5.29039 4.32628e-05 190.652
5.30531 4.36309e-05 161.094
5.32022 4.31994e-05 190.525
5.33514 4.34438e-05 160.569
5.35005 4.30205e-05 189.268
5.36496 4.3389e-05 161.724
5.37988 4.29712e-05 189.781
5.39479 4.31712e-05 160.332
5.40971 4.28416e-05 187.88
5.42462 4.31079e-05 162.307
5.43954 4.27046e-05 188.917
5.45445 4.29861e-05 160.419
5.46937 4.25983e-05 186.65
5.48428 4.28622e-05 162.771
5.4992 4.24735e-05 188.036
5.51411 4.27523e-05 160.447
5.52903 4.23791e-05 185.436
5.54394 4.26189e-05 163.236
5.55886 4.22449e-05 187.17
5.57377 4.25236e-05 160.476
5.58869 4.21657e-05 184.249
5.6036 4.23731e-05 163.676
5.61852 4.20312e-05 186.323
5.63343 4.22916e-05 160.482
5.64835 4.19468e-05 183.043
5.66326 4.21419e-05 164.185
5.67818 4.18267e-05 185.564
5.69309 4.20554e-05 160.378
5.70801 4.17224e-05 181.745
5.72292 4.19281e-05 164.871
5.73784 4.16226e-05 184.962
5.75275 4.18194e-05 160.078
5.76767 4.15043e-05 180.309
5.78258 4.17166e-05 165.77
5.7975 4.14193e-05 184.544
5.81241 4.15876e-05 159.555
5.82733 4.12978e-05 178.727
5.84224 4.15013e-05 166.893
5.85716 4.12115e-05 184.304
5.87207 4.13687e-05 158.835
5.88699 4.11022e-05 177.021
5.9019 4.12775e-05 168.205
5.91682 4.10046e-05 184.22
5.93173 4.11602e-05 157.941
5.94665 4.0908e-05 175.192
5.96156 4.10535e-05 169.734
5.97648 4.08111e-05 184.338
5.99139 4.09456e-05 156.786
6.00631 4.07137e-05 173.166
6.02122 4.08393e-05 171.62
6.03614 4.06212e-05 173.315
6.05105 4.07317e-05 170.856
6.06597 4.05202e-05 173.937
6.08088 4.06327e-05 169.422
6.0958 4.04292e-05 181.864
6.11071 4.05235e-05 157.986
6.12563 4.03342e-05 172.068
6.14054 4.04224e-05 171.11
6.15546 4.02429e-05 172.006
6.17037 4.03134e-05 170.661
6.18529 4.01633e-05 172.201
6.2002 4.01982e-05 169.82
6.21512 4.00794e-05 180.078
6.23003 4.00883e-05 158.32
6.24494 3.99962e-05 170.376
6.25986 3.99891e-05 171.484
6.27477 3.99058e-05 169.499
6.28969 3.98764e-05 178.565
6.3046 3.98322e-05 159.107
6.31952 3.97733e-05 169.775
6.33443 3.97335e-05 177.988
6.34935 3.96899e-05 159.17
6.36426 3.96342e-05 169.08
6.37918 3.95943e-05 176.663
6.39409 3.95497e-05 160.253
6.40901 3.94987e-05 169.204
6.42392 3.9454e-05 175.984
6.43884 3.94121e-05 160.477
6.45375 3.93605e-05 168.644
6.46867 3.93183e-05 174.789
6.48358 3.92757e-05 161.421
6.4985 3.92252e-05 168.658
6.51341 3.91829e-05 174.048
6.52833 3.91402e-05 161.753
6.54324 3.9091e-05 168.195
6.55816 3.90491e-05 172.948
6.57307 3.90068e-05 162.599
6.58799 3.89584e-05 168.137
6.6029 3.89165e-05 172.17
6.61782 3.88742e-05 163.007
6.63273 3.8827e-05 167.742
6.64765 3.87853e-05 171.143
6.66256 3.87433e-05 163.782
6.67748 3.86971e-05 167.634
6.69239 3.86554e-05 170.345
6.70731 3.86171e-05 164.251
6.72222 3.85669e-05 167.292
6.73714 3.85176e-05 169.358
6.75205 3.84863e-05 170.713
6.76697 3.84489e-05 162.825
6.78188 3.84036e-05 165.302
6.7968 3.83549e-05 166.94
6.81171 3.83134e-05 167.949
6.82663 3.8272e-05 168.48
6.84154 3.82306e-05 168.65
6.85646 3.81892e-05 168.549
6.87137 3.8148e-05 168.246
6.88629 3.81068e-05 167.792
6.9012 3.80657e-05 167.228
6.91612 3.80247e-05 166.583
6.93103 3.79838e-05 165.878
6.94595 3.79431e-05 165.131
6.96086 3.79025e-05 164.354
6.97578 3.78619e-05 163.556
6.99069 3.78216e-05 162.745
7.00561 3.77813e-05 161.925
7.02052 3.77411e-05 161.101
7.03544 3.77011e-05 160.274
7.05035 3.76612e-05 159.448
7.06527 3.76215e-05 158.624
7.08018 3.75818e-05 157.802
7.0951 3.75423e-05 156.985
7.11001 3.75029e-05 156.172
7.12492 3.74636e-05 155.364
7.13984 3.74245e-05 154.562
7.15475 3.73855e-05 153.765
7.16967 3.73466e-05 152.973
7.18458 3.73078e-05 152.188
7.1995 3.72691e-05 151.408
7.21441 3.72306e-05 150.635
7.22933 3.71921e-05 149.867
7.24424 3.71538e-05 149.106
7.25916 3.71156e-05 148.35
7.27407 3.70776e-05 147.601
7.28899 3.70396e-05 146.858
7.3039 3.70018e-05 146.121
7.31882 3.69641e-05 145.39
7.33373 3.69265e-05 144.665
7.34865 3.6889e-05 143.946
7.36356 3.68516e-05 143.233
7.37848 3.68143e-05 142.527
7.39339 3.67772e-05 141.826
7.40831 3.67401e-05 141.132
7.42322 3.67032e-05 140.443
7.43814 3.66664e-05 139.761
7.45305 3.66297e-05 139.085
7.46797 3.65931e-05 138.415
7.48288 3.65566e-05 137.751
7.4978 3.65202e-05 137.093
7.51271 3.6484e-05 136.442
7.52763 3.64478e-05 135.797
7.54254 3.64117e-05 135.158
7.55746 3.63758e-05 134.526
7.57237 3.634e-05 133.9
7.58729 3.63042e-05 133.281
7.6022 3.62686e-05 132.668
7.61712 3.62331e-05 132.062
7.63203 3.61976e-05 131.463
7.64695 3.61623e-05 130.87
7.66186 3.61271e-05 130.284
7.67678 3.6092e-05 129.706
7.69169 3.6057e-05 129.134
7.70661 3.60221e-05 128.57
7.72152 3.59873e-05 128.013
7.73644 3.59526e-05 127.464
7.75135 3.5918e-05 126.922
7.76627 3.58835e-05 126.388
7.78118 3.58491e-05 125.862
7.7961 3.58148e-05 125.345
7.81101 3.57806e-05 124.836
7.82593 3.57464e-05 124.335
7.84084 3.57124e-05 123.843
7.85576 3.56785e-05 123.361
7.87067 3.56447e-05 122.887
7.88559 3.5611e-05 122.424
7.9005 3.55774e-05 121.97
7.91542 3.55438e-05 121.526
7.93033 3.55104e-05 121.093
7.94525 3.54771e-05 120.671
7.96016 3.54438e-05 120.26
7.97508 3.54107e-05 119.861
7.98999 3.53776e-05 119.474
8.0049 3.53446e-05 119.1
8.01982 3.53118e-05 118.738
8.03473 3.5279e-05 118.39
8.04965 3.52463e-05 118.057
8.06456 3.52137e-05 117.737
8.07948 3.51812e-05 117.434
8.09439 3.51488e-05 117.146
8.10931 3.51164e-05 116.874
8.12422 3.50842e-05 116.62
8.13914 3.50521e-05 116.384
8.15405 3.502e-05 116.167
8.16897 3.4988e-05 115.969
8.18388 3.49561e-05 115.792
8.1988 3.49243e-05 115.637
8.21371 3.48926e-05 115.504
8.22863 3.4861e-05 115.395
8.24354 3.48295e-05 115.311
8.25846 3.47981e-05 115.252
8.27337 3.47667e-05 115.221
8.28829 3.47354e-05 115.219
8.3032 3.47042e-05 115.246
8.31812 3.46731e-05 115.305
8.33303 3.46421e-05 115.398
8.34795 3.46112e-05 115.524
8.36286 3.45804e-05 115.688
8.37778 3.45496e-05 115.89
8.39269 3.45189e-05 116.132
8.40761 3.44884e-05 116.417
8.42252 3.44579e-05 116.746
8.43744 3.44275e-05 117.123
8.45235 3.43971e-05 117.548
8.46727 3.43669e-05 118.027
8.48218 3.43367e-05 118.56
8.4971 3.43067e-05 119.15
8.51201 3.42767e-05 119.802
8.52693 3.42468e-05 120.517
8.54184 3.4217e-05 121.301
8.55676 3.41872e-05 122.155
8.57167 3.41576e-05 123.084
8.58659 3.41281e-05 124.093
8.6015 3.40986e-05 125.185
8.61642 3.40692e-05 126.364
8.63133 3.40399e-05 127.636
8.64625 3.40108e-05 129.006
8.66116 3.39817e-05 130.478
8.67608 3.39527e-05 132.059
8.69099 3.39238e-05 133.755
8.70591 3.3895e-05 135.571
8.72082 3.38663e-05 137.514
8.73574 3.38377e-05 139.591
8.75065 3.38092e-05 141.81
8.76557 3.37808e-05 144.178
8.78048 3.37526e-05 146.703
8.7954 3.37244e-05 149.394
8.81031 3.36964e-05 152.26
8.82523 3.36685e-05 155.31
8.84014 3.36408e-05 158.555
8.85506 3.36131e-05 162.006
8.86997 3.35855e-05 165.672
8.88488 3.35511e-05 169.548
8.8998 3.33711e-05 173.276
8.91471 3.3695e-05 163.67
8.92963 3.3365e-05 171.256
8.94454 3.35642e-05 168.796
8.95946 3.31152e-05 177.359
8.97437 3.37451e-05 163.206
8.98929 3.31142e-05 175.806
9.0042 3.36064e-05 167.833
9.01912 3.28067e-05 181.803
9.03403 3.38539e-05 163.05
9.04895 3.28067e-05 181.137
9.06386 3.37118e-05 166.634
9.07878 3.24337e-05 186.52
9.09369 3.40342e-05 163.331
9.10861 3.24239e-05 187.31
9.12352 3.38997e-05 165.201
9.13844 3.19854e-05 191.423
9.15335 3.42961e-05 164.15
9.16827 3.19444e-05 194.346
9.18318 3.41916e-05 163.602
9.1981 3.14564e-05 196.471
9.21301 3.4643e-05 165.515
9.22793 3.13469e-05 202.161
9.24284 3.46086e-05 162.016
9.25776 3.08605e-05 201.777
9.27267 3.50543e-05 167.179
9.28759 3.05968e-05 210.344
9.3025 3.52203e-05 159.369
9.31742 3.02655e-05 206.438
9.33233 3.5454e-05 170.01
9.34725 2.99345e-05 211.251
9.36216 3.55928e-05 168.061
9.37708 2.97398e-05 222.954
9.39199 3.53368e-05 176.031
9.40691 3.00986e-05 210.567
9.42182 3.51961e-05 174.76
9.43674 3.00656e-05 217.763
9.45165 3.49536e-05 181.257
9.46657 3.02578e-05 211.682
9.48148 3.47008e-05 182.256
9.4964 3.04252e-05 215.478
9.51131 3.44487e-05 187.495
9.52623 3.05757e-05 211.861
9.54114 3.41407e-05 189.397
9.55606 3.08177e-05 214.379
9.57097 3.38622e-05 194.114
9.58589 3.09839e-05 211.939
9.6008 3.35356e-05 196.461
9.61572 3.12369e-05 213.764
9.63063 3.32364e-05 200.841
9.64555 3.14265e-05 212.091
9.66046 3.29112e-05 203.481
9.67538 3.16608e-05 213.358
9.69029 3.25986e-05 207.523
9.70521 3.18491e-05 212.262
9.72012 3.22941e-05 210.391
9.73504 3.2316e-05 211.702
9.74995 3.22495e-05 214.306
9.76486 3.21839e-05 217.564
9.77978 3.21323e-05 221.2
9.79469 3.20915e-05 225.067
9.80961 3.20573e-05 229.073
9.82452 3.20267e-05 233.16
9.83944 3.1998e-05 237.29
9.85435 3.19702e-05 241.44
9.86927 3.19427e-05 245.59
9.88418 3.19151e-05 249.727
9.8991 3.18871e-05 253.842
9.91401 3.18588e-05 257.926
9.92893 3.18301e-05 261.971
9.94384 3.18009e-05 265.971
9.95876 3.17712e-05 269.919
9.97367 3.17411e-05 273.811
9.98859 3.17105e-05 277.639
10.0035 3.16797e-05 281.401
10.0184 3.16485e-05 285.09
10.0333 3.16171e-05 288.704
10.0482 3.15856e-05 292.236
10.0632 3.15539e-05 295.685
10.0781 3.15222e-05 299.047
10.093 3.14906e-05 302.319
10.1079 3.1459e-05 305.498
10.1228 3.14276e-05 308.582
10.1377 3.13964e-05 311.569
10.1527 3.13655e-05 314.459
10.1676 3.1335e-05 317.25
10.1825 3.13048e-05 319.94
10.1974 3.1275e-05 322.53
10.2123 3.12457e-05 325.02
10.2272 3.12169e-05 327.409
10.2421 3.11886e-05 329.698
10.2571 3.11608e-05 331.888
10.272 3.11335e-05 333.979
10.2869 3.11068e-05 335.973
10.3018 3.10806e-05 337.87
10.3167 3.10549e-05 339.672
10.3316 3.10297e-05 341.382
10.3465 3.10051e-05 342.999
10.3615 3.09809e-05 344.528
10.3764 3.09573e-05 345.968
10.3913 3.0934e-05 347.323
10.4062 3.09112e-05 348.595
10.4211 3.08888e-05 349.786
10.436 3.08668e-05 350.897
10.451 3.08452e-05 351.933
10.4659 3.08238e-05 352.894
10.4808 3.08028e-05 353.783
10.4957 3.0782e-05 354.603
10.5106 3.07615e-05 355.355
10.5255 3.07412e-05 356.043
10.5404 3.07211e-05 356.669
10.5554 3.07012e-05 357.235
10.5703 3.06815e-05 357.743
10.5852 3.06619e-05 358.197
10.6001 3.06424e-05 358.597
10.615 3.0623e-05 358.946
10.6299 3.06037e-05 359.247
10.6448 3.05845e-05 359.501
10.6598 3.05653e-05 359.71
10.6747 3.05462e-05 359.878
10.6896 3.05271e-05 360.005
10.7045 3.05081e-05 360.093
10.7194 3.0489e-05 360.145
10.7343 3.047e-05 360.161
10.7492 3.0451e-05 360.145
10.7642 3.0432e-05 360.097
10.7791 3.0413e-05 360.019
10.794 3.03939e-05 359.913
10.8089 3.03749e-05 359.78
10.8238 3.03558e-05 359.622
10.8387 3.03367e-05 359.439
10.8537 3.03177e-05 359.234
10.8686 3.02985e-05 359.007
10.8835 3.02794e-05 358.76
10.8984 3.02603e-05 358.494
10.9133 3.02411e-05 358.209
10.9282 3.02219e-05 357.908
10.9431 3.02027e-05 357.591
10.9581 3.01835e-05 357.258
10.973 3.01642e-05 356.912
10.9879 3.0145e-05 356.552
11.0028 3.01257e-05 356.18
11.0177 3.01064e-05 355.796
11.0326 3.00871e-05 355.401
11.0475 3.00678e-05 354.995
11.0625 3.00485e-05 354.58
11.0774 3.00292e-05 354.156
11.0923 3.00099e-05 353.724
11.1072 2.99905e-05 353.284
11.1221 2.99712e-05 352.837
11.137 2.99519e-05 352.382
11.152 2.99326e-05 351.922
11.1669 2.99132e-05 351.456
11.1818 2.98939e-05 350.984
11.1967 2.98746e-05 350.507
11.2116 2.98553e-05 350.026
11.2265 2.9836e-05 349.54
11.2414 2.98167e-05 349.05
11.2564 2.97975e-05 348.557
11.2713 2.97782e-05 348.06
11.2862 2.9759e-05 347.56
11.3011 2.97397e-05 347.058
11.316 2.97205e-05 346.553
11.3309 2.97013e-05 346.046
11.3458 2.96821e-05 345.536
11.3608 2.9663e-05 345.025
11.3757 2.96438e-05 344.513
11.3906 2.96247e-05 343.998
11.4055 2.96056e-05 343.483
11.4204 2.95865e-05 342.966
11.4353 2.95675e-05 342.448
11.4503 2.95485e-05 341.93
11.4652 2.95295e-05 341.411
11.4801 2.95105e-05 340.891
11.495 2.94915e-05 340.371
11.5099 2.94726e-05 339.851
11.5248 2.94537e-05 339.33
11.5397 2.94348e-05 338.809
11.5547 2.9416e-05 338.288
11.5696 2.93971e-05 337.768
11.5845 2.93784e-05 337.247
11.5994 2.93596e-05 336.727
11.6143 2.93409e-05 336.207
11.6292 2.93221e-05 335.687
11.6441 2.93035e-05 335.168
11.6591 2.92848e-05 334.649
11.674 2.92662e-05 334.131
11.6889 2.92476e-05 333.613
11.7038 2.92291e-05 333.097
11.7187 2.92105e-05 332.58
11.7336 2.91921e-05 332.065
11.7485 2.91736e-05 331.55
11.7635 2.91552e-05 331.036
11.7784 2.91368e-05 330.523
11.7933 2.91184e-05 330.011
11.8082 2.91e-05 329.5
11.8231 2.90817e-05 328.99
11.838 2.90635e-05 328.48
11.853 2.90452e-05 327.972
11.8679 2.9027e-05 327.465
11.8828 2.90088e-05 326.959
11.8977 2.89907e-05 326.453
11.9126 2.89726e-05 325.949
11.9275 2.89545e-05 325.446
11.9424 2.89364e-05 324.944
11.9574 2.89184e-05 324.443
11.9723 2.89004e-05 323.944
11.9872 2.88825e-05 323.445
12.0021 2.88645e-05 322.948
12.017 2.88466e-05 322.452
12.0319 2.88288e-05 321.956
12.0468 2.8811e-05 321.463
12.0618 2.87932e-05 320.97
12.0767 2.87754e-05 320.478
12.0916 2.87577e-05 319.988
12.1065 2.874e-05 319.499
12.1214 2.87223e-05 319.011
12.1363 2.87046e-05 318.524
12.1513 2.8687e-05 318.039
12.1662 2.86695e-05 317.554
12.1811 2.86519e-05 317.071
12.196 2.86344e-05 316.59
12.2109 2.86169e-05 316.109
12.2258 2.85995e-05 315.63
12.2407 2.8582e-05 315.151
12.2557 2.85647e-05 314.674
12.2706 2.85473e-05 314.199
12.2855 2.853e-05 313.724
12.3004 2.85127e-05 313.251
12.3153 2.84954e-05 312.779
12.3302 2.84782e-05 312.308
12.3451 2.8461e-05 311.839
12.3601 2.84438e-05 311.37
12.375 2.84267e-05 310.903
12.3899 2.84096e-05 310.437
12.4048 2.83925e-05 309.972
12.4197 2.83754e-05 309.509
12.4346 2.83584e-05 309.047
12.4495 2.83414e-05 308.586
12.4645 2.83245e-05 308.126
12.4794 2.83075e-05 307.667
12.4943 2.82907e-05 307.21
12.5092 2.82738e-05 306.753
12.5241 2.82569e-05 306.298
12.539 2.82401e-05 305.844
12.554 2.82234e-05 305.392
12.5689 2.82066e-05 304.94
12.5838 2.81899e-05 304.49
12.5987 2.81732e-05 304.041
12.6136 2.81565e-05 303.593
12.6285 2.81399e-05 303.146
12.6434 2.81233e-05 302.701
12.6584 2.81067e-05 302.256
12.6733 2.80902e-05 301.813
12.6882 2.80737e-05 301.371
12.7031 2.80572e-05 300.93
12.718 2.80408e-05 300.49
12.7329 2.80243e-05 300.051
12.7478 2.80079e-05 299.614
12.7628 2.79916e-05 299.177
12.7777 2.79752e-05 298.742
12.7926 2.79589e-05 298.308
12.8075 2.79426e-05 297.875
12.8224 2.79264e-05 297.443
12.8373 2.79101e-05 297.013
12.8523 2.78939e-05 296.583
12.8672 2.78778e-05 296.155
12.8821 2.78616e-05 295.727
12.897 2.78455e-05 295.301
12.9119 2.78294e-05 294.876
12.9268 2.78134e-05 294.452
12.9417 2.77973e-05 294.029
12.9567 2.77813e-05 293.607
12.9716 2.77654e-05 293.186
12.9865 2.77494e-05 292.767
13.0014 2.77335e-05 292.348
13.0163 2.77176e-05 291.931
13.0312 2.77017e-05 291.514
13.0461 2.76859e-05 291.099
13.0611 2.76701e-05 290.684
13.076 2.76543e-05 290.271
13.0909 2.76385e-05 289.859
13.1058 2.76228e-05 289.448
13.1207 2.76071e-05 289.038
13.1356 2.75914e-05 288.629
13.1506 2.75758e-05 288.221
13.1655 2.75602e-05 287.814
13.1804 2.75446e-05 287.408
13.1953 2.7529e-05 287.003
13.2102 2.75134e-05 286.599
13.2251 2.74979e-05 286.196
13.24 2.74824e-05 285.795
13.255 2.7467e-05 285.394
13.2699 2.74515e-05 284.994
13.2848 2.74361e-05 284.595
13.2997 2.74207e-05 284.198
13.3146 2.74054e-05 283.801
13.3295 2.739e-05 283.405
13.3444 2.73747e-05 283.01
13.3594 2.73594e-05 282.617
13.3743 2.73442e-05 282.224
13.3892 2.73289e-05 281.832
13.4041 2.73137e-05 281.441
13.419 2.72985e-05 281.052
13.4339 2.72834e-05 280.663
13.4488 2.72682e-05 280.275
13.4638 2.72531e-05 279.888
13.4787 2.72381e-05 279.502
13.4936 2.7223e-05 279.117
13.5085 2.7208e-05 278.733
13.5234 2.7193e-05 278.35
13.5383 2.7178e-05 277.968
13.5533 2.7163e-05 277.587
13.5682 2.71481e-05 277.207
13.5831 2.71332e-05 276.827
13.598 2.71183e-05 276.449
13.6129 2.71034e-05 276.072
13.6278 2.70886e-05 275.695
13.6427 2.70738e-05 275.32
13.6577 2.7059e-05 274.945
13.6726 2.70442e-05 274.571
13.6875 2.70295e-05 274.199
13.7024 2.70148e-05 273.827
13.7173 2.70001e-05 273.456
13.7322 2.69854e-05 273.086
13.7471 2.69708e-05 272.717
13.7621 2.69562e-05 272.348
13.777 2.69416e-05 271.981
13.7919 2.6927e-05 271.615
13.8068 2.69124e-05 271.249
13.8217 2.68979e-05 270.885
13.8366 2.68834e-05 270.521
13.8516 2.68689e-05 270.158
13.8665 2.68545e-05 269.796
13.8814 2.68401e-05 269.435
13.8963 2.68257e-05 269.075
13.9112 2.68113e-05 268.715
13.9261 2.67969e-05 268.357
13.941 2.67826e-05 267.999
13.956 2.67683e-05 267.642
13.9709 2.6754e-05 267.286
13.9858 2.67397e-05 266.931
14.0007 2.67254e-05 266.577
14.0156 2.67112e-05 266.224
14.0305 2.6697e-05 265.871
14.0454 2.66828e-05 265.52
14.0604 2.66687e-05 265.169
14.0753 2.66545e-05 264.819
14.0902 2.66404e-05 264.47
14.1051 2.66263e-05 264.121
14.12 2.66123e-05 263.774
14.1349 2.65982e-05 263.427
14.1498 2.65842e-05 263.081
14.1648 2.65702e-05 262.736
14.1797 2.65562e-05 262.392
14.1946 2.65423e-05 262.049
14.2095 2.65284e-05 261.706
14.2244 2.65144e-05 261.364
14.2393 2.65005e-05 261.024
14.2543 2.64867e-05 260.683
14.2692 2.64728e-05 260.344
14.2841 2.6459e-05 260.006
14.299 2.64452e-05 259.668
14.3139 2.64314e-05 259.331
14.3288 2.64177e-05 258.995
14.3437 2.64039e-05 258.659
14.3587 2.63902e-05 258.325
14.3736 2.63765e-05 257.991
14.3885 2.63628e-05 257.658
14.4034 2.63492e-05 257.326
14.4183 2.63356e-05 256.994
14.4332 2.63219e-05 256.663
14.4481 2.63084e-05 256.334
14.4631 2.62948e-05 256.004
14.478 2.62812e-05 255.676
14.4929 2.62677e-05 255.348
14.5078 2.62542e-05 255.022
14.5227 2.62407e-05 254.695
14.5376 2.62273e-05 254.37
14.5526 2.62138e-05 254.045
14.5675 2.62004e-05 253.722
14.5824 2.6187e-05 253.399
14.5973 2.61736e-05 253.076
14.6122 2.61602e-05 252.755
14.6271 2.61469e-05 252.434
14.642 2.61336e-05 252.114
14.657 2.61203e-05 251.794
14.6719 2.6107e-05 251.475
14.6868 2.60937e-05 251.157
14.7017 2.60805e-05 250.84
14.7166 2.60673e-05 250.524
14.7315 2.60541e-05 250.208
14.7464 2.60409e-05 249.893
14.7614 2.60278e-05 249.579
14.7763 2.60148e-05 249.266
14.7912 2.60018e-05 248.954
14.8061 2.59889e-05 248.643
14.821 2.59762e-05 248.334
14.8359 2.59637e-05 248.027
14.8509 2.59516e-05 247.723
14.8658 2.59398e-05 247.423
14.8807 2.59286e-05 247.128
14.8956 2.59181e-05 246.837
14.9105 2.59082e-05 246.554
14.9254 2.5899e-05 246.277
14.9403 2.58906e-05 246.007
14.9553 2.58828e-05 245.743
14.9702 2.58755e-05 245.486
14.9851 2.58685e-05 245.234
15 2.58617e-05 244.984
