0.1 0.00038055 13049
0.114915 0.000189823 40183.4
0.12983 0.000287614 28175.9
0.144745 0.000257268 28228.9
0.15966 0.000251599 25560.3
0.174575 0.00023928 24034.7
0.189489 0.000230093 22508.9
0.204404 0.000221368 21247.2
0.219319 0.000213736 20124.4
0.234234 0.00020679 19134.3
0.249149 0.000200496 18250.3
0.264064 0.00019474 17456.1
0.278979 0.000189454 16738.1
0.293894 0.000184576 16085.5
0.308809 0.000180057 15489.3
0.323724 0.000175854 14942.3
0.338639 0.000171932 14438.3
0.353554 0.000168262 13972.2
0.368468 0.000164817 13539.9
0.383383 0.000161576 13137.5
0.398298 0.000158518 12761.9
0.413213 0.000155624 12410.3
0.428128 0.000152871 12079.9
0.443043 0.000150214 11767
0.457958 0.000147541 11465.1
0.472873 0.000144552 11158.7
0.487788 0.000140477 10810.6
0.502703 0.000133545 10335.9
0.517618 0.000120249 9560.35
0.532533 0.000111697 6922.02
0.547447 0.000121192 2983.74
0.562362 0.00017877 1008.58
0.577277 0.000126278 3768.63
0.592192 0.000156406 980.753
0.607107 0.00011152 3424.58
0.622022 0.000145107 906.666
0.636937 0.000107617 3175.49
0.651852 0.000140828 870.785
0.666767 0.000104635 3015.24
0.681682 0.000137846 849.8
0.696597 0.000101826 2889.7
0.711512 0.000135324 821.967
0.726426 9.92716e-05 2761.37
0.741341 0.00013294 820.73
0.756256 9.69003e-05 2684.6
0.771171 0.000130674 817.842
0.786086 9.46563e-05 2609.84
0.801001 0.000128514 819.112
0.815916 9.25788e-05 2546.63
0.830831 0.000126476 820.33
0.845746 9.05931e-05 2486.77
0.860661 0.000124565 823.481
0.875576 8.88077e-05 2434.52
0.89049 0.00012273 825.81
0.905405 8.7035e-05 2382.88
0.92032 0.000121006 830.311
0.935235 8.52471e-05 2335.64
0.95015 0.00011941 834.835
0.965065 8.35394e-05 2290.8
0.97998 0.000117907 840.029
0.994895 8.1914e-05 2249.17
1.00981 0.000116471 845.047
1.02472 8.03702e-05 2209.45
1.03964 0.000115089 850.416
1.05455 7.89001e-05 2172.15
1.06947 0.000113756 855.611
1.08438 7.75044e-05 2136.52
1.0993 0.000112466 860.956
1.11421 7.61772e-05 2102.82
1.12913 0.000111216 866.116
1.14404 7.49175e-05 2070.57
1.15896 0.00011 871.307
1.17387 7.37205e-05 2039.92
1.18879 0.000108817 876.301
1.2037 7.25846e-05 2010.52
1.21862 0.000107662 881.252
1.23353 7.15059e-05 1982.48
1.24845 0.000106535 885.995
1.26336 7.04823e-05 1955.54
1.27828 0.000105432 890.647
1.29319 6.95106e-05 1929.77
1.30811 0.000104352 895.086
1.32302 6.85886e-05 1904.97
1.33794 0.000103292 899.404
1.35285 6.77133e-05 1881.18
1.36777 0.000102253 903.509
1.38268 6.68828e-05 1858.25
1.3976 0.000101233 907.473
1.41251 6.60944e-05 1836.21
1.42743 0.00010023 911.229
1.44234 6.53461e-05 1814.94
1.45726 9.92441e-05 914.832
1.47217 6.46356e-05 1794.45
1.48709 9.82744e-05 918.234
1.502 6.39611e-05 1774.65
1.51692 9.73195e-05 921.479
1.53183 6.33204e-05 1755.54
1.54675 9.63794e-05 924.53
1.56166 6.2712e-05 1737.04
1.57658 9.54525e-05 927.421
1.59149 6.21341e-05 1719.15
1.60641 9.45379e-05 930.125
1.62132 6.15853e-05 1701.79
1.63624 9.36333e-05 932.663
1.65115 6.10644e-05 1684.92
1.66607 9.27357e-05 935.008
1.68098 6.05705e-05 1668.47
1.6959 9.18393e-05 937.162
1.71081 6.01036e-05 1652.33
1.72573 9.09351e-05 939.082
1.74064 5.96643e-05 1636.34
1.75556 9.00063e-05 940.726
1.77047 5.92556e-05 1620.22
1.78539 8.90268e-05 941.992
1.8003 5.88848e-05 1603.53
1.81522 8.79547e-05 942.729
1.83013 5.85707e-05 1585.59
1.84505 8.67337e-05 942.682
1.85996 5.83581e-05 1565.39
1.87487 8.53004e-05 941.466
1.88979 5.83504e-05 1541.68
1.9047 8.36126e-05 938.469
1.91962 5.87561e-05 1512.96
1.93453 8.16703e-05 932.753
1.94945 5.99124e-05 1477.27
1.96436 7.9497e-05 923.389
1.97928 6.21343e-05 1430.67
1.99419 7.71149e-05 912.227
2.00911 6.51912e-05 1365.68
2.02402 7.46767e-05 909.219
2.03894 6.7939e-05 1277.61
2.05385 7.24896e-05 927.715
2.06877 6.93594e-05 1174.1
2.08368 7.07466e-05 969.541
2.0986 6.95571e-05 1067.25
2.11351 6.90813e-05 1025.74
2.12843 6.90528e-05 964.202
2.14334 6.88869e-05 876.23
2.15826 6.85581e-05 782.66
2.17317 6.81986e-05 694.107
2.18809 6.7859e-05 615.058
2.203 6.75492e-05 546.775
2.21792 6.72658e-05 488.995
2.23283 6.70027e-05 440.808
2.24775 6.67545e-05 401.071
2.26266 6.65171e-05 368.606
2.27758 6.62875e-05 342.282
2.29249 6.60638e-05 321.066
2.30741 6.58447e-05 304.034
2.32232 6.56294e-05 290.384
2.33724 6.54171e-05 279.434
2.35215 6.52076e-05 270.616
2.36707 6.50006e-05 263.467
2.38198 6.47959e-05 257.61
2.3969 6.45933e-05 252.75
2.41181 6.43928e-05 248.655
2.42673 6.41943e-05 245.143
2.44164 6.39977e-05 242.076
2.45656 6.38029e-05 239.348
2.47147 6.36099e-05 236.88
2.48639 6.34188e-05 234.611
2.5013 6.32293e-05 232.495
2.51622 6.30416e-05 230.498
2.53113 6.28555e-05 228.596
2.54605 6.26711e-05 226.769
2.56096 6.24883e-05 225.004
2.57588 6.23071e-05 223.288
2.59079 6.21275e-05 221.615
2.60571 6.19495e-05 219.979
2.62062 6.17729e-05 218.375
2.63554 6.15979e-05 216.799
2.65045 6.14243e-05 215.25
2.66537 6.12522e-05 213.724
2.68028 6.10815e-05 212.221
2.6952 6.09123e-05 210.74
2.71011 6.07503e-05 209.288
2.72503 6.05692e-05 212.169
2.73994 6.04222e-05 208.563
2.75485 6.02381e-05 211.815
2.76977 6.01013e-05 206.988
2.78468 5.99083e-05 212.771
2.7996 5.97843e-05 206.071
2.81451 5.95866e-05 212.753
2.82943 5.94734e-05 204.707
2.84434 5.92676e-05 213.448
2.85926 5.91668e-05 203.704
2.87417 5.89552e-05 213.61
2.88909 5.88656e-05 202.469
2.904 5.86463e-05 214.159
2.91892 5.85687e-05 201.436
2.93383 5.8343e-05 214.416
2.94875 5.82767e-05 200.285
2.96366 5.80434e-05 214.883
2.97858 5.79889e-05 199.25
2.99349 5.77488e-05 215.189
3.00841 5.77058e-05 198.159
3.02332 5.7458e-05 215.608
3.03824 5.74268e-05 197.137
3.05315 5.71717e-05 215.938
3.06807 5.7152e-05 196.093
3.08298 5.68893e-05 216.328
3.0979 5.68813e-05 195.092
3.11281 5.6611e-05 216.669
3.12773 5.66145e-05 194.085
3.14264 5.63364e-05 217.04
3.15756 5.63517e-05 193.108
3.17247 5.60658e-05 217.383
3.18739 5.60926e-05 192.134
3.2023 5.57987e-05 217.742
3.21722 5.58372e-05 191.182
3.23213 5.55354e-05 218.084
3.24705 5.55855e-05 190.238
3.26196 5.52755e-05 218.433
3.27688 5.53373e-05 189.312
3.29179 5.50191e-05 218.772
3.30671 5.50925e-05 188.395
3.32162 5.47661e-05 219.113
3.33654 5.48511e-05 187.493
3.35145 5.45163e-05 219.448
3.36637 5.46131e-05 186.602
3.38128 5.42698e-05 219.783
3.3962 5.43782e-05 185.724
3.41111 5.40265e-05 220.112
3.42603 5.41465e-05 184.858
3.44094 5.37862e-05 220.441
3.45586 5.3918e-05 184.003
3.47077 5.35489e-05 220.766
3.48569 5.36924e-05 183.16
3.5006 5.33146e-05 221.089
3.51552 5.34698e-05 182.327
3.53043 5.30832e-05 221.409
3.54535 5.32501e-05 181.506
3.56026 5.28546e-05 221.727
3.57518 5.30332e-05 180.695
3.59009 5.26288e-05 222.042
3.60501 5.28192e-05 179.894
3.61992 5.24057e-05 222.355
3.63483 5.26078e-05 179.104
3.64975 5.21853e-05 222.665
3.66466 5.23991e-05 178.324
3.67958 5.19674e-05 222.973
3.69449 5.21931e-05 177.553
3.70941 5.17521e-05 223.279
3.72432 5.19896e-05 176.792
3.73924 5.15393e-05 223.582
3.75415 5.17886e-05 176.04
3.76907 5.1329e-05 223.883
3.78398 5.159e-05 175.298
3.7989 5.1121e-05 224.181
3.81381 5.13939e-05 174.564
3.82873 5.09155e-05 224.478
3.84364 5.12002e-05 173.84
3.85856 5.07122e-05 224.772
3.87347 5.10087e-05 173.123
3.88839 5.05112e-05 225.064
3.9033 5.08196e-05 172.416
3.91822 5.03124e-05 225.353
3.93313 5.06327e-05 171.717
3.94805 5.01158e-05 225.641
3.96296 5.0448e-05 171.025
3.97788 4.99213e-05 225.926
3.99279 5.02654e-05 170.342
4.00771 4.9729e-05 226.21
4.02262 5.0102e-05 169.696
4.03754 4.95106e-05 235.265
4.05245 4.98984e-05 172.218
4.06737 4.93769e-05 220.51
4.08228 4.97315e-05 166.009
4.0972 4.91524e-05 229.316
4.11211 4.95636e-05 168.533
4.12703 4.89703e-05 230.863
4.14194 4.93888e-05 168.342
4.15686 4.87938e-05 229.628
4.17177 4.92123e-05 167.141
4.18669 4.86205e-05 227.381
4.2016 4.90364e-05 165.582
4.21652 4.84496e-05 224.791
4.23143 4.88619e-05 163.91
4.24635 4.82807e-05 222.109
4.26126 4.86891e-05 162.215
4.27618 4.81136e-05 219.425
4.29109 4.8518e-05 160.53
4.30601 4.79482e-05 216.773
4.32092 4.83486e-05 158.867
4.33584 4.77846e-05 214.164
4.35075 4.8181e-05 157.231
4.36567 4.76226e-05 211.602
4.38058 4.80152e-05 155.621
4.3955 4.74695e-05 209.103
4.41041 4.78436e-05 157.526
4.42533 4.72989e-05 210.103
4.44024 4.76931e-05 153.766
4.45516 4.71641e-05 205.52
4.47007 4.75097e-05 160.262
4.48498 4.69782e-05 211.043
4.4999 4.73811e-05 152.836
4.51481 4.68606e-05 202.91
4.52973 4.71864e-05 161.982
4.54464 4.66653e-05 210.977
4.55956 4.70739e-05 151.564
4.57447 4.65652e-05 200.016
4.58939 4.6867e-05 164.122
4.6043 4.63579e-05 211.32
4.61922 4.67734e-05 150.465
4.63413 4.62751e-05 197.344
4.64905 4.65542e-05 166.084
4.66396 4.60568e-05 211.49
4.67888 4.64785e-05 149.328
4.69379 4.59912e-05 194.684
4.70871 4.62466e-05 168.116
4.72362 4.57613e-05 211.726
4.73854 4.61893e-05 148.238
4.75345 4.57128e-05 192.117
4.76837 4.59362e-05 170.101
4.78328 4.54966e-05 202.868
4.7982 4.58881e-05 156.366
4.81311 4.54217e-05 198.386
4.82803 4.56474e-05 160.87
4.84294 4.52653e-05 201.833
4.85786 4.55664e-05 156.283
4.87277 4.51096e-05 196.711
4.88769 4.54227e-05 161.769
4.9026 4.49718e-05 201.092
4.91752 4.52855e-05 155.942
4.93243 4.48402e-05 194.908
4.94735 4.51436e-05 162.762
4.96226 4.47042e-05 200.5
4.97718 4.50098e-05 155.446
4.99209 4.45759e-05 192.995
5.00701 4.48692e-05 163.935
5.02192 4.44413e-05 200.088
5.03684 4.4739e-05 154.76
5.05175 4.43167e-05 190.942
5.06667 4.45993e-05 165.337
5.08158 4.41831e-05 199.893
5.0965 4.44731e-05 153.842
5.11141 4.40624e-05 188.711
5.12633 4.43337e-05 167.03
5.14124 4.39294e-05 199.966
5.15616 4.42119e-05 152.638
5.17107 4.38129e-05 186.257
5.18599 4.40653e-05 169.079
5.2009 4.37019e-05 200.407
5.21582 4.39394e-05 151.013
5.23073 4.35519e-05 183.426
5.24565 4.38278e-05 171.79
5.26056 4.34691e-05 188.52
5.27548 4.36707e-05 164.248
5.29039 4.32956e-05 193.939
5.30531 4.35983e-05 156.973
5.32022 4.32285e-05 186.924
5.33514 4.34151e-05 165.162
5.35005 4.30523e-05 193.381
5.36496 4.33574e-05 156.553
5.37988 4.29991e-05 185.276
5.39479 4.31434e-05 166.143
5.40971 4.28731e-05 193.031
5.42462 4.30769e-05 155.821
5.43954 4.27307e-05 183.287
5.45445 4.29603e-05 167.793
5.46937 4.2629e-05 193.114
5.48428 4.28317e-05 154.641
5.4992 4.24978e-05 181.005
5.51411 4.27283e-05 169.811
5.52903 4.24095e-05 193.557
5.54394 4.25887e-05 153.05
5.55886 4.22671e-05 178.395
5.57377 4.25031e-05 172.386
5.58869 4.21926e-05 180.616
5.6036 4.23448e-05 168.57
5.61852 4.20538e-05 190.534
5.63343 4.22711e-05 155.172
5.64835 4.19704e-05 178.536
5.66326 4.2117e-05 170.375
5.67818 4.18501e-05 181.98
5.69309 4.20328e-05 165.082
5.70801 4.17442e-05 185.773
5.72292 4.19065e-05 159.511
5.73784 4.16449e-05 180.486
5.75275 4.17971e-05 166.009
5.76767 4.15251e-05 185.339
5.78258 4.16966e-05 159.048
5.7975 4.14398e-05 178.952
5.81241 4.15668e-05 167.03
5.82733 4.13179e-05 185.01
5.84224 4.14822e-05 158.448
5.85716 4.12304e-05 177.311
5.87207 4.13497e-05 168.259
5.88699 4.11208e-05 184.876
5.9019 4.12598e-05 157.591
5.91682 4.10215e-05 175.475
5.93173 4.11434e-05 169.828
5.94665 4.09243e-05 185.018
5.96156 4.10381e-05 156.395
5.97648 4.08266e-05 173.406
5.99139 4.09296e-05 171.775
6.00631 4.07294e-05 173.635
6.02122 4.0825e-05 170.897
6.03614 4.06326e-05 174.438
6.05105 4.07204e-05 169.188
6.06597 4.05346e-05 182.249
6.08088 4.06178e-05 157.96
6.0958 4.04423e-05 172.593
6.11071 4.05114e-05 170.831
6.12563 4.03452e-05 172.963
6.14054 4.04121e-05 169.765
6.15546 4.02525e-05 181.079
6.17037 4.03054e-05 158.007
6.18529 4.01694e-05 171.108
6.2002 4.01931e-05 171.435
6.21512 4.00846e-05 170.563
6.23003 4.00838e-05 171.713
6.24494 3.99988e-05 169.66
6.25986 3.99874e-05 179.261
6.27477 3.99068e-05 158.611
6.28969 3.98761e-05 169.9
6.3046 3.98326e-05 178.625
6.31952 3.97731e-05 158.767
6.33443 3.97323e-05 169.266
6.34935 3.96923e-05 177.34
6.36426 3.96321e-05 159.783
6.37918 3.95943e-05 169.334
6.39409 3.95516e-05 176.612
6.40901 3.94964e-05 160.073
6.42392 3.94546e-05 168.821
6.43884 3.94132e-05 175.442
6.45375 3.93594e-05 160.972
6.46867 3.9318e-05 168.796
6.48358 3.92768e-05 174.665
6.4985 3.92243e-05 161.348
6.51341 3.91827e-05 168.364
6.52833 3.91413e-05 173.58
6.54324 3.90902e-05 162.163
6.55816 3.90489e-05 168.28
6.57307 3.90077e-05 172.775
6.58799 3.89577e-05 162.603
6.6029 3.89163e-05 167.906
6.61782 3.8875e-05 171.756
6.63273 3.88264e-05 163.357
6.64765 3.87852e-05 167.78
6.66256 3.8744e-05 170.937
6.67748 3.86966e-05 163.841
6.69239 3.86553e-05 167.449
6.70731 3.86167e-05 169.977
6.72222 3.85674e-05 171.644
6.73714 3.85189e-05 161.917
6.75205 3.84859e-05 165.06
6.76697 3.84482e-05 167.234
6.78188 3.84024e-05 168.643
6.7968 3.83553e-05 169.462
6.81171 3.83137e-05 169.848
6.82663 3.82722e-05 169.906
6.84154 3.82308e-05 169.719
6.85646 3.81894e-05 169.349
6.87137 3.81481e-05 168.844
6.88629 3.81069e-05 168.239
6.9012 3.80658e-05 167.562
6.91612 3.80248e-05 166.832
6.93103 3.79839e-05 166.064
6.94595 3.79431e-05 165.27
6.96086 3.79025e-05 164.457
6.97578 3.7862e-05 163.634
6.99069 3.78216e-05 162.803
7.00561 3.77813e-05 161.968
7.02052 3.77411e-05 161.133
7.03544 3.77011e-05 160.298
7.05035 3.76612e-05 159.466
7.06527 3.76215e-05 158.637
7.08018 3.75818e-05 157.812
7.0951 3.75423e-05 156.992
7.11001 3.75029e-05 156.178
7.12492 3.74636e-05 155.368
7.13984 3.74245e-05 154.565
7.15475 3.73855e-05 153.767
7.16967 3.73466e-05 152.975
7.18458 3.73078e-05 152.189
7.1995 3.72691e-05 151.409
7.21441 3.72306e-05 150.635
7.22933 3.71921e-05 149.868
7.24424 3.71538e-05 149.106
7.25916 3.71156e-05 148.351
7.27407 3.70776e-05 147.601
7.28899 3.70396e-05 146.858
7.3039 3.70018e-05 146.121
7.31882 3.69641e-05 145.39
7.33373 3.69265e-05 144.665
7.34865 3.6889e-05 143.946
7.36356 3.68516e-05 143.233
7.37848 3.68143e-05 142.527
7.39339 3.67772e-05 141.826
7.40831 3.67401e-05 141.132
7.42322 3.67032e-05 140.443
7.43814 3.66664e-05 139.761
7.45305 3.66297e-05 139.085
7.46797 3.65931e-05 138.415
7.48288 3.65566e-05 137.751
7.4978 3.65202e-05 137.093
7.51271 3.64839e-05 136.442
7.52763 3.64478e-05 135.797
7.54254 3.64117e-05 135.158
7.55746 3.63758e-05 134.526
7.57237 3.63399e-05 133.9
7.58729 3.63042e-05 133.281
7.6022 3.62686e-05 132.668
7.61712 3.62331e-05 132.062
7.63203 3.61976e-05 131.463
7.64695 3.61623e-05 130.87
7.66186 3.61271e-05 130.284
7.67678 3.6092e-05 129.706
7.69169 3.6057e-05 129.134
7.70661 3.60221e-05 128.57
7.72152 3.59873e-05 128.013
7.73644 3.59526e-05 127.464
7.75135 3.5918e-05 126.922
7.76627 3.58835e-05 126.388
7.78118 3.58491e-05 125.862
7.7961 3.58148e-05 125.345
7.81101 3.57805e-05 124.836
7.82593 3.57464e-05 124.335
7.84084 3.57124e-05 123.843
7.85576 3.56785e-05 123.361
7.87067 3.56447e-05 122.887
7.88559 3.5611e-05 122.423
7.9005 3.55773e-05 121.97
7.91542 3.55438e-05 121.526
7.93033 3.55104e-05 121.093
7.94525 3.5477e-05 120.671
7.96016 3.54438e-05 120.26
7.97508 3.54106e-05 119.861
7.98999 3.53776e-05 119.474
8.0049 3.53446e-05 119.1
8.01982 3.53117e-05 118.738
8.03473 3.5279e-05 118.39
8.04965 3.52463e-05 118.056
8.06456 3.52137e-05 117.737
8.07948 3.51812e-05 117.433
8.09439 3.51487e-05 117.145
8.10931 3.51164e-05 116.874
8.12422 3.50842e-05 116.62
8.13914 3.5052e-05 116.384
8.15405 3.502e-05 116.166
8.16897 3.4988e-05 115.969
8.18388 3.49561e-05 115.792
8.1988 3.49243e-05 115.637
8.21371 3.48926e-05 115.504
8.22863 3.4861e-05 115.395
8.24354 3.48294e-05 115.31
8.25846 3.4798e-05 115.252
8.27337 3.47666e-05 115.221
8.28829 3.47354e-05 115.218
8.3032 3.47042e-05 115.246
8.31812 3.46731e-05 115.305
8.33303 3.46421e-05 115.397
8.34795 3.46111e-05 115.524
8.36286 3.45803e-05 115.687
8.37778 3.45495e-05 115.889
8.39269 3.45188e-05 116.131
8.40761 3.44882e-05 116.416
8.42252 3.44577e-05 116.745
8.43744 3.44273e-05 117.122
8.45235 3.4397e-05 117.548
8.46727 3.43667e-05 118.026
8.48218 3.43366e-05 118.559
8.4971 3.43065e-05 119.149
8.51201 3.42765e-05 119.801
8.52693 3.42466e-05 120.516
8.54184 3.42167e-05 121.299
8.55676 3.4187e-05 122.154
8.57167 3.41573e-05 123.083
8.58659 3.41278e-05 124.091
8.6015 3.40983e-05 125.183
8.61642 3.40689e-05 126.362
8.63133 3.40396e-05 127.634
8.64625 3.40104e-05 129.003
8.66116 3.39812e-05 130.476
8.67608 3.39522e-05 132.056
8.69099 3.39233e-05 133.751
8.70591 3.38944e-05 135.567
8.72082 3.38657e-05 137.51
8.73574 3.3837e-05 139.587
8.75065 3.38085e-05 141.805
8.76557 3.378e-05 144.172
8.78048 3.37517e-05 146.697
8.7954 3.37235e-05 149.387
8.81031 3.36954e-05 152.252
8.82523 3.36674e-05 155.302
8.84014 3.36395e-05 158.546
8.85506 3.36117e-05 161.995
8.86997 3.3584e-05 165.66
8.88488 3.35516e-05 169.541
8.8998 3.33931e-05 173.327
8.91471 3.36645e-05 163.523
8.92963 3.33802e-05 171.18
8.94454 3.35452e-05 168.86
8.95946 3.31563e-05 177.52
8.97437 3.36933e-05 162.859
8.98929 3.31508e-05 175.623
9.0042 3.35641e-05 167.989
9.01912 3.28719e-05 182.11
9.03403 3.37755e-05 162.45
9.04895 3.2873e-05 180.819
9.06386 3.36379e-05 166.888
9.07878 3.25273e-05 187.004
9.09369 3.39246e-05 162.437
9.10861 3.25296e-05 186.846
9.12352 3.37839e-05 165.531
9.13844 3.21101e-05 192.085
9.15335 3.41533e-05 162.964
9.16827 3.21004e-05 193.766
9.18318 3.40229e-05 163.927
9.1981 3.16111e-05 197.25
9.21301 3.44696e-05 164.126
9.22793 3.15623e-05 201.579
9.24284 3.43765e-05 162.166
9.25776 3.10417e-05 202.513
9.27267 3.48587e-05 165.806
9.28759 3.08818e-05 210.024
9.3025 3.49087e-05 158.541
9.31742 3.04539e-05 206.277
9.33233 3.52519e-05 169.719
9.34725 3.01942e-05 221.156
9.36216 3.53999e-05 171.473
9.37708 2.98822e-05 213.235
9.39199 3.50971e-05 171.575
9.40691 3.03458e-05 219.733
9.42182 3.50496e-05 178.134
9.43674 3.01536e-05 211.915
9.45165 3.47817e-05 178.37
9.46657 3.04273e-05 217.458
9.48148 3.4603e-05 184.455
9.4964 3.04748e-05 211.811
9.51131 3.43404e-05 185.602
9.52623 3.0671e-05 215.453
9.54114 3.40819e-05 190.825
9.55606 3.08397e-05 212.055
9.57097 3.38036e-05 192.892
9.58589 3.10228e-05 214.094
9.6008 3.35036e-05 197.359
9.61572 3.12413e-05 212.323
9.63063 3.3209e-05 200.08
9.64555 3.1431e-05 213.318
9.66046 3.28944e-05 204.014
9.67538 3.16569e-05 212.509
9.69029 3.2587e-05 207.073
9.70521 3.18348e-05 212.906
9.72012 3.227e-05 210.63
9.73504 3.22813e-05 211.708
9.74995 3.22148e-05 214.194
9.76486 3.21532e-05 217.404
9.77978 3.21053e-05 221.027
9.79469 3.20672e-05 224.894
9.80961 3.20347e-05 228.904
9.82452 3.20054e-05 232.997
9.83944 3.19776e-05 237.132
9.85435 3.19505e-05 241.286
9.86927 3.19237e-05 245.439
9.88418 3.18968e-05 249.58
9.8991 3.18696e-05 253.698
9.91401 3.18421e-05 257.785
9.92893 3.18142e-05 261.835
9.94384 3.17859e-05 265.84
9.95876 3.17573e-05 269.794
9.97367 3.17283e-05 273.692
9.98859 3.1699e-05 277.529
10.0035 3.16694e-05 281.3
10.0184 3.16395e-05 284.999
10.0333 3.16095e-05 288.622
10.0482 3.15793e-05 292.166
10.0632 3.1549e-05 295.627
10.0781 3.15188e-05 299.001
10.093 3.14885e-05 302.286
10.1079 3.14583e-05 305.478
10.1228 3.14283e-05 308.575
10.1377 3.13985e-05 311.576
10.1527 3.13689e-05 314.479
10.1676 3.13395e-05 317.283
10.1825 3.13105e-05 319.986
10.1974 3.12819e-05 322.589
10.2123 3.12537e-05 325.091
10.2272 3.12258e-05 327.491
10.2421 3.11984e-05 329.791
10.2571 3.11714e-05 331.991
10.272 3.11449e-05 334.092
10.2869 3.11188e-05 336.094
10.3018 3.10932e-05 338
10.3167 3.10681e-05 339.809
10.3316 3.10434e-05 341.525
10.3465 3.10191e-05 343.149
10.3615 3.09952e-05 344.682
10.3764 3.09718e-05 346.126
10.3913 3.09487e-05 347.485
10.4062 3.0926e-05 348.759
10.4211 3.09036e-05 349.951
10.436 3.08816e-05 351.064
10.451 3.08599e-05 352.1
10.4659 3.08384e-05 353.061
10.4808 3.08173e-05 353.949
10.4957 3.07963e-05 354.768
10.5106 3.07756e-05 355.519
10.5255 3.0755e-05 356.205
10.5404 3.07347e-05 356.828
10.5554 3.07145e-05 357.391
10.5703 3.06944e-05 357.897
10.5852 3.06745e-05 358.346
10.6001 3.06546e-05 358.743
10.615 3.06349e-05 359.088
10.6299 3.06152e-05 359.385
10.6448 3.05956e-05 359.635
10.6598 3.05761e-05 359.841
10.6747 3.05566e-05 360.004
10.6896 3.05371e-05 360.126
10.7045 3.05177e-05 360.21
10.7194 3.04983e-05 360.258
10.7343 3.04789e-05 360.27
10.7492 3.04595e-05 360.25
10.7642 3.04401e-05 360.197
10.7791 3.04208e-05 360.116
10.794 3.04014e-05 360.005
10.8089 3.0382e-05 359.868
10.8238 3.03626e-05 359.706
10.8387 3.03433e-05 359.52
10.8537 3.03239e-05 359.311
10.8686 3.03045e-05 359.08
10.8835 3.0285e-05 358.83
10.8984 3.02656e-05 358.56
10.9133 3.02462e-05 358.273
10.9282 3.02268e-05 357.968
10.9431 3.02073e-05 357.648
10.9581 3.01878e-05 357.313
10.973 3.01684e-05 356.963
10.9879 3.01489e-05 356.601
11.0028 3.01294e-05 356.226
11.0177 3.011e-05 355.84
11.0326 3.00905e-05 355.442
11.0475 3.0071e-05 355.035
11.0625 3.00515e-05 354.618
11.0774 3.00321e-05 354.192
11.0923 3.00126e-05 353.758
11.1072 2.99931e-05 353.316
11.1221 2.99736e-05 352.867
11.137 2.99542e-05 352.411
11.152 2.99347e-05 351.949
11.1669 2.99153e-05 351.481
11.1818 2.98959e-05 351.008
11.1967 2.98764e-05 350.53
11.2116 2.9857e-05 350.047
11.2265 2.98377e-05 349.56
11.2414 2.98183e-05 349.069
11.2564 2.97989e-05 348.575
11.2713 2.97796e-05 348.077
11.2862 2.97603e-05 347.576
11.3011 2.9741e-05 347.073
11.316 2.97217e-05 346.567
11.3309 2.97024e-05 346.059
11.3458 2.96832e-05 345.549
11.3608 2.96639e-05 345.037
11.3757 2.96448e-05 344.524
11.3906 2.96256e-05 344.009
11.4055 2.96064e-05 343.493
11.4204 2.95873e-05 342.975
11.4353 2.95682e-05 342.457
11.4503 2.95491e-05 341.938
11.4652 2.95301e-05 341.419
11.4801 2.95111e-05 340.899
11.495 2.94921e-05 340.378
11.5099 2.94731e-05 339.857
11.5248 2.94542e-05 339.336
11.5397 2.94353e-05 338.815
11.5547 2.94164e-05 338.294
11.5696 2.93976e-05 337.773
11.5845 2.93788e-05 337.252
11.5994 2.936e-05 336.731
11.6143 2.93412e-05 336.211
11.6292 2.93225e-05 335.691
11.6441 2.93038e-05 335.172
11.6591 2.92851e-05 334.653
11.674 2.92665e-05 334.134
11.6889 2.92479e-05 333.617
11.7038 2.92293e-05 333.1
11.7187 2.92108e-05 332.583
11.7336 2.91923e-05 332.068
11.7485 2.91738e-05 331.553
11.7635 2.91554e-05 331.039
11.7784 2.91369e-05 330.526
11.7933 2.91186e-05 330.013
11.8082 2.91002e-05 329.502
11.8231 2.90819e-05 328.992
11.838 2.90636e-05 328.482
11.853 2.90454e-05 327.974
11.8679 2.90271e-05 327.466
11.8828 2.9009e-05 326.96
11.8977 2.89908e-05 326.455
11.9126 2.89727e-05 325.951
11.9275 2.89546e-05 325.447
11.9424 2.89365e-05 324.945
11.9574 2.89185e-05 324.445
11.9723 2.89005e-05 323.945
11.9872 2.88825e-05 323.446
12.0021 2.88646e-05 322.949
12.017 2.88467e-05 322.452
12.0319 2.88289e-05 321.957
12.0468 2.8811e-05 321.463
12.0618 2.87932e-05 320.971
12.0767 2.87754e-05 320.479
12.0916 2.87577e-05 319.989
12.1065 2.874e-05 319.499
12.1214 2.87223e-05 319.012
12.1363 2.87047e-05 318.525
12.1513 2.86871e-05 318.039
12.1662 2.86695e-05 317.555
12.1811 2.8652e-05 317.072
12.196 2.86344e-05 316.59
12.2109 2.8617e-05 316.109
12.2258 2.85995e-05 315.63
12.2407 2.85821e-05 315.152
12.2557 2.85647e-05 314.675
12.2706 2.85473e-05 314.199
12.2855 2.853e-05 313.725
12.3004 2.85127e-05 313.251
12.3153 2.84954e-05 312.779
12.3302 2.84782e-05 312.308
12.3451 2.8461e-05 311.839
12.3601 2.84438e-05 311.37
12.375 2.84267e-05 310.903
12.3899 2.84096e-05 310.437
12.4048 2.83925e-05 309.973
12.4197 2.83755e-05 309.509
12.4346 2.83584e-05 309.047
12.4495 2.83414e-05 308.586
12.4645 2.83245e-05 308.126
12.4794 2.83076e-05 307.667
12.4943 2.82907e-05 307.21
12.5092 2.82738e-05 306.753
12.5241 2.8257e-05 306.298
12.539 2.82402e-05 305.845
12.554 2.82234e-05 305.392
12.5689 2.82066e-05 304.94
12.5838 2.81899e-05 304.49
12.5987 2.81732e-05 304.041
12.6136 2.81566e-05 303.593
12.6285 2.81399e-05 303.146
12.6434 2.81233e-05 302.701
12.6584 2.81068e-05 302.256
12.6733 2.80902e-05 301.813
12.6882 2.80737e-05 301.371
12.7031 2.80572e-05 300.93
12.718 2.80408e-05 300.49
12.7329 2.80243e-05 300.051
12.7478 2.80079e-05 299.614
12.7628 2.79916e-05 299.178
12.7777 2.79752e-05 298.742
12.7926 2.79589e-05 298.308
12.8075 2.79426e-05 297.875
12.8224 2.79264e-05 297.443
12.8373 2.79101e-05 297.013
12.8523 2.78939e-05 296.583
12.8672 2.78778e-05 296.155
12.8821 2.78616e-05 295.727
12.897 2.78455e-05 295.301
12.9119 2.78294e-05 294.876
12.9268 2.78134e-05 294.452
12.9417 2.77973e-05 294.029
12.9567 2.77813e-05 293.607
12.9716 2.77654e-05 293.186
12.9865 2.77494e-05 292.767
13.0014 2.77335e-05 292.348
13.0163 2.77176e-05 291.931
13.0312 2.77017e-05 291.514
13.0461 2.76859e-05 291.099
13.0611 2.76701e-05 290.684
13.076 2.76543e-05 290.271
13.0909 2.76385e-05 289.859
13.1058 2.76228e-05 289.448
13.1207 2.76071e-05 289.038
13.1356 2.75914e-05 288.629
13.1506 2.75758e-05 288.221
13.1655 2.75602e-05 287.814
13.1804 2.75446e-05 287.408
13.1953 2.7529e-05 287.003
13.2102 2.75134e-05 286.599
13.2251 2.74979e-05 286.196
13.24 2.74824e-05 285.795
13.255 2.7467e-05 285.394
13.2699 2.74515e-05 284.994
13.2848 2.74361e-05 284.595
13.2997 2.74207e-05 284.198
13.3146 2.74054e-05 283.801
13.3295 2.739e-05 283.405
13.3444 2.73747e-05 283.01
13.3594 2.73594e-05 282.617
13.3743 2.73442e-05 282.224
13.3892 2.73289e-05 281.832
13.4041 2.73137e-05 281.441
13.419 2.72985e-05 281.052
13.4339 2.72834e-05 280.663
13.4488 2.72682e-05 280.275
13.4638 2.72531e-05 279.888
13.4787 2.72381e-05 279.502
13.4936 2.7223e-05 279.117
13.5085 2.7208e-05 278.733
13.5234 2.7193e-05 278.35
13.5383 2.7178e-05 277.968
13.5533 2.7163e-05 277.587
13.5682 2.71481e-05 277.207
13.5831 2.71332e-05 276.827
13.598 2.71183e-05 276.449
13.6129 2.71034e-05 276.072
13.6278 2.70886e-05 275.695
13.6427 2.70738e-05 275.32
13.6577 2.7059e-05 274.945
13.6726 2.70442e-05 274.571
13.6875 2.70295e-05 274.199
13.7024 2.70148e-05 273.827
13.7173 2.70001e-05 273.456
13.7322 2.69854e-05 273.086
13.7471 2.69708e-05 272.717
13.7621 2.69562e-05 272.348
13.777 2.69416e-05 271.981
13.7919 2.6927e-05 271.615
13.8068 2.69124e-05 271.249
13.8217 2.68979e-05 270.885
13.8366 2.68834e-05 270.521
13.8516 2.68689e-05 270.158
13.8665 2.68545e-05 269.796
13.8814 2.68401e-05 269.435
13.8963 2.68257e-05 269.075
13.9112 2.68113e-05 268.715
13.9261 2.67969e-05 268.357
13.941 2.67826e-05 267.999
13.956 2.67683e-05 267.642
13.9709 2.6754e-05 267.286
13.9858 2.67397e-05 266.931
14.0007 2.67254e-05 266.577
14.0156 2.67112e-05 266.224
14.0305 2.6697e-05 265.871
14.0454 2.66828e-05 265.52
14.0604 2.66687e-05 265.169
14.0753 2.66546e-05 264.819
14.0902 2.66404e-05 264.47
14.1051 2.66264e-05 264.121
14.12 2.66123e-05 263.774
14.1349 2.65982e-05 263.427
14.1498 2.65842e-05 263.081
14.1648 2.65702e-05 262.736
14.1797 2.65562e-05 262.392
14.1946 2.65423e-05 262.049
14.2095 2.65284e-05 261.706
14.2244 2.65144e-05 261.364
14.2393 2.65006e-05 261.024
14.2543 2.64867e-05 260.683
14.2692 2.64728e-05 260.344
14.2841 2.6459e-05 260.006
14.299 2.64452e-05 259.668
14.3139 2.64314e-05 259.331
14.3288 2.64177e-05 258.995
14.3437 2.64039e-05 258.659
14.3587 2.63902e-05 258.325
14.3736 2.63765e-05 257.991
14.3885 2.63628e-05 257.658
14.4034 2.63492e-05 257.326
14.4183 2.63356e-05 256.994
14.4332 2.63219e-05 256.664
14.4481 2.63084e-05 256.334
14.4631 2.62948e-05 256.004
14.478 2.62812e-05 255.676
14.4929 2.62677e-05 255.348
14.5078 2.62542e-05 255.022
14.5227 2.62407e-05 254.695
14.5376 2.62273e-05 254.37
14.5526 2.62138e-05 254.045
14.5675 2.62004e-05 253.722
14.5824 2.6187e-05 253.399
14.5973 2.61736e-05 253.076
14.6122 2.61602e-05 252.755
14.6271 2.61469e-05 252.434
14.642 2.61336e-05 252.114
14.657 2.61203e-05 251.794
14.6719 2.6107e-05 251.475
14.6868 2.60937e-05 251.157
14.7017 2.60805e-05 250.84
14.7166 2.60673e-05 250.524
14.7315 2.60541e-05 250.208
14.7464 2.60409e-05 249.893
14.7614 2.60278e-05 249.579
14.7763 2.60147e-05 249.265
14.7912 2.60016e-05 248.953
14.8061 2.59886e-05 248.641
14.821 2.59757e-05 248.331
14.8359 2.5963e-05 248.023
14.8509 2.59506e-05 247.716
14.8658 2.59385e-05 247.414
14.8807 2.5927e-05 247.115
14.8956 2.59161e-05 246.822
14.9105 2.5906e-05 246.535
14.9254 2.58968e-05 246.257
14.9403 2.58885e-05 245.987
14.9553 2.5881e-05 245.725
14.9702 2.58742e-05 245.471
14.9851 2.58678e-05 245.222
15 2.58616e-05 244.978
