0.1 0.000360367 12689.2
0.114915 0.000219123 45487.6
0.12983 0.000305332 27683.6
0.144745 0.000254243 28217.3
0.15966 0.000253082 25683.4
0.174575 0.000238798 23937.8
0.189489 0.000229898 22541.1
0.204404 0.000221287 21226
0.219319 0.000213563 20122.2
0.234234 0.000206697 19128.9
0.249149 0.000200384 18245.2
0.264064 0.00019465 17452.5
0.278979 0.000189369 16734.2
0.293894 0.000184499 16082.4
0.308809 0.000179987 15486.3
0.323724 0.000175789 14939.6
0.338639 0.000171873 14435.8
0.353554 0.000168207 13970
0.368468 0.000164766 13537.8
0.383383 0.000161528 13135.6
0.398298 0.000158474 12760.1
0.413213 0.000155586 12408.9
0.428128 0.000152851 12079.3
0.443043 0.000150256 11769.5
0.457958 0.000147787 11477.6
0.472873 0.000145433 11201.9
0.487788 0.00014316 10939.8
0.502703 0.000140839 10684.2
0.517618 0.000137905 10407.8
0.532533 0.000131811 9987.5
0.547447 0.000122973 8129.84
0.562362 0.000122105 4569.11
0.577277 0.000144077 1131.2
0.592192 0.000152601 4353.4
0.607107 0.000110832 922.843
0.622022 0.000145005 3760.22
0.636937 0.000107064 853.569
0.651852 0.000141637 3510.39
0.666767 0.000104453 831.397
0.681682 0.000138382 3366.64
0.696597 0.00010221 817.921
0.711512 0.000135354 3249.26
0.726426 0.000100165 808.457
0.741341 0.000132476 3146.52
0.756256 9.83266e-05 801.813
0.771171 0.00012971 3054.72
0.786086 9.6556e-05 797.234
0.801001 0.000127098 2972.44
0.815916 9.49129e-05 724.296
0.830831 0.000124721 2767.42
0.845746 9.32333e-05 682.012
0.860661 0.000122674 2627.7
0.875576 9.14778e-05 670.37
0.89049 0.000120828 2552.46
0.905405 8.98336e-05 664.376
0.92032 0.000118859 2489.13
0.935235 8.84407e-05 660.991
0.95015 0.000116833 2432.15
0.965065 8.72162e-05 659.586
0.97998 0.000114858 2381.09
0.994895 8.60815e-05 659.181
1.00981 0.000112948 2334.02
1.02472 8.50203e-05 659.658
1.03964 0.000111096 2290.47
1.05455 8.40255e-05 660.747
1.06947 0.000109304 2249.78
1.08438 8.30909e-05 662.35
1.0993 0.000107568 2211.6
1.11421 8.22107e-05 664.347
1.12913 0.000105886 2175.59
1.14404 8.13804e-05 666.674
1.15896 0.000104254 2141.51
1.17387 8.05954e-05 669.267
1.18879 0.000102672 2109.14
1.2037 7.98521e-05 672.085
1.21862 0.000101138 2078.33
1.23353 7.91468e-05 675.087
1.24845 9.9648e-05 2048.93
1.26336 7.84766e-05 678.246
1.27828 9.82019e-05 2020.81
1.29319 7.78385e-05 681.536
1.30811 9.67977e-05 1993.87
1.32302 7.723e-05 684.937
1.33794 9.54335e-05 1968.02
1.35285 7.66487e-05 688.431
1.36777 9.41081e-05 1943.17
1.38268 7.60924e-05 692.003
1.3976 9.28199e-05 1919.25
1.41251 7.55592e-05 695.64
1.42743 9.15678e-05 1896.2
1.44234 7.50472e-05 699.33
1.45726 9.03503e-05 1873.96
1.47217 7.45547e-05 703.065
1.48709 8.91663e-05 1852.49
1.502 7.40802e-05 706.835
1.51692 8.80148e-05 1831.72
1.53183 7.36223e-05 710.633
1.54675 8.68946e-05 1811.62
1.56166 7.31794e-05 714.451
1.57658 8.5805e-05 1792.13
1.59149 7.27501e-05 718.283
1.60641 8.47449e-05 1773.23
1.62132 7.2333e-05 722.123
1.63624 8.37138e-05 1754.85
1.65115 7.19259e-05 725.967
1.66607 8.27113e-05 1736.93
1.68098 7.15264e-05 729.805
1.6959 8.17375e-05 1719.39
1.71081 7.11305e-05 733.633
1.72573 8.07932e-05 1702.09
1.74064 7.07321e-05 737.438
1.75556 7.98809e-05 1684.84
1.77047 7.03207e-05 741.209
1.78539 7.90056e-05 1667.26
1.8003 6.98797e-05 744.928
1.81522 7.81773e-05 1648.78
1.83013 6.93836e-05 748.586
1.84505 7.74144e-05 1628.41
1.85996 6.8799e-05 752.231
1.87487 7.67489e-05 1604.56
1.88979 6.80987e-05 756.115
1.9047 7.62265e-05 1574.81
1.91962 6.73023e-05 761.082
1.93453 7.58798e-05 1535.72
1.94945 6.65509e-05 769.347
1.96436 7.56311e-05 1482.96
1.97928 6.61516e-05 785.425
1.99419 7.5164e-05 1412.45
2.00911 6.64272e-05 815.479
2.02402 7.40552e-05 1323.59
2.03894 6.73295e-05 863.095
2.05385 7.22977e-05 1221.62
2.06877 6.83397e-05 925.517
2.08368 7.04348e-05 1115.17
2.0986 6.89656e-05 996.961
2.11351 6.88705e-05 1011.57
2.12843 6.87343e-05 955.317
2.14334 6.85071e-05 869.779
2.15826 6.82334e-05 777.928
2.17317 6.79558e-05 690.775
2.18809 6.7688e-05 612.808
2.203 6.74321e-05 545.301
2.21792 6.71865e-05 488.049
2.23283 6.69491e-05 440.205
2.24775 6.67181e-05 400.688
2.26266 6.64922e-05 368.361
2.27758 6.62704e-05 342.125
2.29249 6.60519e-05 320.963
2.30741 6.58363e-05 303.966
2.32232 6.56234e-05 290.338
2.33724 6.54128e-05 279.403
2.35215 6.52045e-05 270.595
2.36707 6.49983e-05 263.451
2.38198 6.47942e-05 257.599
2.3969 6.45921e-05 252.743
2.41181 6.43919e-05 248.649
2.42673 6.41936e-05 245.139
2.44164 6.39972e-05 242.073
2.45656 6.38025e-05 239.346
2.47147 6.36097e-05 236.878
2.48639 6.34186e-05 234.609
2.5013 6.32292e-05 232.494
2.51622 6.30415e-05 230.498
2.53113 6.28555e-05 228.596
2.54605 6.26711e-05 226.769
2.56096 6.24883e-05 225.003
2.57588 6.23071e-05 223.288
2.59079 6.21275e-05 221.615
2.60571 6.19494e-05 219.979
2.62062 6.17729e-05 218.375
2.63554 6.15979e-05 216.799
2.65045 6.14243e-05 215.25
2.66537 6.12522e-05 213.724
2.68028 6.10815e-05 212.221
2.6952 6.09123e-05 210.74
2.71011 6.07464e-05 209.281
2.72503 6.0575e-05 212.189
2.73994 6.0416e-05 208.562
2.75485 6.02454e-05 211.829
2.76977 6.00916e-05 206.978
2.78468 5.99197e-05 212.807
2.7996 5.9772e-05 206.067
2.81451 5.96002e-05 212.784
2.82943 5.94578e-05 204.695
2.84434 5.9285e-05 213.498
2.85926 5.91483e-05 203.697
2.87417 5.89752e-05 213.658
2.88909 5.88438e-05 202.455
2.904 5.86697e-05 214.225
2.91892 5.8544e-05 201.424
2.93383 5.83692e-05 214.483
2.94875 5.82488e-05 200.268
2.96366 5.80729e-05 214.965
2.97858 5.7958e-05 199.234
2.99349 5.77812e-05 215.275
3.00841 5.76716e-05 198.14
3.02332 5.74937e-05 215.707
3.03824 5.73895e-05 197.118
3.05315 5.72105e-05 216.043
3.06807 5.71115e-05 196.07
3.08298 5.69313e-05 216.445
3.0979 5.68376e-05 195.069
3.11281 5.66562e-05 216.792
3.12773 5.65677e-05 194.06
3.14264 5.63849e-05 217.175
3.15756 5.63016e-05 193.082
3.17247 5.61174e-05 217.526
3.18739 5.60393e-05 192.106
3.2023 5.58537e-05 217.896
3.21722 5.57807e-05 191.153
3.23213 5.55935e-05 218.247
3.24705 5.55257e-05 190.207
3.26196 5.5337e-05 218.607
3.27688 5.52742e-05 189.279
3.29179 5.50838e-05 218.956
3.30671 5.50261e-05 188.361
3.32162 5.48341e-05 219.308
3.33654 5.47814e-05 187.458
3.35145 5.45877e-05 219.653
3.36637 5.454e-05 186.565
3.38128 5.43445e-05 219.999
3.3962 5.43019e-05 185.686
3.41111 5.41045e-05 220.34
3.42603 5.40668e-05 184.817
3.44094 5.38676e-05 220.68
3.45586 5.38349e-05 183.961
3.47077 5.36337e-05 221.016
3.48569 5.36059e-05 183.116
3.5006 5.34027e-05 221.351
3.51552 5.338e-05 182.282
3.53043 5.31747e-05 221.683
3.54535 5.31569e-05 181.459
3.56026 5.29495e-05 222.012
3.57518 5.29366e-05 180.646
3.59009 5.27272e-05 222.339
3.60501 5.27191e-05 179.844
3.61992 5.25075e-05 222.664
3.63483 5.25043e-05 179.052
3.64975 5.22905e-05 222.986
3.66466 5.22922e-05 178.27
3.67958 5.20761e-05 223.307
3.69449 5.20826e-05 177.498
3.70941 5.18643e-05 223.625
3.72432 5.18756e-05 176.735
3.73924 5.1655e-05 223.941
3.75415 5.16712e-05 175.982
3.76907 5.14481e-05 224.254
3.78398 5.14691e-05 175.237
3.7989 5.12437e-05 224.566
3.81381 5.12695e-05 174.502
3.82873 5.10416e-05 224.875
3.84364 5.10722e-05 173.776
3.85856 5.08419e-05 225.182
3.87347 5.08773e-05 173.058
3.88839 5.06444e-05 225.487
3.9033 5.06846e-05 172.349
3.91822 5.04492e-05 225.791
3.93313 5.04941e-05 171.648
3.94805 5.02561e-05 226.092
3.96296 5.03058e-05 170.955
3.97788 5.00652e-05 226.391
3.99279 5.01197e-05 170.27
4.00771 4.98764e-05 226.688
4.02262 4.99413e-05 169.603
4.03754 4.96804e-05 235.571
4.05245 4.97509e-05 172.076
4.06737 4.95139e-05 221.09
4.08228 4.9574e-05 165.964
4.0972 4.93185e-05 229.657
4.11211 4.93982e-05 168.377
4.12703 4.91385e-05 231.099
4.14194 4.92214e-05 168.143
4.15686 4.89617e-05 229.819
4.17177 4.90452e-05 166.927
4.18669 4.87873e-05 227.552
4.2016 4.88705e-05 165.364
4.21652 4.86149e-05 224.952
4.23143 4.86975e-05 163.693
4.24635 4.84444e-05 222.264
4.26126 4.85262e-05 162
4.27618 4.82756e-05 219.576
4.29109 4.83567e-05 160.319
4.30601 4.81087e-05 216.921
4.32092 4.8189e-05 158.66
4.33584 4.79434e-05 214.309
4.35075 4.80229e-05 157.026
4.36567 4.77799e-05 211.744
4.38058 4.78586e-05 155.42
4.3955 4.76204e-05 209.232
4.41041 4.76936e-05 157.135
4.42533 4.74562e-05 210.06
4.44024 4.75365e-05 153.499
4.45516 4.73051e-05 205.558
4.47007 4.73697e-05 159.982
4.48498 4.71378e-05 211.124
4.4999 4.72221e-05 152.609
4.51481 4.69945e-05 202.973
4.52973 4.70536e-05 161.679
4.54464 4.68261e-05 211.043
4.55956 4.69134e-05 151.33
4.57447 4.66908e-05 200.054
4.58939 4.67428e-05 163.859
4.6043 4.65204e-05 211.435
4.61922 4.6611e-05 150.245
4.63413 4.63929e-05 197.378
4.64905 4.64382e-05 165.834
4.66396 4.62206e-05 211.627
4.67888 4.63143e-05 149.113
4.69379 4.61009e-05 194.705
4.70871 4.61392e-05 167.894
4.72362 4.59265e-05 211.897
4.73854 4.60233e-05 148.032
4.75345 4.58144e-05 192.13
4.76837 4.58456e-05 169.917
4.78328 4.5638e-05 212.131
4.7982 4.57378e-05 146.961
4.81311 4.55334e-05 189.609
4.82803 4.55463e-05 171.933
4.84294 4.53883e-05 198.474
4.85786 4.54347e-05 160.017
4.87277 4.52338e-05 200.498
4.88769 4.52996e-05 157.016
4.9026 4.51013e-05 196.931
4.91752 4.51563e-05 160.658
4.93243 4.49602e-05 199.574
4.94735 4.50249e-05 156.905
4.96226 4.48314e-05 195.346
4.97718 4.48828e-05 161.383
4.99209 4.46913e-05 198.749
5.00701 4.47553e-05 156.698
5.02192 4.45664e-05 193.703
5.03684 4.4614e-05 162.214
5.05175 4.44271e-05 198.038
5.06667 4.44907e-05 156.374
5.08158 4.43064e-05 191.984
5.0965 4.43496e-05 163.178
5.11141 4.41674e-05 197.463
5.12633 4.42309e-05 155.908
5.14124 4.40513e-05 190.166
5.15616 4.40894e-05 164.308
5.17107 4.39119e-05 197.051
5.18599 4.39759e-05 155.268
5.2009 4.38009e-05 188.222
5.21582 4.38333e-05 165.648
5.23073 4.36605e-05 196.835
5.24565 4.37256e-05 154.414
5.26056 4.35553e-05 186.12
5.27548 4.35809e-05 167.252
5.29039 4.3413e-05 196.857
5.30531 4.348e-05 153.301
5.32022 4.33144e-05 183.821
5.33514 4.33322e-05 169.187
5.35005 4.31691e-05 197.17
5.36496 4.32392e-05 151.874
5.37988 4.30783e-05 181.278
5.39479 4.30769e-05 171.523
5.40971 4.29603e-05 185.885
5.42462 4.29797e-05 164.674
5.43954 4.28234e-05 191.243
5.45445 4.28711e-05 157.301
5.46937 4.27168e-05 184.181
5.48428 4.27425e-05 165.814
5.4992 4.25909e-05 190.928
5.51411 4.26384e-05 156.619
5.52903 4.24887e-05 182.347
5.54394 4.25086e-05 167.173
5.55886 4.23619e-05 190.806
5.57377 4.24097e-05 155.716
5.58869 4.22646e-05 180.35
5.6036 4.22781e-05 168.809
5.61852 4.21362e-05 190.923
5.63343 4.21851e-05 154.542
5.64835 4.20445e-05 178.15
5.66326 4.2049e-05 170.791
5.67818 4.19193e-05 181.466
5.69309 4.19598e-05 165.637
5.70801 4.18245e-05 186.421
5.72292 4.1827e-05 158.532
5.73784 4.17129e-05 179.802
5.75275 4.17313e-05 166.823
5.76767 4.16011e-05 186.19
5.78258 4.162e-05 157.817
5.7975 4.15046e-05 178.052
5.81241 4.1506e-05 168.172
5.82733 4.13849e-05 186.108
5.84224 4.14142e-05 156.924
5.85716 4.12926e-05 176.164
5.87207 4.12907e-05 169.781
5.88699 4.11793e-05 186.26
5.9019 4.12009e-05 155.732
5.91682 4.10824e-05 174.05
5.93173 4.1083e-05 171.788
5.94665 4.09807e-05 174.803
5.96156 4.09848e-05 170.156
5.97648 4.08769e-05 176.764
5.99139 4.08808e-05 166.813
6.00631 4.0779e-05 181.544
6.02122 4.0776e-05 159.779
6.03614 4.06798e-05 175.237
6.05105 4.06746e-05 167.94
6.06597 4.05799e-05 181.343
6.08088 4.05746e-05 159.059
6.0958 4.04808e-05 173.574
6.11071 4.04756e-05 169.312
6.12563 4.03808e-05 181.335
6.14054 4.03769e-05 158.1
6.15546 4.02885e-05 171.75
6.17037 4.02721e-05 170.954
6.18529 4.01942e-05 171.825
6.2002 4.01732e-05 170.323
6.21512 4.01036e-05 172.272
6.23003 4.00684e-05 169.135
6.24494 4.00117e-05 179.06
6.25986 3.99745e-05 159.156
6.27477 3.99186e-05 170.579
6.28969 3.98702e-05 170.619
6.3046 3.98299e-05 170.321
6.31952 3.97806e-05 170.511
6.33443 3.97279e-05 169.964
6.34935 3.96886e-05 177.879
6.36426 3.96403e-05 159.075
6.37918 3.95898e-05 168.762
6.39409 3.95495e-05 176.16
6.40901 3.9501e-05 160.697
6.42392 3.94519e-05 169.308
6.43884 3.94114e-05 175.817
6.45375 3.93639e-05 160.467
6.46867 3.93155e-05 168.394
6.48358 3.92752e-05 174.349
6.4985 3.9228e-05 161.793
6.51341 3.91805e-05 168.708
6.52833 3.91399e-05 173.842
6.54324 3.90937e-05 161.804
6.55816 3.90469e-05 167.997
6.57307 3.90064e-05 172.554
6.58799 3.89606e-05 162.92
6.6029 3.89146e-05 168.148
6.61782 3.88739e-05 171.939
6.63273 3.8829e-05 163.102
6.64765 3.87837e-05 167.58
6.66256 3.8743e-05 170.783
6.67748 3.86986e-05 164.067
6.69239 3.86541e-05 167.62
6.70731 3.86138e-05 170.101
6.72222 3.85701e-05 164.368
6.73714 3.85239e-05 167.149
6.75205 3.84834e-05 169.035
6.76697 3.8444e-05 170.233
6.78188 3.84013e-05 163.275
6.7968 3.83566e-05 165.408
6.81171 3.83147e-05 166.795
6.82663 3.8273e-05 167.614
6.84154 3.82313e-05 168.002
6.85646 3.81898e-05 168.065
6.87137 3.81484e-05 167.884
6.88629 3.81071e-05 167.523
6.9012 3.80659e-05 167.027
6.91612 3.80249e-05 166.433
6.93103 3.7984e-05 165.767
6.94595 3.79432e-05 165.048
6.96086 3.79025e-05 164.292
6.97578 3.7862e-05 163.511
6.99069 3.78216e-05 162.711
7.00561 3.77813e-05 161.9
7.02052 3.77412e-05 161.082
7.03544 3.77011e-05 160.26
7.05035 3.76612e-05 159.437
7.06527 3.76215e-05 158.616
7.08018 3.75818e-05 157.797
7.0951 3.75423e-05 156.981
7.11001 3.75029e-05 156.169
7.12492 3.74636e-05 155.362
7.13984 3.74245e-05 154.56
7.15475 3.73855e-05 153.763
7.16967 3.73465e-05 152.972
7.18458 3.73078e-05 152.187
7.1995 3.72691e-05 151.408
7.21441 3.72306e-05 150.634
7.22933 3.71921e-05 149.867
7.24424 3.71538e-05 149.106
7.25916 3.71156e-05 148.35
7.27407 3.70776e-05 147.601
7.28899 3.70396e-05 146.858
7.3039 3.70018e-05 146.121
7.31882 3.6964e-05 145.39
7.33373 3.69264e-05 144.665
7.34865 3.6889e-05 143.946
7.36356 3.68516e-05 143.233
7.37848 3.68143e-05 142.527
7.39339 3.67772e-05 141.826
7.40831 3.67401e-05 141.131
7.42322 3.67032e-05 140.443
7.43814 3.66664e-05 139.761
7.45305 3.66297e-05 139.085
7.46797 3.65931e-05 138.415
7.48288 3.65566e-05 137.751
7.4978 3.65202e-05 137.093
7.51271 3.64839e-05 136.442
7.52763 3.64478e-05 135.797
7.54254 3.64117e-05 135.158
7.55746 3.63758e-05 134.526
7.57237 3.63399e-05 133.9
7.58729 3.63042e-05 133.281
7.6022 3.62686e-05 132.668
7.61712 3.6233e-05 132.062
7.63203 3.61976e-05 131.463
7.64695 3.61623e-05 130.87
7.66186 3.61271e-05 130.284
7.67678 3.6092e-05 129.706
7.69169 3.6057e-05 129.134
7.70661 3.60221e-05 128.57
7.72152 3.59873e-05 128.013
7.73644 3.59525e-05 127.464
7.75135 3.59179e-05 126.922
7.76627 3.58834e-05 126.388
7.78118 3.5849e-05 125.862
7.7961 3.58147e-05 125.345
7.81101 3.57805e-05 124.835
7.82593 3.57464e-05 124.335
7.84084 3.57124e-05 123.843
7.85576 3.56785e-05 123.36
7.87067 3.56447e-05 122.887
7.88559 3.56109e-05 122.423
7.9005 3.55773e-05 121.969
7.91542 3.55438e-05 121.526
7.93033 3.55103e-05 121.093
7.94525 3.5477e-05 120.671
7.96016 3.54437e-05 120.26
7.97508 3.54106e-05 119.861
7.98999 3.53775e-05 119.474
8.0049 3.53445e-05 119.099
8.01982 3.53117e-05 118.738
8.03473 3.52789e-05 118.39
8.04965 3.52462e-05 118.056
8.06456 3.52136e-05 117.737
8.07948 3.51811e-05 117.433
8.09439 3.51486e-05 117.145
8.10931 3.51163e-05 116.873
8.12422 3.50841e-05 116.619
8.13914 3.50519e-05 116.383
8.15405 3.50198e-05 116.166
8.16897 3.49878e-05 115.968
8.18388 3.4956e-05 115.791
8.1988 3.49241e-05 115.636
8.21371 3.48924e-05 115.503
8.22863 3.48608e-05 115.394
8.24354 3.48293e-05 115.309
8.25846 3.47978e-05 115.251
8.27337 3.47664e-05 115.22
8.28829 3.47351e-05 115.217
8.3032 3.47039e-05 115.245
8.31812 3.46728e-05 115.304
8.33303 3.46418e-05 115.396
8.34795 3.46108e-05 115.522
8.36286 3.458e-05 115.686
8.37778 3.45492e-05 115.887
8.39269 3.45185e-05 116.129
8.40761 3.44879e-05 116.414
8.42252 3.44573e-05 116.743
8.43744 3.44269e-05 117.119
8.45235 3.43965e-05 117.545
8.46727 3.43662e-05 118.023
8.48218 3.4336e-05 118.555
8.4971 3.43059e-05 119.146
8.51201 3.42758e-05 119.797
8.52693 3.42459e-05 120.512
8.54184 3.4216e-05 121.295
8.55676 3.41862e-05 122.149
8.57167 3.41565e-05 123.078
8.58659 3.41268e-05 124.086
8.6015 3.40973e-05 125.177
8.61642 3.40678e-05 126.355
8.63133 3.40384e-05 127.627
8.64625 3.40091e-05 128.995
8.66116 3.39798e-05 130.467
8.67608 3.39507e-05 132.047
8.69099 3.39216e-05 133.741
8.70591 3.38926e-05 135.555
8.72082 3.38637e-05 137.497
8.73574 3.38348e-05 139.572
8.75065 3.38061e-05 141.789
8.76557 3.37774e-05 144.154
8.78048 3.37489e-05 146.677
8.7954 3.37204e-05 149.365
8.81031 3.3692e-05 152.228
8.82523 3.36636e-05 155.275
8.84014 3.36354e-05 158.516
8.85506 3.36073e-05 161.961
8.86997 3.35792e-05 165.622
8.88488 3.35507e-05 169.509
8.8998 3.3474e-05 173.513
8.91471 3.35546e-05 162.994
8.92963 3.34342e-05 170.904
8.94454 3.34761e-05 169.095
8.95946 3.33137e-05 178.127
8.97437 3.34973e-05 161.556
8.98929 3.3281e-05 174.913
9.0042 3.34119e-05 168.627
9.01912 3.31328e-05 183.354
9.03403 3.34646e-05 160.061
9.04895 3.31107e-05 179.47
9.06386 3.33692e-05 168.092
9.07878 3.2923e-05 189.159
9.09369 3.34652e-05 158.592
9.10861 3.29165e-05 184.611
9.12352 3.33554e-05 167.462
9.13844 3.26734e-05 195.462
9.15335 3.35102e-05 157.271
9.16827 3.26895e-05 190.398
9.18318 3.33803e-05 166.677
9.1981 3.23707e-05 202.125
9.21301 3.36132e-05 156.269
9.22793 3.24183e-05 196.928
9.24284 3.34526e-05 165.637
9.25776 3.20217e-05 209.001
9.27267 3.37725e-05 155.697
9.28759 3.20564e-05 204.14
9.3025 3.36334e-05 164.575
9.31742 3.16905e-05 216.435
9.33233 3.39079e-05 162.238
9.34725 3.1538e-05 218.553
9.36216 3.39776e-05 166.975
9.37708 3.1307e-05 227.69
9.39199 3.38798e-05 174.152
9.40691 3.14164e-05 218.67
9.42182 3.38551e-05 174.617
9.43674 3.12809e-05 222.439
9.45165 3.37434e-05 179.956
9.46657 3.13497e-05 217.859
9.48148 3.36713e-05 182.087
9.4964 3.12934e-05 218.877
9.51131 3.35382e-05 186.417
9.52623 3.1363e-05 216.48
9.54114 3.3419e-05 189.376
9.55606 3.13731e-05 216.373
9.57097 3.32555e-05 193.228
9.58589 3.14612e-05 215.07
9.6008 3.30902e-05 196.557
9.61572 3.15277e-05 214.623
9.63063 3.28927e-05 200.178
9.64555 3.16422e-05 213.896
9.66046 3.2686e-05 203.626
9.67538 3.17541e-05 213.456
9.69029 3.2456e-05 207.105
9.70521 3.18861e-05 213.035
9.72012 3.21766e-05 210.388
9.73504 3.21428e-05 211.133
9.74995 3.2092e-05 213.496
9.76486 3.20518e-05 216.709
9.77978 3.20189e-05 220.379
9.79469 3.19899e-05 224.296
9.80961 3.19631e-05 228.346
9.82452 3.19373e-05 232.467
9.83944 3.19121e-05 236.622
9.85435 3.18872e-05 240.788
9.86927 3.18623e-05 244.951
9.88418 3.18374e-05 249.101
9.8991 3.18124e-05 253.228
9.91401 3.17873e-05 257.327
9.92893 3.17622e-05 261.389
9.94384 3.17369e-05 265.41
9.95876 3.17116e-05 269.383
9.97367 3.16861e-05 273.303
9.98859 3.16606e-05 277.165
10.0035 3.1635e-05 280.963
10.0184 3.16094e-05 284.694
10.0333 3.15837e-05 288.351
10.0482 3.1558e-05 291.931
10.0632 3.15323e-05 295.43
10.0781 3.15066e-05 298.845
10.093 3.1481e-05 302.171
10.1079 3.14554e-05 305.406
10.1228 3.14299e-05 308.547
10.1377 3.14045e-05 311.592
10.1527 3.13792e-05 314.539
10.1676 3.1354e-05 317.386
10.1825 3.1329e-05 320.132
10.1974 3.13041e-05 322.776
10.2123 3.12794e-05 325.318
10.2272 3.12548e-05 327.758
10.2421 3.12305e-05 330.094
10.2571 3.12063e-05 332.329
10.272 3.11823e-05 334.461
10.2869 3.11585e-05 336.493
10.3018 3.11349e-05 338.426
10.3167 3.11114e-05 340.26
10.3316 3.10882e-05 341.997
10.3465 3.10651e-05 343.639
10.3615 3.10422e-05 345.188
10.3764 3.10195e-05 346.646
10.3913 3.0997e-05 348.016
10.4062 3.09746e-05 349.298
10.4211 3.09523e-05 350.496
10.436 3.09302e-05 351.613
10.451 3.09083e-05 352.65
10.4659 3.08865e-05 353.61
10.4808 3.08647e-05 354.496
10.4957 3.08431e-05 355.31
10.5106 3.08216e-05 356.056
10.5255 3.08002e-05 356.734
10.5404 3.07789e-05 357.349
10.5554 3.07577e-05 357.903
10.5703 3.07366e-05 358.397
10.5852 3.07155e-05 358.835
10.6001 3.06945e-05 359.22
10.615 3.06735e-05 359.552
10.6299 3.06526e-05 359.836
10.6448 3.06318e-05 360.072
10.6598 3.0611e-05 360.264
10.6747 3.05902e-05 360.413
10.6896 3.05695e-05 360.521
10.7045 3.05488e-05 360.591
10.7194 3.05282e-05 360.624
10.7343 3.05076e-05 360.622
10.7492 3.0487e-05 360.587
10.7642 3.04665e-05 360.521
10.7791 3.0446e-05 360.426
10.794 3.04255e-05 360.302
10.8089 3.0405e-05 360.152
10.8238 3.03846e-05 359.977
10.8387 3.03642e-05 359.779
10.8537 3.03438e-05 359.558
10.8686 3.03235e-05 359.316
10.8835 3.03031e-05 359.054
10.8984 3.02828e-05 358.774
10.9133 3.02625e-05 358.476
10.9282 3.02423e-05 358.161
10.9431 3.02221e-05 357.831
10.9581 3.02019e-05 357.487
10.973 3.01817e-05 357.129
10.9879 3.01615e-05 356.758
11.0028 3.01414e-05 356.375
11.0177 3.01213e-05 355.98
11.0326 3.01012e-05 355.576
11.0475 3.00812e-05 355.161
11.0625 3.00611e-05 354.737
11.0774 3.00412e-05 354.305
11.0923 3.00212e-05 353.865
11.1072 3.00013e-05 353.417
11.1221 2.99814e-05 352.962
11.137 2.99615e-05 352.501
11.152 2.99416e-05 352.034
11.1669 2.99218e-05 351.562
11.1818 2.9902e-05 351.084
11.1967 2.98823e-05 350.602
11.2116 2.98625e-05 350.115
11.2265 2.98428e-05 349.624
11.2414 2.98232e-05 349.13
11.2564 2.98035e-05 348.632
11.2713 2.97839e-05 348.131
11.2862 2.97644e-05 347.627
11.3011 2.97448e-05 347.121
11.316 2.97253e-05 346.613
11.3309 2.97059e-05 346.102
11.3458 2.96864e-05 345.589
11.3608 2.9667e-05 345.075
11.3757 2.96477e-05 344.56
11.3906 2.96283e-05 344.043
11.4055 2.9609e-05 343.524
11.4204 2.95898e-05 343.005
11.4353 2.95705e-05 342.485
11.4503 2.95513e-05 341.965
11.4652 2.95322e-05 341.444
11.4801 2.9513e-05 340.922
11.495 2.94939e-05 340.4
11.5099 2.94749e-05 339.878
11.5248 2.94558e-05 339.356
11.5397 2.94368e-05 338.834
11.5547 2.94179e-05 338.311
11.5696 2.93989e-05 337.789
11.5845 2.938e-05 337.268
11.5994 2.93612e-05 336.746
11.6143 2.93424e-05 336.225
11.6292 2.93236e-05 335.704
11.6441 2.93048e-05 335.184
11.6591 2.92861e-05 334.664
11.674 2.92674e-05 334.145
11.6889 2.92487e-05 333.627
11.7038 2.92301e-05 333.109
11.7187 2.92115e-05 332.592
11.7336 2.9193e-05 332.076
11.7485 2.91745e-05 331.561
11.7635 2.9156e-05 331.046
11.7784 2.91375e-05 330.533
11.7933 2.91191e-05 330.02
11.8082 2.91007e-05 329.508
11.8231 2.90824e-05 328.998
11.838 2.90641e-05 328.488
11.853 2.90458e-05 327.979
11.8679 2.90276e-05 327.471
11.8828 2.90094e-05 326.965
11.8977 2.89912e-05 326.459
11.9126 2.8973e-05 325.955
11.9275 2.89549e-05 325.451
11.9424 2.89368e-05 324.949
11.9574 2.89188e-05 324.448
11.9723 2.89008e-05 323.948
11.9872 2.88828e-05 323.449
12.0021 2.88649e-05 322.952
12.017 2.8847e-05 322.455
12.0319 2.88291e-05 321.96
12.0468 2.88112e-05 321.466
12.0618 2.87934e-05 320.973
12.0767 2.87756e-05 320.481
12.0916 2.87579e-05 319.991
12.1065 2.87402e-05 319.501
12.1214 2.87225e-05 319.013
12.1363 2.87048e-05 318.527
12.1513 2.86872e-05 318.041
12.1662 2.86696e-05 317.557
12.1811 2.86521e-05 317.073
12.196 2.86346e-05 316.591
12.2109 2.86171e-05 316.111
12.2258 2.85996e-05 315.631
12.2407 2.85822e-05 315.153
12.2557 2.85648e-05 314.676
12.2706 2.85474e-05 314.2
12.2855 2.85301e-05 313.726
12.3004 2.85128e-05 313.252
12.3153 2.84955e-05 312.78
12.3302 2.84783e-05 312.309
12.3451 2.84611e-05 311.84
12.3601 2.84439e-05 311.371
12.375 2.84268e-05 310.904
12.3899 2.84096e-05 310.438
12.4048 2.83926e-05 309.973
12.4197 2.83755e-05 309.51
12.4346 2.83585e-05 309.047
12.4495 2.83415e-05 308.586
12.4645 2.83245e-05 308.126
12.4794 2.83076e-05 307.668
12.4943 2.82907e-05 307.21
12.5092 2.82738e-05 306.754
12.5241 2.8257e-05 306.299
12.539 2.82402e-05 305.845
12.554 2.82234e-05 305.392
12.5689 2.82067e-05 304.941
12.5838 2.81899e-05 304.49
12.5987 2.81732e-05 304.041
12.6136 2.81566e-05 303.593
12.6285 2.814e-05 303.147
12.6434 2.81234e-05 302.701
12.6584 2.81068e-05 302.256
12.6733 2.80902e-05 301.813
12.6882 2.80737e-05 301.371
12.7031 2.80572e-05 300.93
12.718 2.80408e-05 300.49
12.7329 2.80244e-05 300.052
12.7478 2.8008e-05 299.614
12.7628 2.79916e-05 299.178
12.7777 2.79752e-05 298.743
12.7926 2.79589e-05 298.308
12.8075 2.79426e-05 297.875
12.8224 2.79264e-05 297.444
12.8373 2.79102e-05 297.013
12.8523 2.7894e-05 296.583
12.8672 2.78778e-05 296.155
12.8821 2.78617e-05 295.727
12.897 2.78455e-05 295.301
12.9119 2.78294e-05 294.876
12.9268 2.78134e-05 294.452
12.9417 2.77974e-05 294.029
12.9567 2.77814e-05 293.607
12.9716 2.77654e-05 293.186
12.9865 2.77494e-05 292.767
13.0014 2.77335e-05 292.348
13.0163 2.77176e-05 291.931
13.0312 2.77017e-05 291.514
13.0461 2.76859e-05 291.099
13.0611 2.76701e-05 290.685
13.076 2.76543e-05 290.271
13.0909 2.76386e-05 289.859
13.1058 2.76228e-05 289.448
13.1207 2.76071e-05 289.038
13.1356 2.75914e-05 288.629
13.1506 2.75758e-05 288.221
13.1655 2.75602e-05 287.814
13.1804 2.75446e-05 287.408
13.1953 2.7529e-05 287.003
13.2102 2.75135e-05 286.599
13.2251 2.74979e-05 286.197
13.24 2.74824e-05 285.795
13.255 2.7467e-05 285.394
13.2699 2.74515e-05 284.994
13.2848 2.74361e-05 284.596
13.2997 2.74207e-05 284.198
13.3146 2.74054e-05 283.801
13.3295 2.739e-05 283.405
13.3444 2.73747e-05 283.011
13.3594 2.73594e-05 282.617
13.3743 2.73442e-05 282.224
13.3892 2.73289e-05 281.832
13.4041 2.73137e-05 281.442
13.419 2.72985e-05 281.052
13.4339 2.72834e-05 280.663
13.4488 2.72683e-05 280.275
13.4638 2.72531e-05 279.888
13.4787 2.72381e-05 279.502
13.4936 2.7223e-05 279.117
13.5085 2.7208e-05 278.733
13.5234 2.7193e-05 278.35
13.5383 2.7178e-05 277.968
13.5533 2.7163e-05 277.587
13.5682 2.71481e-05 277.207
13.5831 2.71332e-05 276.827
13.598 2.71183e-05 276.449
13.6129 2.71034e-05 276.072
13.6278 2.70886e-05 275.695
13.6427 2.70738e-05 275.32
13.6577 2.7059e-05 274.945
13.6726 2.70442e-05 274.571
13.6875 2.70295e-05 274.199
13.7024 2.70148e-05 273.827
13.7173 2.70001e-05 273.456
13.7322 2.69854e-05 273.086
13.7471 2.69708e-05 272.717
13.7621 2.69562e-05 272.349
13.777 2.69416e-05 271.981
13.7919 2.6927e-05 271.615
13.8068 2.69125e-05 271.249
13.8217 2.68979e-05 270.885
13.8366 2.68834e-05 270.521
13.8516 2.6869e-05 270.158
13.8665 2.68545e-05 269.796
13.8814 2.68401e-05 269.435
13.8963 2.68257e-05 269.075
13.9112 2.68113e-05 268.715
13.9261 2.67969e-05 268.357
13.941 2.67826e-05 267.999
13.956 2.67683e-05 267.642
13.9709 2.6754e-05 267.286
13.9858 2.67397e-05 266.931
14.0007 2.67255e-05 266.577
14.0156 2.67112e-05 266.224
14.0305 2.6697e-05 265.871
14.0454 2.66828e-05 265.52
14.0604 2.66687e-05 265.169
14.0753 2.66546e-05 264.819
14.0902 2.66404e-05 264.47
14.1051 2.66264e-05 264.121
14.12 2.66123e-05 263.774
14.1349 2.65982e-05 263.427
14.1498 2.65842e-05 263.081
14.1648 2.65702e-05 262.736
14.1797 2.65562e-05 262.392
14.1946 2.65423e-05 262.049
14.2095 2.65284e-05 261.706
14.2244 2.65144e-05 261.365
14.2393 2.65006e-05 261.024
14.2543 2.64867e-05 260.683
14.2692 2.64728e-05 260.344
14.2841 2.6459e-05 260.006
14.299 2.64452e-05 259.668
14.3139 2.64314e-05 259.331
14.3288 2.64177e-05 258.995
14.3437 2.64039e-05 258.659
14.3587 2.63902e-05 258.325
14.3736 2.63765e-05 257.991
14.3885 2.63629e-05 257.658
14.4034 2.63492e-05 257.326
14.4183 2.63356e-05 256.994
14.4332 2.6322e-05 256.664
14.4481 2.63084e-05 256.334
14.4631 2.62948e-05 256.004
14.478 2.62812e-05 255.676
14.4929 2.62677e-05 255.348
14.5078 2.62542e-05 255.022
14.5227 2.62407e-05 254.695
14.5376 2.62273e-05 254.37
14.5526 2.62138e-05 254.046
14.5675 2.62004e-05 253.722
14.5824 2.6187e-05 253.399
14.5973 2.61736e-05 253.076
14.6122 2.61603e-05 252.755
14.6271 2.61469e-05 252.434
14.642 2.61336e-05 252.114
14.657 2.61203e-05 251.794
14.6719 2.6107e-05 251.476
14.6868 2.60938e-05 251.158
14.7017 2.60805e-05 250.84
14.7166 2.60673e-05 250.524
14.7315 2.60541e-05 250.208
14.7464 2.60409e-05 249.893
14.7614 2.60278e-05 249.579
14.7763 2.60146e-05 249.265
14.7912 2.60015e-05 248.952
14.8061 2.59884e-05 248.64
14.821 2.59753e-05 248.329
14.8359 2.59623e-05 248.018
14.8509 2.59492e-05 247.708
14.8658 2.59362e-05 247.398
14.8807 2.59233e-05 247.09
14.8956 2.59104e-05 246.783
14.9105 2.58979e-05 246.478
14.9254 2.5886e-05 246.177
14.9403 2.58756e-05 245.885
14.9553 2.58674e-05 245.609
14.9702 2.58623e-05 245.356
14.9851 2.58603e-05 245.129
15 2.58602e-05 244.924
