0.1 0.000320477 11947.8
0.114915 0.000284921 49961
0.12983 0.00028273 24847.4
0.144745 0.000260455 30386.7
0.15966 0.000251508 24608.2
0.174575 0.000238748 24464.2
0.189489 0.000230029 22301.2
0.204404 0.000221047 21324.8
0.219319 0.000213608 20077.8
0.234234 0.000206592 19143.1
0.249149 0.000200363 18236.8
0.264064 0.000194598 17453
0.278979 0.000189336 16731.7
0.293894 0.000184463 16081.2
0.308809 0.000179956 15484.9
0.323724 0.00017576 14938.4
0.338639 0.000171846 14434.7
0.353554 0.000168182 13969
0.368468 0.000164743 13536.9
0.383383 0.000161506 13134.7
0.398298 0.000158453 12759.3
0.413213 0.000155567 12408.1
0.428128 0.000152833 12078.6
0.443043 0.000150239 11768.9
0.457958 0.000147772 11477
0.472873 0.000145423 11201.6
0.487788 0.000143182 10941
0.502703 0.000141042 10694.2
0.517618 0.000138995 10460
0.532533 0.000136996 10236.4
0.547447 0.000133964 9976.26
0.562362 0.000131749 8325.89
0.577277 0.000130898 5010.57
0.592192 0.000134897 1315.24
0.607107 0.000124318 3621.92
0.622022 0.000131432 896.186
0.636937 0.000120465 3342.89
0.651852 0.000128677 862.304
0.666767 0.00011763 3184.06
0.681682 0.000125935 842.145
0.696597 0.000114994 3059.69
0.711512 0.000123357 827.985
0.726426 0.000112473 2953.06
0.741341 0.00012095 779.645
0.756256 0.000110231 2793.5
0.771171 0.000118605 764.413
0.786086 0.00010806 2698.72
0.801001 0.00011644 758.622
0.815916 0.00010598 2625.12
0.830831 0.000114415 755.013
0.845746 0.000104008 2559.32
0.860661 0.000112498 753.466
0.875576 0.000102134 2500.52
0.89049 0.000110682 752.989
0.905405 0.000100353 2446.62
0.92032 0.000108955 753.415
0.935235 9.86568e-05 2396.99
0.95015 0.000107311 754.404
0.965065 9.70403e-05 2350.77
0.97998 0.000105742 755.864
0.994895 9.54974e-05 2307.57
1.00981 0.000104242 757.636
1.02472 9.40232e-05 2266.95
1.03964 0.000102806 759.673
1.05455 9.26128e-05 2228.64
1.06947 0.00010143 761.888
1.08438 9.12621e-05 2192.35
1.0993 0.00010011 764.254
1.11421 8.99672e-05 2157.92
1.12913 9.88405e-05 766.72
1.14404 8.87244e-05 2125.14
1.15896 9.76193e-05 769.272
1.17387 8.75306e-05 2093.89
1.18879 9.64432e-05 771.876
1.2037 8.63828e-05 2064.01
1.21862 9.53091e-05 774.525
1.23353 8.52782e-05 2035.43
1.24845 9.42145e-05 777.197
1.26336 8.42144e-05 2008.01
1.27828 9.31571e-05 779.887
1.29319 8.3189e-05 1981.7
1.30811 9.21346e-05 782.58
1.32302 8.21998e-05 1956.4
1.33794 9.11451e-05 785.275
1.35285 8.12451e-05 1932.05
1.36777 9.01867e-05 787.96
1.38268 8.03228e-05 1908.58
1.3976 8.92577e-05 790.636
1.41251 7.94313e-05 1885.95
1.42743 8.83566e-05 793.293
1.44234 7.85691e-05 1864.1
1.45726 8.74817e-05 795.934
1.47217 7.77347e-05 1842.98
1.48709 8.66319e-05 798.55
1.502 7.69268e-05 1822.55
1.51692 8.58057e-05 801.144
1.53183 7.61441e-05 1802.77
1.54675 8.50019e-05 803.711
1.56166 7.53856e-05 1783.6
1.57658 8.42194e-05 806.253
1.59149 7.46502e-05 1765.01
1.60641 8.34569e-05 808.765
1.62132 7.39373e-05 1746.94
1.63624 8.27131e-05 811.249
1.65115 7.32461e-05 1729.35
1.66607 8.19864e-05 813.703
1.68098 7.25768e-05 1712.18
1.6959 8.12747e-05 816.13
1.71081 7.19299e-05 1695.33
1.72573 8.05751e-05 818.527
1.74064 7.13072e-05 1678.65
1.75556 7.98829e-05 820.9
1.77047 7.07127e-05 1661.91
1.78539 7.91905e-05 823.253
1.8003 7.0154e-05 1644.69
1.81522 7.84854e-05 825.604
1.83013 6.96447e-05 1626.29
1.84505 7.77477e-05 827.993
1.85996 6.92078e-05 1605.51
1.87487 7.69473e-05 830.536
1.88979 6.8878e-05 1580.37
1.9047 7.6046e-05 833.544
1.91962 6.87002e-05 1547.83
1.93453 7.50092e-05 837.805
1.94945 6.87099e-05 1503.76
1.96436 7.38351e-05 845.065
1.97928 6.8891e-05 1443.75
1.99419 7.25844e-05 858.441
2.00911 6.91369e-05 1365.44
2.02402 7.13747e-05 881.947
2.03894 6.92879e-05 1271.07
2.05385 7.03214e-05 918.692
2.06877 6.92385e-05 1167.42
2.08368 6.94721e-05 969.271
2.0986 6.89953e-05 1062.77
2.11351 6.87924e-05 1043.8
2.12843 6.85641e-05 969.2
2.14334 6.83251e-05 874.906
2.15826 6.80847e-05 779.365
2.17317 6.78464e-05 690.856
2.18809 6.76113e-05 612.497
2.203 6.73795e-05 544.951
2.21792 6.71508e-05 487.763
2.23283 6.6925e-05 439.997
2.24775 6.67018e-05 400.544
2.26266 6.6481e-05 368.264
2.27758 6.62626e-05 342.06
2.29249 6.60465e-05 320.92
2.30741 6.58325e-05 303.936
2.32232 6.56207e-05 290.318
2.33724 6.54109e-05 279.389
2.35215 6.52031e-05 270.585
2.36707 6.49973e-05 263.445
2.38198 6.47935e-05 257.595
2.3969 6.45916e-05 252.739
2.41181 6.43915e-05 248.647
2.42673 6.41933e-05 245.137
2.44164 6.39969e-05 242.072
2.45656 6.38024e-05 239.345
2.47147 6.36095e-05 236.878
2.48639 6.34185e-05 234.609
2.5013 6.32291e-05 232.494
2.51622 6.30414e-05 230.498
2.53113 6.28554e-05 228.596
2.54605 6.2671e-05 226.769
2.56096 6.24883e-05 225.003
2.57588 6.23071e-05 223.288
2.59079 6.21275e-05 221.615
2.60571 6.19494e-05 219.979
2.62062 6.17729e-05 218.375
2.63554 6.15979e-05 216.799
2.65045 6.14243e-05 215.249
2.66537 6.12522e-05 213.724
2.68028 6.10815e-05 212.221
2.6952 6.09123e-05 210.739
2.71011 6.07446e-05 209.278
2.72503 6.05777e-05 212.198
2.73994 6.04132e-05 208.562
2.75485 6.02488e-05 211.835
2.76977 6.00871e-05 206.973
2.78468 5.9925e-05 212.823
2.7996 5.97663e-05 206.066
2.81451 5.96065e-05 212.798
2.82943 5.94506e-05 204.689
2.84434 5.92929e-05 213.521
2.85926 5.91398e-05 203.693
2.87417 5.89843e-05 213.681
2.88909 5.88339e-05 202.448
2.904 5.86804e-05 214.255
2.91892 5.85326e-05 201.419
2.93383 5.83812e-05 214.514
2.94875 5.8236e-05 200.26
2.96366 5.80864e-05 215.002
2.97858 5.79438e-05 199.227
2.99349 5.77962e-05 215.314
3.00841 5.76559e-05 198.131
3.02332 5.75102e-05 215.752
3.03824 5.73724e-05 197.11
3.05315 5.72284e-05 216.091
3.06807 5.70929e-05 196.06
3.08298 5.69507e-05 216.498
3.0979 5.68176e-05 195.059
3.11281 5.6677e-05 216.849
3.12773 5.65461e-05 194.048
3.14264 5.64072e-05 217.237
3.15756 5.62786e-05 193.07
3.17247 5.61412e-05 217.592
3.18739 5.60148e-05 192.093
3.2023 5.58789e-05 217.967
3.21722 5.57547e-05 191.14
3.23213 5.56203e-05 218.323
3.24705 5.54982e-05 190.193
3.26196 5.53652e-05 218.688
3.27688 5.52451e-05 189.264
3.29179 5.51136e-05 219.041
3.30671 5.49956e-05 188.345
3.32162 5.48654e-05 219.398
3.33654 5.47494e-05 187.441
3.35145 5.46205e-05 219.748
3.36637 5.45064e-05 186.548
3.38128 5.43789e-05 220.099
3.3962 5.42667e-05 185.668
3.41111 5.41404e-05 220.445
3.42603 5.40301e-05 184.798
3.44094 5.3905e-05 220.79
3.45586 5.37966e-05 183.942
3.47077 5.36727e-05 221.132
3.48569 5.35661e-05 183.096
3.5006 5.34434e-05 221.472
3.51552 5.33386e-05 182.261
3.53043 5.32169e-05 221.809
3.54535 5.31139e-05 181.437
3.56026 5.29933e-05 222.144
3.57518 5.2892e-05 180.624
3.59009 5.27725e-05 222.476
3.60501 5.26729e-05 179.821
3.61992 5.25544e-05 222.807
3.63483 5.24565e-05 179.028
3.64975 5.2339e-05 223.135
3.66466 5.22428e-05 178.245
3.67958 5.21263e-05 223.461
3.69449 5.20316e-05 177.472
3.70941 5.19161e-05 223.785
3.72432 5.18231e-05 176.709
3.73924 5.17084e-05 224.106
3.75415 5.16169e-05 175.955
3.76907 5.15031e-05 224.426
3.78398 5.14133e-05 175.21
3.7989 5.13003e-05 224.743
3.81381 5.1212e-05 174.474
3.82873 5.10999e-05 225.059
3.84364 5.10131e-05 173.746
3.85856 5.09018e-05 225.372
3.87347 5.08165e-05 173.028
3.88839 5.0706e-05 225.684
3.9033 5.06222e-05 172.318
3.91822 5.05124e-05 225.993
3.93313 5.043e-05 171.616
3.94805 5.0321e-05 226.301
3.96296 5.02401e-05 170.922
3.97788 5.01318e-05 226.606
3.99279 5.00523e-05 170.237
4.00771 4.99447e-05 226.91
4.02262 4.98671e-05 169.559
4.03754 4.97587e-05 235.712
4.05245 4.96826e-05 172.009
4.06737 4.95774e-05 221.36
4.08228 4.95013e-05 165.943
4.0972 4.93952e-05 229.814
4.11211 4.93218e-05 168.304
4.12703 4.92163e-05 231.207
4.14194 4.9144e-05 168.05
4.15686 4.90393e-05 229.906
4.17177 4.8968e-05 166.827
4.18669 4.88644e-05 227.629
4.2016 4.87938e-05 165.263
4.21652 4.86912e-05 225.025
4.23143 4.86215e-05 163.592
4.24635 4.852e-05 222.335
4.26126 4.8451e-05 161.901
4.27618 4.83505e-05 219.645
4.29109 4.82822e-05 160.221
4.30601 4.81828e-05 216.989
4.32092 4.81152e-05 158.563
4.33584 4.80168e-05 214.375
4.35075 4.79499e-05 156.931
4.36567 4.78525e-05 211.809
4.38058 4.77863e-05 155.327
4.3955 4.76901e-05 209.291
4.41041 4.76242e-05 156.955
4.42533 4.75288e-05 210.04
4.44024 4.74643e-05 153.375
4.45516 4.73702e-05 205.576
4.47007 4.73049e-05 159.853
4.48498 4.72115e-05 211.161
4.4999 4.71488e-05 152.504
4.51481 4.70565e-05 203.002
4.52973 4.6992e-05 161.539
4.54464 4.69005e-05 211.074
4.55956 4.68394e-05 151.221
4.57447 4.6749e-05 200.071
4.58939 4.66852e-05 163.737
4.6043 4.65955e-05 211.488
4.61922 4.65361e-05 150.143
4.63413 4.64474e-05 197.394
4.64905 4.63844e-05 165.718
4.66396 4.62964e-05 211.689
4.67888 4.62386e-05 149.013
4.69379 4.61517e-05 194.715
4.70871 4.60892e-05 167.791
4.72362 4.6003e-05 211.976
4.73854 4.59467e-05 147.937
4.75345 4.58615e-05 192.135
4.76837 4.57996e-05 169.824
4.78328 4.57151e-05 212.224
4.7982 4.56603e-05 146.869
4.81311 4.55767e-05 189.61
4.82803 4.55143e-05 171.872
4.84294 4.54357e-05 198.685
4.85786 4.53771e-05 159.663
4.87277 4.5295e-05 200.3
4.88769 4.52387e-05 157.141
4.9026 4.51574e-05 197.172
4.91752 4.51008e-05 160.267
4.93243 4.50203e-05 199.344
4.94735 4.4965e-05 157.072
4.96226 4.48853e-05 195.619
4.97718 4.48295e-05 160.951
4.99209 4.47505e-05 198.481
5.00701 4.46963e-05 156.91
5.02192 4.46181e-05 194.012
5.03684 4.4563e-05 161.735
5.05175 4.44855e-05 197.73
5.06667 4.44323e-05 156.636
5.08158 4.43557e-05 192.331
5.0965 4.43011e-05 162.649
5.11141 4.42252e-05 197.112
5.12633 4.4173e-05 156.221
5.14124 4.40978e-05 190.552
5.15616 4.40438e-05 163.726
5.17107 4.39693e-05 196.656
5.18599 4.39182e-05 155.632
5.2009 4.38444e-05 188.647
5.21582 4.37909e-05 165.012
5.23073 4.37178e-05 196.397
5.24565 4.36678e-05 154.826
5.26056 4.35954e-05 186.579
5.27548 4.35422e-05 166.564
5.29039 4.34706e-05 196.38
5.30531 4.34216e-05 153.754
5.32022 4.33507e-05 184.305
5.33514 4.32977e-05 168.456
5.35005 4.32274e-05 196.664
5.36496 4.31797e-05 152.354
5.37988 4.31101e-05 181.773
5.39479 4.30563e-05 170.783
5.40971 4.2991e-05 187.16
5.42462 4.29398e-05 162.923
5.43954 4.28715e-05 189.824
5.45445 4.28228e-05 158.972
5.46937 4.27551e-05 185.728
5.48428 4.27053e-05 163.681
5.4992 4.26384e-05 189.189
5.51411 4.25904e-05 158.686
5.52903 4.25241e-05 184.223
5.54394 4.24747e-05 164.567
5.55886 4.2409e-05 188.677
5.57377 4.23618e-05 158.261
5.58869 4.22968e-05 182.623
5.6036 4.22477e-05 165.615
5.61852 4.21833e-05 188.315
5.63343 4.21369e-05 157.662
5.64835 4.20731e-05 180.9
5.66326 4.20242e-05 166.871
5.67818 4.19611e-05 188.136
5.69309 4.19156e-05 156.849
5.70801 4.1853e-05 179.02
5.72292 4.18042e-05 168.391
5.73784 4.17424e-05 188.184
5.75275 4.16978e-05 155.771
5.76767 4.16364e-05 176.942
5.78258 4.15874e-05 170.25
5.7975 4.15279e-05 180.065
5.81241 4.14822e-05 165.32
5.82733 4.14225e-05 183.821
5.84224 4.13746e-05 159.776
5.85716 4.13177e-05 178.612
5.87207 4.12697e-05 166.268
5.88699 4.12106e-05 183.434
5.9019 4.11669e-05 159.269
5.91682 4.11086e-05 177.06
5.93173 4.10604e-05 167.389
5.94665 4.10055e-05 183.205
5.96156 4.09591e-05 158.563
5.97648 4.09023e-05 175.366
5.99139 4.08566e-05 168.758
6.00631 4.08005e-05 183.177
6.02122 4.07559e-05 157.615
6.03614 4.07007e-05 173.5
6.05105 4.0654e-05 170.42
6.06597 4.05991e-05 174.774
6.08088 4.05555e-05 168.05
6.0958 4.05009e-05 180.92
6.11071 4.04552e-05 159.088
6.12563 4.04015e-05 173.11
6.14054 4.03571e-05 169.434
6.15546 4.03047e-05 180.93
6.17037 4.02585e-05 158.108
6.18529 4.02077e-05 171.273
6.2002 4.01609e-05 171.12
6.21512 4.01122e-05 171.09
6.23003 4.00634e-05 170.877
6.24494 4.00168e-05 170.944
6.25986 3.99681e-05 170.586
6.27477 3.99213e-05 170.87
6.28969 3.98735e-05 170.191
6.3046 3.9826e-05 170.954
6.31952 3.97794e-05 169.563
6.33443 3.97332e-05 177.821
6.34935 3.96849e-05 159.382
6.36426 3.96398e-05 169.261
6.37918 3.95933e-05 176.803
6.39409 3.95459e-05 160.054
6.40901 3.95011e-05 169.053
6.42392 3.94551e-05 175.869
6.43884 3.94083e-05 160.626
6.45375 3.93639e-05 168.769
6.46867 3.93184e-05 174.887
6.48358 3.92722e-05 161.278
6.4985 3.92281e-05 168.552
6.51341 3.91831e-05 173.967
6.52833 3.91374e-05 161.859
6.54324 3.90937e-05 168.284
6.55816 3.90492e-05 173.017
6.57307 3.90041e-05 162.496
6.58799 3.89607e-05 168.062
6.6029 3.89166e-05 172.113
6.61782 3.88721e-05 163.083
6.63273 3.8829e-05 167.805
6.64765 3.87854e-05 171.192
6.66256 3.87414e-05 163.709
6.67748 3.86987e-05 167.582
6.69239 3.86554e-05 170.305
6.70731 3.8612e-05 164.298
6.72222 3.85698e-05 167.334
6.73714 3.85264e-05 169.409
6.75205 3.84844e-05 170.747
6.76697 3.84415e-05 162.76
6.78188 3.83998e-05 165.245
6.7968 3.83572e-05 166.902
6.81171 3.83152e-05 167.924
6.82663 3.82733e-05 168.464
6.84154 3.82316e-05 168.64
6.85646 3.819e-05 168.543
6.87137 3.81485e-05 168.243
6.88629 3.81072e-05 167.791
6.9012 3.8066e-05 167.228
6.91612 3.8025e-05 166.583
6.93103 3.7984e-05 165.879
6.94595 3.79432e-05 165.132
6.96086 3.79026e-05 164.355
6.97578 3.7862e-05 163.557
6.99069 3.78216e-05 162.746
7.00561 3.77813e-05 161.926
7.02052 3.77412e-05 161.101
7.03544 3.77011e-05 160.274
7.05035 3.76612e-05 159.448
7.06527 3.76215e-05 158.624
7.08018 3.75818e-05 157.803
7.0951 3.75423e-05 156.985
7.11001 3.75029e-05 156.172
7.12492 3.74636e-05 155.364
7.13984 3.74245e-05 154.562
7.15475 3.73855e-05 153.765
7.16967 3.73465e-05 152.973
7.18458 3.73078e-05 152.188
7.1995 3.72691e-05 151.408
7.21441 3.72306e-05 150.635
7.22933 3.71921e-05 149.867
7.24424 3.71538e-05 149.106
7.25916 3.71156e-05 148.35
7.27407 3.70776e-05 147.601
7.28899 3.70396e-05 146.858
7.3039 3.70018e-05 146.121
7.31882 3.6964e-05 145.39
7.33373 3.69264e-05 144.665
7.34865 3.68889e-05 143.946
7.36356 3.68516e-05 143.233
7.37848 3.68143e-05 142.527
7.39339 3.67772e-05 141.826
7.40831 3.67401e-05 141.131
7.42322 3.67032e-05 140.443
7.43814 3.66664e-05 139.761
7.45305 3.66297e-05 139.085
7.46797 3.65931e-05 138.415
7.48288 3.65566e-05 137.751
7.4978 3.65202e-05 137.093
7.51271 3.64839e-05 136.442
7.52763 3.64478e-05 135.797
7.54254 3.64117e-05 135.158
7.55746 3.63758e-05 134.526
7.57237 3.63399e-05 133.9
7.58729 3.63042e-05 133.281
7.6022 3.62686e-05 132.668
7.61712 3.6233e-05 132.062
7.63203 3.61976e-05 131.462
7.64695 3.61623e-05 130.87
7.66186 3.61271e-05 130.284
7.67678 3.6092e-05 129.706
7.69169 3.6057e-05 129.134
7.70661 3.6022e-05 128.57
7.72152 3.59872e-05 128.013
7.73644 3.59525e-05 127.464
7.75135 3.59179e-05 126.922
7.76627 3.58834e-05 126.388
7.78118 3.5849e-05 125.862
7.7961 3.58147e-05 125.345
7.81101 3.57805e-05 124.835
7.82593 3.57464e-05 124.335
7.84084 3.57124e-05 123.843
7.85576 3.56785e-05 123.36
7.87067 3.56446e-05 122.887
7.88559 3.56109e-05 122.423
7.9005 3.55773e-05 121.969
7.91542 3.55437e-05 121.526
7.93033 3.55103e-05 121.093
7.94525 3.5477e-05 120.671
7.96016 3.54437e-05 120.26
7.97508 3.54105e-05 119.86
7.98999 3.53775e-05 119.473
8.0049 3.53445e-05 119.099
8.01982 3.53116e-05 118.737
8.03473 3.52788e-05 118.39
8.04965 3.52461e-05 118.056
8.06456 3.52135e-05 117.737
8.07948 3.5181e-05 117.433
8.09439 3.51486e-05 117.145
8.10931 3.51162e-05 116.873
8.12422 3.5084e-05 116.619
8.13914 3.50518e-05 116.383
8.15405 3.50198e-05 116.165
8.16897 3.49878e-05 115.968
8.18388 3.49559e-05 115.791
8.1988 3.49241e-05 115.635
8.21371 3.48924e-05 115.503
8.22863 3.48607e-05 115.393
8.24354 3.48292e-05 115.309
8.25846 3.47977e-05 115.251
8.27337 3.47663e-05 115.219
8.28829 3.4735e-05 115.217
8.3032 3.47038e-05 115.244
8.31812 3.46727e-05 115.303
8.33303 3.46417e-05 115.395
8.34795 3.46107e-05 115.522
8.36286 3.45798e-05 115.685
8.37778 3.4549e-05 115.886
8.39269 3.45183e-05 116.128
8.40761 3.44877e-05 116.413
8.42252 3.44571e-05 116.742
8.43744 3.44267e-05 117.118
8.45235 3.43963e-05 117.544
8.46727 3.4366e-05 118.021
8.48218 3.43357e-05 118.554
8.4971 3.43056e-05 119.144
8.51201 3.42755e-05 119.795
8.52693 3.42456e-05 120.51
8.54184 3.42156e-05 121.293
8.55676 3.41858e-05 122.147
8.57167 3.41561e-05 123.075
8.58659 3.41264e-05 124.083
8.6015 3.40968e-05 125.174
8.61642 3.40673e-05 126.352
8.63133 3.40378e-05 127.623
8.64625 3.40085e-05 128.992
8.66116 3.39792e-05 130.463
8.67608 3.395e-05 132.042
8.69099 3.39208e-05 133.736
8.70591 3.38918e-05 135.55
8.72082 3.38628e-05 137.491
8.73574 3.38339e-05 139.566
8.75065 3.3805e-05 141.782
8.76557 3.37763e-05 144.147
8.78048 3.37476e-05 146.668
8.7954 3.3719e-05 149.355
8.81031 3.36904e-05 152.217
8.82523 3.3662e-05 155.262
8.84014 3.36336e-05 158.502
8.85506 3.36052e-05 161.946
8.86997 3.3577e-05 165.605
8.88488 3.35488e-05 169.491
8.8998 3.35158e-05 173.608
8.91471 3.34986e-05 162.724
8.92963 3.34614e-05 170.761
8.94454 3.34404e-05 169.216
8.95946 3.33991e-05 178.451
8.97437 3.33926e-05 160.865
8.98929 3.33461e-05 174.522
9.0042 3.33341e-05 168.995
9.01912 3.32811e-05 184.066
9.03403 3.32902e-05 158.721
9.04895 3.32301e-05 178.664
9.06386 3.32309e-05 168.876
9.07878 3.31608e-05 190.506
9.09369 3.31926e-05 156.277
9.10861 3.31127e-05 183.133
9.12352 3.31316e-05 168.917
9.13844 3.30367e-05 197.829
9.15335 3.31012e-05 153.522
9.16827 3.29931e-05 187.854
9.18318 3.30373e-05 169.184
9.1981 3.29066e-05 206.094
9.21301 3.30181e-05 150.451
9.22793 3.28702e-05 192.739
9.24284 3.29434e-05 169.73
9.25776 3.27834e-05 215.393
9.27267 3.29366e-05 152.47
9.28759 3.27247e-05 203.056
9.3025 3.28837e-05 164.017
9.31742 3.26445e-05 219.131
9.33233 3.28617e-05 160.69
9.34725 3.25775e-05 220.562
9.36216 3.28275e-05 164.855
9.37708 3.25027e-05 229.822
9.39199 3.27804e-05 172.072
9.40691 3.24563e-05 226.339
9.42182 3.27308e-05 174.638
9.43674 3.24012e-05 226.389
9.45165 3.26793e-05 178.62
9.46657 3.23529e-05 223.85
9.48148 3.26267e-05 181.642
9.4964 3.23029e-05 223.247
9.51131 3.25716e-05 185.487
9.52623 3.22589e-05 221.252
9.54114 3.25146e-05 188.792
9.55606 3.22152e-05 220.325
9.57097 3.24544e-05 192.57
9.58589 3.21772e-05 218.666
9.6008 3.23913e-05 196.039
9.61572 3.21414e-05 217.606
9.63063 3.23241e-05 199.768
9.64555 3.21113e-05 216.177
9.66046 3.22531e-05 203.309
9.67538 3.20848e-05 215.095
9.69029 3.21774e-05 206.977
9.70521 3.20642e-05 213.844
9.72012 3.20897e-05 210.495
9.73504 3.20597e-05 210.913
9.74995 3.20321e-05 213.187
9.76486 3.2006e-05 216.399
9.77978 3.19808e-05 220.091
9.79469 3.1956e-05 224.031
9.80961 3.19315e-05 228.1
9.82452 3.19071e-05 232.232
9.83944 3.18828e-05 236.395
9.85435 3.18586e-05 240.566
9.86927 3.18345e-05 244.732
9.88418 3.18104e-05 248.884
9.8991 3.17863e-05 253.015
9.91401 3.17623e-05 257.117
9.92893 3.17383e-05 261.185
9.94384 3.17143e-05 265.212
9.95876 3.16904e-05 269.194
9.97367 3.16666e-05 273.123
9.98859 3.16427e-05 276.996
10.0035 3.1619e-05 280.807
10.0184 3.15952e-05 284.551
10.0333 3.15715e-05 288.223
10.0482 3.15479e-05 291.82
10.0632 3.15243e-05 295.336
10.0781 3.15007e-05 298.769
10.093 3.14772e-05 302.114
10.1079 3.14537e-05 305.369
10.1228 3.14303e-05 308.53
10.1377 3.1407e-05 311.596
10.1527 3.13837e-05 314.563
10.1676 3.13604e-05 317.43
10.1825 3.13373e-05 320.197
10.1974 3.13141e-05 322.86
10.2123 3.12911e-05 325.421
10.2272 3.12681e-05 327.879
10.2421 3.12452e-05 330.232
10.2571 3.12223e-05 332.483
10.272 3.11995e-05 334.631
10.2869 3.11767e-05 336.677
10.3018 3.11541e-05 338.622
10.3167 3.11315e-05 340.467
10.3316 3.11089e-05 342.215
10.3465 3.10864e-05 343.866
10.3615 3.1064e-05 345.422
10.3764 3.10416e-05 346.887
10.3913 3.10193e-05 348.261
10.4062 3.0997e-05 349.547
10.4211 3.09748e-05 350.748
10.436 3.09527e-05 351.866
10.451 3.09306e-05 352.904
10.4659 3.09086e-05 353.863
10.4808 3.08866e-05 354.748
10.4957 3.08647e-05 355.56
10.5106 3.08428e-05 356.303
10.5255 3.0821e-05 356.978
10.5404 3.07992e-05 357.589
10.5554 3.07775e-05 358.137
10.5703 3.07559e-05 358.627
10.5852 3.07342e-05 359.059
10.6001 3.07127e-05 359.438
10.615 3.06911e-05 359.764
10.6299 3.06697e-05 360.041
10.6448 3.06482e-05 360.271
10.6598 3.06268e-05 360.456
10.6747 3.06055e-05 360.598
10.6896 3.05842e-05 360.7
10.7045 3.0563e-05 360.763
10.7194 3.05417e-05 360.79
10.7343 3.05206e-05 360.781
10.7492 3.04995e-05 360.74
10.7642 3.04784e-05 360.668
10.7791 3.04573e-05 360.566
10.794 3.04363e-05 360.436
10.8089 3.04154e-05 360.28
10.8238 3.03945e-05 360.099
10.8387 3.03736e-05 359.895
10.8537 3.03528e-05 359.669
10.8686 3.0332e-05 359.422
10.8835 3.03112e-05 359.155
10.8984 3.02905e-05 358.869
10.9133 3.02699e-05 358.567
10.9282 3.02492e-05 358.248
10.9431 3.02287e-05 357.913
10.9581 3.02081e-05 357.565
10.973 3.01876e-05 357.202
10.9879 3.01672e-05 356.828
11.0028 3.01467e-05 356.441
11.0177 3.01263e-05 356.043
11.0326 3.0106e-05 355.635
11.0475 3.00857e-05 355.217
11.0625 3.00654e-05 354.791
11.0774 3.00452e-05 354.355
11.0923 3.0025e-05 353.912
11.1072 3.00049e-05 353.462
11.1221 2.99848e-05 353.005
11.137 2.99647e-05 352.541
11.152 2.99447e-05 352.072
11.1669 2.99247e-05 351.598
11.1818 2.99048e-05 351.118
11.1967 2.98848e-05 350.634
11.2116 2.9865e-05 350.145
11.2265 2.98451e-05 349.653
11.2414 2.98254e-05 349.157
11.2564 2.98056e-05 348.657
11.2713 2.97859e-05 348.155
11.2862 2.97662e-05 347.65
11.3011 2.97466e-05 347.142
11.316 2.9727e-05 346.633
11.3309 2.97074e-05 346.121
11.3458 2.96879e-05 345.607
11.3608 2.96684e-05 345.092
11.3757 2.9649e-05 344.575
11.3906 2.96295e-05 344.058
11.4055 2.96102e-05 343.539
11.4204 2.95908e-05 343.019
11.4353 2.95715e-05 342.498
11.4503 2.95523e-05 341.977
11.4652 2.95331e-05 341.455
11.4801 2.95139e-05 340.933
11.495 2.94947e-05 340.41
11.5099 2.94756e-05 339.887
11.5248 2.94565e-05 339.365
11.5397 2.94375e-05 338.842
11.5547 2.94185e-05 338.319
11.5696 2.93995e-05 337.797
11.5845 2.93806e-05 337.274
11.5994 2.93617e-05 336.753
11.6143 2.93429e-05 336.231
11.6292 2.9324e-05 335.71
11.6441 2.93053e-05 335.189
11.6591 2.92865e-05 334.669
11.674 2.92678e-05 334.15
11.6889 2.92491e-05 333.631
11.7038 2.92305e-05 333.114
11.7187 2.92119e-05 332.596
11.7336 2.91933e-05 332.08
11.7485 2.91748e-05 331.564
11.7635 2.91563e-05 331.05
11.7784 2.91378e-05 330.536
11.7933 2.91194e-05 330.023
11.8082 2.9101e-05 329.511
11.8231 2.90826e-05 329
11.838 2.90643e-05 328.49
11.853 2.9046e-05 327.981
11.8679 2.90277e-05 327.474
11.8828 2.90095e-05 326.967
11.8977 2.89913e-05 326.461
11.9126 2.89732e-05 325.957
11.9275 2.89551e-05 325.453
11.9424 2.8937e-05 324.951
11.9574 2.89189e-05 324.45
11.9723 2.89009e-05 323.95
11.9872 2.88829e-05 323.451
12.0021 2.8865e-05 322.953
12.017 2.88471e-05 322.456
12.0319 2.88292e-05 321.961
12.0468 2.88113e-05 321.467
12.0618 2.87935e-05 320.974
12.0767 2.87757e-05 320.482
12.0916 2.8758e-05 319.992
12.1065 2.87402e-05 319.502
12.1214 2.87226e-05 319.014
12.1363 2.87049e-05 318.527
12.1513 2.86873e-05 318.042
12.1662 2.86697e-05 317.557
12.1811 2.86521e-05 317.074
12.196 2.86346e-05 316.592
12.2109 2.86171e-05 316.111
12.2258 2.85997e-05 315.632
12.2407 2.85822e-05 315.154
12.2557 2.85648e-05 314.676
12.2706 2.85475e-05 314.201
12.2855 2.85301e-05 313.726
12.3004 2.85128e-05 313.253
12.3153 2.84956e-05 312.781
12.3302 2.84783e-05 312.31
12.3451 2.84611e-05 311.84
12.3601 2.84439e-05 311.372
12.375 2.84268e-05 310.904
12.3899 2.84097e-05 310.438
12.4048 2.83926e-05 309.974
12.4197 2.83755e-05 309.51
12.4346 2.83585e-05 309.048
12.4495 2.83415e-05 308.587
12.4645 2.83246e-05 308.127
12.4794 2.83076e-05 307.668
12.4943 2.82907e-05 307.21
12.5092 2.82739e-05 306.754
12.5241 2.8257e-05 306.299
12.539 2.82402e-05 305.845
12.554 2.82234e-05 305.392
12.5689 2.82067e-05 304.941
12.5838 2.819e-05 304.491
12.5987 2.81733e-05 304.041
12.6136 2.81566e-05 303.593
12.6285 2.814e-05 303.147
12.6434 2.81234e-05 302.701
12.6584 2.81068e-05 302.257
12.6733 2.80902e-05 301.813
12.6882 2.80737e-05 301.371
12.7031 2.80572e-05 300.93
12.718 2.80408e-05 300.49
12.7329 2.80244e-05 300.052
12.7478 2.8008e-05 299.614
12.7628 2.79916e-05 299.178
12.7777 2.79753e-05 298.743
12.7926 2.79589e-05 298.308
12.8075 2.79427e-05 297.876
12.8224 2.79264e-05 297.444
12.8373 2.79102e-05 297.013
12.8523 2.7894e-05 296.583
12.8672 2.78778e-05 296.155
12.8821 2.78617e-05 295.728
12.897 2.78455e-05 295.301
12.9119 2.78295e-05 294.876
12.9268 2.78134e-05 294.452
12.9417 2.77974e-05 294.029
12.9567 2.77814e-05 293.607
12.9716 2.77654e-05 293.187
12.9865 2.77494e-05 292.767
13.0014 2.77335e-05 292.348
13.0163 2.77176e-05 291.931
13.0312 2.77018e-05 291.514
13.0461 2.76859e-05 291.099
13.0611 2.76701e-05 290.685
13.076 2.76543e-05 290.271
13.0909 2.76386e-05 289.859
13.1058 2.76228e-05 289.448
13.1207 2.76071e-05 289.038
13.1356 2.75914e-05 288.629
13.1506 2.75758e-05 288.221
13.1655 2.75602e-05 287.814
13.1804 2.75446e-05 287.408
13.1953 2.7529e-05 287.003
13.2102 2.75135e-05 286.599
13.2251 2.74979e-05 286.197
13.24 2.74824e-05 285.795
13.255 2.7467e-05 285.394
13.2699 2.74515e-05 284.994
13.2848 2.74361e-05 284.596
13.2997 2.74207e-05 284.198
13.3146 2.74054e-05 283.801
13.3295 2.739e-05 283.405
13.3444 2.73747e-05 283.011
13.3594 2.73594e-05 282.617
13.3743 2.73442e-05 282.224
13.3892 2.73289e-05 281.832
13.4041 2.73137e-05 281.442
13.419 2.72986e-05 281.052
13.4339 2.72834e-05 280.663
13.4488 2.72683e-05 280.275
13.4638 2.72532e-05 279.888
13.4787 2.72381e-05 279.502
13.4936 2.7223e-05 279.117
13.5085 2.7208e-05 278.733
13.5234 2.7193e-05 278.35
13.5383 2.7178e-05 277.968
13.5533 2.7163e-05 277.587
13.5682 2.71481e-05 277.207
13.5831 2.71332e-05 276.828
13.598 2.71183e-05 276.449
13.6129 2.71034e-05 276.072
13.6278 2.70886e-05 275.695
13.6427 2.70738e-05 275.32
13.6577 2.7059e-05 274.945
13.6726 2.70442e-05 274.572
13.6875 2.70295e-05 274.199
13.7024 2.70148e-05 273.827
13.7173 2.70001e-05 273.456
13.7322 2.69854e-05 273.086
13.7471 2.69708e-05 272.717
13.7621 2.69562e-05 272.349
13.777 2.69416e-05 271.981
13.7919 2.6927e-05 271.615
13.8068 2.69125e-05 271.249
13.8217 2.68979e-05 270.885
13.8366 2.68834e-05 270.521
13.8516 2.6869e-05 270.158
13.8665 2.68545e-05 269.796
13.8814 2.68401e-05 269.435
13.8963 2.68257e-05 269.075
13.9112 2.68113e-05 268.715
13.9261 2.67969e-05 268.357
13.941 2.67826e-05 267.999
13.956 2.67683e-05 267.642
13.9709 2.6754e-05 267.287
13.9858 2.67397e-05 266.931
14.0007 2.67255e-05 266.577
14.0156 2.67112e-05 266.224
14.0305 2.6697e-05 265.871
14.0454 2.66829e-05 265.52
14.0604 2.66687e-05 265.169
14.0753 2.66546e-05 264.819
14.0902 2.66405e-05 264.47
14.1051 2.66264e-05 264.121
14.12 2.66123e-05 263.774
14.1349 2.65983e-05 263.427
14.1498 2.65842e-05 263.081
14.1648 2.65702e-05 262.736
14.1797 2.65563e-05 262.392
14.1946 2.65423e-05 262.049
14.2095 2.65284e-05 261.706
14.2244 2.65145e-05 261.365
14.2393 2.65006e-05 261.024
14.2543 2.64867e-05 260.683
14.2692 2.64728e-05 260.344
14.2841 2.6459e-05 260.006
14.299 2.64452e-05 259.668
14.3139 2.64314e-05 259.331
14.3288 2.64177e-05 258.995
14.3437 2.64039e-05 258.659
14.3587 2.63902e-05 258.325
14.3736 2.63765e-05 257.991
14.3885 2.63629e-05 257.658
14.4034 2.63492e-05 257.326
14.4183 2.63356e-05 256.994
14.4332 2.6322e-05 256.664
14.4481 2.63084e-05 256.334
14.4631 2.62948e-05 256.005
14.478 2.62813e-05 255.676
14.4929 2.62677e-05 255.349
14.5078 2.62542e-05 255.022
14.5227 2.62407e-05 254.696
14.5376 2.62273e-05 254.37
14.5526 2.62138e-05 254.046
14.5675 2.62004e-05 253.722
14.5824 2.6187e-05 253.399
14.5973 2.61736e-05 253.076
14.6122 2.61603e-05 252.755
14.6271 2.61469e-05 252.434
14.642 2.61336e-05 252.114
14.657 2.61203e-05 251.794
14.6719 2.6107e-05 251.476
14.6868 2.60938e-05 251.158
14.7017 2.60805e-05 250.84
14.7166 2.60673e-05 250.524
14.7315 2.60541e-05 250.208
14.7464 2.60409e-05 249.893
14.7614 2.60278e-05 249.579
14.7763 2.60146e-05 249.265
14.7912 2.60015e-05 248.952
14.8061 2.59884e-05 248.64
14.821 2.59753e-05 248.329
14.8359 2.59623e-05 248.018
14.8509 2.59492e-05 247.708
14.8658 2.59362e-05 247.398
14.8807 2.59232e-05 247.09
14.8956 2.59102e-05 246.782
14.9105 2.58973e-05 246.474
14.9254 2.58843e-05 246.168
14.9403 2.58714e-05 245.862
14.9553 2.58585e-05 245.557
14.9702 2.58457e-05 245.252
14.9851 2.58344e-05 244.952
15 2.58355e-05 244.706
