0.1 0.000342872 12367.3
0.114915 0.000246383 50440.7
0.12983 0.00030038 25926.4
0.144745 0.000254029 29159.9
0.15966 0.000254094 25334.5
0.174575 0.000237921 24036.9
0.189489 0.000230318 22525.9
0.204404 0.000221026 21213.7
0.219319 0.000213622 20132.8
0.234234 0.000206634 19119.1
0.249149 0.000200367 18248.8
0.264064 0.000194625 17449
0.278979 0.000189346 16734.4
0.293894 0.000184481 16081.1
0.308809 0.000179967 15485.7
0.323724 0.000175773 14938.8
0.338639 0.000171857 14435.2
0.353554 0.000168192 13969.4
0.368468 0.000164752 13537.2
0.383383 0.000161515 13135.1
0.398298 0.000158462 12759.7
0.413213 0.000155575 12408.4
0.428128 0.000152841 12078.9
0.443043 0.000150246 11769.1
0.457958 0.000147779 11477.3
0.472873 0.000145429 11201.8
0.487788 0.000143187 10941.2
0.502703 0.000141033 10693.7
0.517618 0.000138846 10453
0.532533 0.000135891 10182.4
0.547447 0.000129076 9729.06
0.562362 0.000126092 7580.42
0.577277 0.000130563 3878.2
0.592192 0.000154384 988.46
0.607107 0.000107558 3375.7
0.622022 0.00014783 907.712
0.636937 0.000104822 3135.16
0.651852 0.000144184 873.075
0.666767 0.000102292 2984.7
0.681682 0.000141177 843.662
0.696597 9.97853e-05 2849.63
0.711512 0.00013845 834.21
0.726426 9.74728e-05 2756.09
0.741341 0.000135837 829.838
0.756256 9.539e-05 2677.9
0.771171 0.000133335 827.8
0.786086 9.33298e-05 2606.82
0.801001 0.000131049 828.422
0.815916 9.13558e-05 2543.69
0.830831 0.000128911 829.957
0.845746 8.9493e-05 2485.69
0.860661 0.000126878 832.424
0.875576 8.77294e-05 2432.39
0.89049 0.000124945 835.359
0.905405 8.60633e-05 2382.81
0.92032 0.000123097 838.693
0.935235 8.44861e-05 2336.55
0.95015 0.000121328 842.253
0.965065 8.29937e-05 2293.14
0.97998 0.000119629 845.971
0.994895 8.1579e-05 2252.25
1.00981 0.000117995 849.784
1.02472 8.0238e-05 2213.64
1.03964 0.000116421 853.629
1.05455 7.8965e-05 2177.04
1.06947 0.000114903 857.493
1.08438 7.77562e-05 2142.3
1.0993 0.000113436 861.318
1.11421 7.66068e-05 2109.23
1.12913 0.000112017 865.12
1.14404 7.55136e-05 2077.71
1.15896 0.000110642 868.84
1.17387 7.44725e-05 2047.59
1.18879 0.00010931 872.513
1.2037 7.34808e-05 2018.8
1.21862 0.000108016 876.079
1.23353 7.25352e-05 1991.19
1.24845 0.00010676 879.584
1.26336 7.1633e-05 1964.74
1.27828 0.000105538 882.966
1.29319 7.07715e-05 1939.3
1.30811 0.000104348 886.283
1.32302 6.99486e-05 1914.88
1.33794 0.00010319 889.467
1.35285 6.91618e-05 1891.33
1.36777 0.000102062 892.584
1.38268 6.84092e-05 1868.69
1.3976 0.000100961 895.563
1.41251 6.76888e-05 1846.82
1.42743 9.98873e-05 898.477
1.44234 6.69989e-05 1825.74
1.45726 9.88386e-05 901.25
1.47217 6.63378e-05 1805.35
1.48709 9.78141e-05 903.962
1.502 6.5704e-05 1785.67
1.51692 9.68125e-05 906.53
1.53183 6.50962e-05 1766.58
1.54675 9.58329e-05 909.043
1.56166 6.45131e-05 1748.14
1.57658 9.48739e-05 911.409
1.59149 6.39536e-05 1730.21
1.60641 9.39343e-05 913.723
1.62132 6.34171e-05 1712.86
1.63624 9.30124e-05 915.882
1.65115 6.29033e-05 1695.93
1.66607 9.21061e-05 917.985
1.68098 6.24125e-05 1679.48
1.6959 9.12121e-05 919.91
1.71081 6.19463e-05 1663.31
1.72573 9.03251e-05 921.748
1.74064 6.15084e-05 1647.39
1.75556 8.94366e-05 923.339
1.77047 6.11058e-05 1631.42
1.78539 8.85316e-05 924.729
1.8003 6.07522e-05 1615.13
1.81522 8.75859e-05 925.662
1.83013 6.04725e-05 1597.81
1.84505 8.65588e-05 926.051
1.85996 6.03114e-05 1578.55
1.87487 8.53886e-05 925.43
1.88979 6.03479e-05 1555.58
1.9047 8.39878e-05 923.479
1.91962 6.07104e-05 1526.51
1.93453 8.22525e-05 919.666
1.94945 6.15694e-05 1487.62
1.96436 8.00936e-05 914.486
1.97928 6.30424e-05 1434.31
1.99419 7.75157e-05 910.551
2.00911 6.49862e-05 1362.2
2.02402 7.47322e-05 914.6
2.03894 6.69039e-05 1271.46
2.05385 7.21666e-05 934.365
2.06877 6.82567e-05 1168.84
2.08368 7.01869e-05 973.518
2.0986 6.88806e-05 1064.19
2.11351 6.88207e-05 1029.29
2.12843 6.86427e-05 962.996
2.14334 6.84044e-05 872.609
2.15826 6.81481e-05 778.704
2.17317 6.78927e-05 690.798
2.18809 6.76436e-05 612.618
2.203 6.74016e-05 545.094
2.21792 6.71658e-05 487.881
2.23283 6.69351e-05 440.084
2.24775 6.67087e-05 400.604
2.26266 6.64857e-05 368.305
2.27758 6.62659e-05 342.087
2.29249 6.60488e-05 320.938
2.30741 6.58341e-05 303.949
2.32232 6.56218e-05 290.326
2.33724 6.54117e-05 279.395
2.35215 6.52037e-05 270.589
2.36707 6.49978e-05 263.448
2.38198 6.47938e-05 257.597
2.3969 6.45918e-05 252.741
2.41181 6.43917e-05 248.648
2.42673 6.41934e-05 245.138
2.44164 6.3997e-05 242.072
2.45656 6.38024e-05 239.346
2.47147 6.36096e-05 236.878
2.48639 6.34185e-05 234.609
2.5013 6.32291e-05 232.494
2.51622 6.30415e-05 230.498
2.53113 6.28554e-05 228.596
2.54605 6.26711e-05 226.769
2.56096 6.24883e-05 225.003
2.57588 6.23071e-05 223.288
2.59079 6.21275e-05 221.615
2.60571 6.19494e-05 219.979
2.62062 6.17729e-05 218.375
2.63554 6.15979e-05 216.799
2.65045 6.14243e-05 215.25
2.66537 6.12522e-05 213.724
2.68028 6.10815e-05 212.221
2.6952 6.09123e-05 210.74
2.71011 6.07454e-05 209.28
2.72503 6.05766e-05 212.194
2.73994 6.04144e-05 208.562
2.75485 6.02473e-05 211.833
2.76977 6.0089e-05 206.975
2.78468 5.99228e-05 212.816
2.7996 5.97687e-05 206.066
2.81451 5.96038e-05 212.792
2.82943 5.94536e-05 204.692
2.84434 5.92896e-05 213.511
2.85926 5.91434e-05 203.694
2.87417 5.89804e-05 213.671
2.88909 5.88381e-05 202.451
2.904 5.86759e-05 214.242
2.91892 5.85374e-05 201.421
2.93383 5.83761e-05 214.501
2.94875 5.82414e-05 200.264
2.96366 5.80807e-05 214.986
2.97858 5.79498e-05 199.23
2.99349 5.77899e-05 215.297
3.00841 5.76626e-05 198.135
3.02332 5.75032e-05 215.733
3.03824 5.73796e-05 197.113
3.05315 5.72208e-05 216.07
3.06807 5.71008e-05 196.065
3.08298 5.69425e-05 216.475
3.0979 5.6826e-05 195.063
3.11281 5.66682e-05 216.825
3.12773 5.65552e-05 194.053
3.14264 5.63978e-05 217.211
3.15756 5.62883e-05 193.075
3.17247 5.61312e-05 217.564
3.18739 5.60251e-05 192.099
3.2023 5.58683e-05 217.937
3.21722 5.57657e-05 191.145
3.23213 5.5609e-05 218.291
3.24705 5.55098e-05 190.199
3.26196 5.53533e-05 218.654
3.27688 5.52574e-05 189.271
3.29179 5.5101e-05 219.005
3.30671 5.50085e-05 188.352
3.32162 5.48522e-05 219.36
3.33654 5.47629e-05 187.448
3.35145 5.46067e-05 219.708
3.36637 5.45206e-05 186.555
3.38128 5.43644e-05 220.057
3.3962 5.42816e-05 185.675
3.41111 5.41252e-05 220.401
3.42603 5.40456e-05 184.806
3.44094 5.38892e-05 220.744
3.45586 5.38128e-05 183.95
3.47077 5.36562e-05 221.083
3.48569 5.35829e-05 183.104
3.5006 5.34262e-05 221.421
3.51552 5.3356e-05 182.27
3.53043 5.31991e-05 221.755
3.54535 5.3132e-05 181.446
3.56026 5.29748e-05 222.088
3.57518 5.29108e-05 180.633
3.59009 5.27533e-05 222.418
3.60501 5.26924e-05 179.831
3.61992 5.25346e-05 222.746
3.63483 5.24767e-05 179.038
3.64975 5.23185e-05 223.072
3.66466 5.22637e-05 178.256
3.67958 5.21051e-05 223.396
3.69449 5.20532e-05 177.483
3.70941 5.18942e-05 223.717
3.72432 5.18453e-05 176.72
3.73924 5.16858e-05 224.036
3.75415 5.16399e-05 175.966
3.76907 5.14799e-05 224.353
3.78398 5.14369e-05 175.221
3.7989 5.12764e-05 224.668
3.81381 5.12363e-05 174.486
3.82873 5.10753e-05 224.981
3.84364 5.10381e-05 173.759
3.85856 5.08765e-05 225.292
3.87347 5.08422e-05 173.041
3.88839 5.068e-05 225.601
3.9033 5.06485e-05 172.331
3.91822 5.04857e-05 225.908
3.93313 5.04571e-05 171.629
3.94805 5.02936e-05 226.212
3.96296 5.02679e-05 170.936
3.97788 5.01036e-05 226.515
3.99279 5.00808e-05 170.251
4.00771 4.99158e-05 226.816
4.02262 4.98985e-05 169.578
4.03754 4.97256e-05 235.652
4.05245 4.97115e-05 172.037
4.06737 4.95505e-05 221.246
4.08228 4.9532e-05 165.952
4.0972 4.93628e-05 229.747
4.11211 4.93541e-05 168.335
4.12703 4.91834e-05 231.161
4.14194 4.91767e-05 168.089
4.15686 4.90065e-05 229.869
4.17177 4.90006e-05 166.869
4.18669 4.88318e-05 227.597
4.2016 4.88262e-05 165.306
4.21652 4.8659e-05 224.995
4.23143 4.86536e-05 163.635
4.24635 4.8488e-05 222.305
4.26126 4.84828e-05 161.943
4.27618 4.83189e-05 219.616
4.29109 4.83137e-05 160.262
4.30601 4.81515e-05 216.96
4.32092 4.81464e-05 158.604
4.33584 4.79858e-05 214.348
4.35075 4.79808e-05 156.972
4.36567 4.78218e-05 211.782
4.38058 4.78169e-05 155.366
4.3955 4.76607e-05 209.266
4.41041 4.76536e-05 157.031
4.42533 4.74981e-05 210.049
4.44024 4.74948e-05 153.428
4.45516 4.73427e-05 205.568
4.47007 4.73323e-05 159.907
4.48498 4.71803e-05 211.145
4.4999 4.71798e-05 152.548
4.51481 4.70303e-05 202.99
4.52973 4.70181e-05 161.598
4.54464 4.6869e-05 211.061
4.55956 4.68707e-05 151.267
4.57447 4.67244e-05 200.064
4.58939 4.67096e-05 163.788
4.6043 4.65637e-05 211.466
4.61922 4.65677e-05 150.186
4.63413 4.64244e-05 197.387
4.64905 4.64072e-05 165.767
4.66396 4.62644e-05 211.663
4.67888 4.62706e-05 149.055
4.69379 4.61302e-05 194.711
4.70871 4.61103e-05 167.834
4.72362 4.59707e-05 211.943
4.73854 4.59791e-05 147.977
4.75345 4.58416e-05 192.133
4.76837 4.58191e-05 169.863
4.78328 4.56825e-05 212.185
4.7982 4.5693e-05 146.908
4.81311 4.55584e-05 189.609
4.82803 4.55278e-05 171.898
4.84294 4.54156e-05 198.596
4.85786 4.54014e-05 159.813
4.87277 4.52692e-05 200.384
4.88769 4.52644e-05 157.088
4.9026 4.51337e-05 197.069
4.91752 4.51243e-05 160.433
4.93243 4.49949e-05 199.442
4.94735 4.49903e-05 157
4.96226 4.48625e-05 195.503
4.97718 4.48521e-05 161.135
4.99209 4.47255e-05 198.596
5.00701 4.47212e-05 156.819
5.02192 4.45962e-05 193.88
5.03684 4.45846e-05 161.94
5.05175 4.44609e-05 197.862
5.06667 4.44569e-05 156.522
5.08158 4.43348e-05 192.181
5.0965 4.43217e-05 162.876
5.11141 4.42008e-05 197.264
5.12633 4.41974e-05 156.084
5.14124 4.4078e-05 190.385
5.15616 4.40632e-05 163.978
5.17107 4.39451e-05 196.828
5.18599 4.39425e-05 155.471
5.2009 4.38259e-05 188.461
5.21582 4.38089e-05 165.289
5.23073 4.36937e-05 196.589
5.24565 4.36921e-05 154.643
5.26056 4.35784e-05 186.377
5.27548 4.35587e-05 166.866
5.29039 4.34463e-05 196.591
5.30531 4.34462e-05 153.551
5.32022 4.33352e-05 184.089
5.33514 4.33124e-05 168.78
5.35005 4.32028e-05 196.891
5.36496 4.32047e-05 152.135
5.37988 4.30965e-05 181.549
5.39479 4.30653e-05 171.117
5.40971 4.29775e-05 186.585
5.42462 4.2957e-05 163.708
5.43954 4.28514e-05 190.465
5.45445 4.28429e-05 158.211
5.46937 4.27386e-05 185.026
5.48428 4.27214e-05 164.642
5.4992 4.26187e-05 189.978
5.51411 4.26103e-05 157.739
5.52903 4.25087e-05 183.366
5.54394 4.24895e-05 165.748
5.55886 4.23895e-05 189.648
5.57377 4.23816e-05 157.088
5.58869 4.22826e-05 181.578
5.6036 4.22612e-05 167.07
5.61852 4.21639e-05 189.509
5.63343 4.21566e-05 156.216
5.64835 4.20604e-05 179.627
5.66326 4.20361e-05 168.667
5.67818 4.19417e-05 189.607
5.69309 4.19355e-05 155.07
5.70801 4.18419e-05 177.472
5.72292 4.18136e-05 170.613
5.73784 4.17258e-05 180.619
5.75275 4.17154e-05 165.664
5.76767 4.1625e-05 185.273
5.78258 4.15956e-05 158.94
5.7975 4.15196e-05 179.033
5.81241 4.14931e-05 166.769
5.82733 4.14058e-05 184.99
5.84224 4.13918e-05 158.301
5.85716 4.13075e-05 177.354
5.87207 4.1278e-05 168.053
5.88699 4.1197e-05 184.877
5.9019 4.11819e-05 157.441
5.91682 4.10978e-05 175.512
5.93173 4.10698e-05 169.623
5.94665 4.09935e-05 185.007
5.96156 4.09718e-05 156.282
5.97648 4.08918e-05 173.45
5.99139 4.08657e-05 171.575
6.00631 4.0792e-05 174.071
6.02122 4.07638e-05 170.128
6.03614 4.06923e-05 175.75
6.05105 4.06622e-05 167.183
6.06597 4.0592e-05 180.755
6.08088 4.0563e-05 159.81
6.0958 4.04916e-05 174.211
6.11071 4.0465e-05 168.364
6.12563 4.03923e-05 180.599
6.14054 4.03657e-05 159.043
6.15546 4.02976e-05 172.536
6.17037 4.02647e-05 169.774
6.18529 4.02004e-05 180.64
6.2002 4.01679e-05 158.024
6.21512 4.01092e-05 170.686
6.23003 4.0064e-05 171.486
6.24494 4.00148e-05 170.032
6.25986 3.99717e-05 171.966
6.27477 3.99182e-05 168.814
6.28969 3.98743e-05 178.02
6.3046 3.98277e-05 159.826
6.31952 3.97772e-05 170.358
6.33443 3.9735e-05 170.206
6.34935 3.96836e-05 170.175
6.36426 3.96397e-05 169.976
6.37918 3.9594e-05 177.363
6.39409 3.9546e-05 159.298
6.40901 3.95006e-05 168.453
6.42392 3.94557e-05 175.402
6.43884 3.94082e-05 161.267
6.45375 3.93634e-05 169.272
6.46867 3.93189e-05 175.278
6.48358 3.92722e-05 160.74
6.4985 3.92277e-05 168.13
6.51341 3.91836e-05 173.641
6.52833 3.91373e-05 162.315
6.54324 3.90933e-05 168.637
6.55816 3.90496e-05 173.29
6.57307 3.90041e-05 162.114
6.58799 3.89603e-05 167.765
6.6029 3.89169e-05 171.885
6.61782 3.8872e-05 163.407
6.63273 3.88287e-05 168.054
6.64765 3.87857e-05 171.382
6.66256 3.87414e-05 163.436
6.67748 3.86984e-05 167.372
6.69239 3.86557e-05 170.146
6.70731 3.86122e-05 164.529
6.72222 3.85701e-05 167.511
6.73714 3.85248e-05 169.54
6.75205 3.84849e-05 170.846
6.76697 3.84419e-05 162.619
6.78188 3.84006e-05 165.14
6.7968 3.83569e-05 166.821
6.81171 3.8315e-05 167.863
6.82663 3.82732e-05 168.418
6.84154 3.82315e-05 168.606
6.85646 3.81899e-05 168.517
6.87137 3.81485e-05 168.223
6.88629 3.81072e-05 167.776
6.9012 3.8066e-05 167.217
6.91612 3.80249e-05 166.575
6.93103 3.7984e-05 165.872
6.94595 3.79432e-05 165.127
6.96086 3.79025e-05 164.351
6.97578 3.7862e-05 163.554
6.99069 3.78216e-05 162.744
7.00561 3.77813e-05 161.924
7.02052 3.77412e-05 161.1
7.03544 3.77011e-05 160.274
7.05035 3.76612e-05 159.448
7.06527 3.76215e-05 158.623
7.08018 3.75818e-05 157.802
7.0951 3.75423e-05 156.985
7.11001 3.75029e-05 156.172
7.12492 3.74636e-05 155.364
7.13984 3.74245e-05 154.561
7.15475 3.73855e-05 153.764
7.16967 3.73465e-05 152.973
7.18458 3.73078e-05 152.188
7.1995 3.72691e-05 151.408
7.21441 3.72306e-05 150.635
7.22933 3.71921e-05 149.867
7.24424 3.71538e-05 149.106
7.25916 3.71156e-05 148.35
7.27407 3.70776e-05 147.601
7.28899 3.70396e-05 146.858
7.3039 3.70018e-05 146.121
7.31882 3.6964e-05 145.39
7.33373 3.69264e-05 144.665
7.34865 3.68889e-05 143.946
7.36356 3.68516e-05 143.233
7.37848 3.68143e-05 142.527
7.39339 3.67772e-05 141.826
7.40831 3.67401e-05 141.131
7.42322 3.67032e-05 140.443
7.43814 3.66664e-05 139.761
7.45305 3.66297e-05 139.085
7.46797 3.65931e-05 138.415
7.48288 3.65566e-05 137.751
7.4978 3.65202e-05 137.093
7.51271 3.64839e-05 136.442
7.52763 3.64478e-05 135.797
7.54254 3.64117e-05 135.158
7.55746 3.63758e-05 134.526
7.57237 3.63399e-05 133.9
7.58729 3.63042e-05 133.281
7.6022 3.62686e-05 132.668
7.61712 3.6233e-05 132.062
7.63203 3.61976e-05 131.463
7.64695 3.61623e-05 130.87
7.66186 3.61271e-05 130.284
7.67678 3.6092e-05 129.706
7.69169 3.6057e-05 129.134
7.70661 3.60221e-05 128.57
7.72152 3.59872e-05 128.013
7.73644 3.59525e-05 127.464
7.75135 3.59179e-05 126.922
7.76627 3.58834e-05 126.388
7.78118 3.5849e-05 125.862
7.7961 3.58147e-05 125.345
7.81101 3.57805e-05 124.835
7.82593 3.57464e-05 124.335
7.84084 3.57124e-05 123.843
7.85576 3.56785e-05 123.36
7.87067 3.56446e-05 122.887
7.88559 3.56109e-05 122.423
7.9005 3.55773e-05 121.969
7.91542 3.55438e-05 121.526
7.93033 3.55103e-05 121.093
7.94525 3.5477e-05 120.671
7.96016 3.54437e-05 120.26
7.97508 3.54106e-05 119.861
7.98999 3.53775e-05 119.474
8.0049 3.53445e-05 119.099
8.01982 3.53116e-05 118.738
8.03473 3.52789e-05 118.39
8.04965 3.52462e-05 118.056
8.06456 3.52135e-05 117.737
8.07948 3.5181e-05 117.433
8.09439 3.51486e-05 117.145
8.10931 3.51163e-05 116.873
8.12422 3.5084e-05 116.619
8.13914 3.50519e-05 116.383
8.15405 3.50198e-05 116.166
8.16897 3.49878e-05 115.968
8.18388 3.49559e-05 115.791
8.1988 3.49241e-05 115.636
8.21371 3.48924e-05 115.503
8.22863 3.48608e-05 115.394
8.24354 3.48292e-05 115.309
8.25846 3.47977e-05 115.251
8.27337 3.47664e-05 115.22
8.28829 3.47351e-05 115.217
8.3032 3.47039e-05 115.244
8.31812 3.46727e-05 115.303
8.33303 3.46417e-05 115.395
8.34795 3.46108e-05 115.522
8.36286 3.45799e-05 115.685
8.37778 3.45491e-05 115.887
8.39269 3.45184e-05 116.129
8.40761 3.44878e-05 116.413
8.42252 3.44572e-05 116.742
8.43744 3.44268e-05 117.119
8.45235 3.43964e-05 117.544
8.46727 3.43661e-05 118.022
8.48218 3.43359e-05 118.555
8.4971 3.43057e-05 119.145
8.51201 3.42757e-05 119.796
8.52693 3.42457e-05 120.511
8.54184 3.42158e-05 121.294
8.55676 3.4186e-05 122.148
8.57167 3.41562e-05 123.076
8.58659 3.41266e-05 124.084
8.6015 3.4097e-05 125.175
8.61642 3.40675e-05 126.354
8.63133 3.40381e-05 127.625
8.64625 3.40087e-05 128.993
8.66116 3.39794e-05 130.464
8.67608 3.39503e-05 132.044
8.69099 3.39211e-05 133.738
8.70591 3.38921e-05 135.552
8.72082 3.38632e-05 137.493
8.73574 3.38343e-05 139.568
8.75065 3.38055e-05 141.785
8.76557 3.37768e-05 144.15
8.78048 3.37481e-05 146.672
8.7954 3.37196e-05 149.36
8.81031 3.36911e-05 152.222
8.82523 3.36627e-05 155.268
8.84014 3.36343e-05 158.508
8.85506 3.36061e-05 161.952
8.86997 3.35779e-05 165.612
8.88488 3.35497e-05 169.499
8.8998 3.34978e-05 173.567
8.91471 3.35227e-05 162.84
8.92963 3.34498e-05 170.823
8.94454 3.34558e-05 169.164
8.95946 3.33619e-05 178.311
8.97437 3.3438e-05 161.164
8.98929 3.33182e-05 174.692
9.0042 3.33676e-05 168.833
9.01912 3.32161e-05 183.754
9.03403 3.33665e-05 159.307
9.04895 3.31789e-05 179.02
9.06386 3.32905e-05 168.525
9.07878 3.30555e-05 189.906
9.09369 3.3313e-05 157.301
9.10861 3.30286e-05 183.797
9.12352 3.32283e-05 168.251
9.13844 3.28736e-05 196.754
9.15335 3.3284e-05 155.203
9.16827 3.2863e-05 189.02
9.18318 3.31859e-05 168.005
9.1981 3.26621e-05 204.249
9.21301 3.32881e-05 153.104
9.22793 3.26767e-05 194.704
9.24284 3.31648e-05 167.741
9.25776 3.24361e-05 212.358
9.27267 3.33169e-05 152.271
9.28759 3.242e-05 201.904
9.3025 3.32268e-05 166.281
9.31742 3.22082e-05 219.901
9.33233 3.33411e-05 162.147
9.34725 3.20961e-05 220.4
9.36216 3.33614e-05 166.139
9.37708 3.19445e-05 229.152
9.39199 3.33082e-05 173.214
9.40691 3.19472e-05 222.323
9.42182 3.32698e-05 174.521
9.43674 3.18635e-05 224.709
9.45165 3.32019e-05 179.394
9.46657 3.18521e-05 220.653
9.48148 3.31435e-05 181.786
9.4964 3.17999e-05 221.213
9.51131 3.30604e-05 186.046
9.52623 3.17985e-05 218.654
9.54114 3.29781e-05 189.041
9.55606 3.17781e-05 218.369
9.57097 3.28738e-05 192.976
9.58589 3.17954e-05 216.655
9.6008 3.27638e-05 196.282
9.61572 3.1808e-05 216.05
9.63063 3.26335e-05 200.029
9.64555 3.18498e-05 214.854
9.66046 3.24933e-05 203.461
9.67538 3.18957e-05 214.203
9.69029 3.23345e-05 207.067
9.70521 3.19621e-05 213.355
9.72012 3.21353e-05 210.408
9.73504 3.20965e-05 210.99
9.74995 3.20575e-05 213.31
9.76486 3.20252e-05 216.526
9.77978 3.19967e-05 220.21
9.79469 3.19702e-05 224.141
9.80961 3.19447e-05 228.202
9.82452 3.19198e-05 232.331
9.83944 3.18951e-05 236.49
9.85435 3.18706e-05 240.659
9.86927 3.18462e-05 244.824
9.88418 3.18217e-05 248.976
9.8991 3.17973e-05 253.105
9.91401 3.17729e-05 257.206
9.92893 3.17484e-05 261.271
9.94384 3.17239e-05 265.296
9.95876 3.16994e-05 269.274
9.97367 3.16748e-05 273.199
9.98859 3.16503e-05 277.067
10.0035 3.16258e-05 280.873
10.0184 3.16012e-05 284.611
10.0333 3.15767e-05 288.277
10.0482 3.15522e-05 291.867
10.0632 3.15277e-05 295.376
10.0781 3.15032e-05 298.801
10.093 3.14788e-05 302.138
10.1079 3.14545e-05 305.385
10.1228 3.14302e-05 308.537
10.1377 3.1406e-05 311.594
10.1527 3.13818e-05 314.553
10.1676 3.13578e-05 317.412
10.1825 3.13338e-05 320.169
10.1974 3.13099e-05 322.825
10.2123 3.12862e-05 325.378
10.2272 3.12625e-05 327.828
10.2421 3.1239e-05 330.174
10.2571 3.12155e-05 332.418
10.272 3.11922e-05 334.559
10.2869 3.1169e-05 336.599
10.3018 3.1146e-05 338.539
10.3167 3.1123e-05 340.38
10.3316 3.11001e-05 342.123
10.3465 3.10774e-05 343.77
10.3615 3.10548e-05 345.324
10.3764 3.10323e-05 346.785
10.3913 3.10099e-05 348.157
10.4062 3.09875e-05 349.442
10.4211 3.09653e-05 350.642
10.436 3.09432e-05 351.759
10.451 3.09212e-05 352.796
10.4659 3.08992e-05 353.756
10.4808 3.08774e-05 354.642
10.4957 3.08556e-05 355.455
10.5106 3.08339e-05 356.198
10.5255 3.08122e-05 356.875
10.5404 3.07907e-05 357.487
10.5554 3.07692e-05 358.038
10.5703 3.07477e-05 358.53
10.5852 3.07263e-05 358.965
10.6001 3.0705e-05 359.346
10.615 3.06837e-05 359.675
10.6299 3.06625e-05 359.955
10.6448 3.06413e-05 360.187
10.6598 3.06202e-05 360.375
10.6747 3.05991e-05 360.52
10.6896 3.0578e-05 360.625
10.7045 3.0557e-05 360.69
10.7194 3.0536e-05 360.72
10.7343 3.05151e-05 360.714
10.7492 3.04942e-05 360.676
10.7642 3.04734e-05 360.606
10.7791 3.04526e-05 360.507
10.794 3.04318e-05 360.38
10.8089 3.0411e-05 360.226
10.8238 3.03903e-05 360.048
10.8387 3.03696e-05 359.846
10.8537 3.0349e-05 359.622
10.8686 3.03284e-05 359.377
10.8835 3.03078e-05 359.112
10.8984 3.02873e-05 358.829
10.9133 3.02668e-05 358.528
10.9282 3.02463e-05 358.211
10.9431 3.02259e-05 357.879
10.9581 3.02055e-05 357.532
10.973 3.01851e-05 357.171
10.9879 3.01648e-05 356.798
11.0028 3.01445e-05 356.413
11.0177 3.01242e-05 356.017
11.0326 3.0104e-05 355.61
11.0475 3.00838e-05 355.194
11.0625 3.00636e-05 354.768
11.0774 3.00435e-05 354.334
11.0923 3.00234e-05 353.892
11.1072 3.00034e-05 353.443
11.1221 2.99833e-05 352.987
11.137 2.99634e-05 352.525
11.152 2.99434e-05 352.056
11.1669 2.99235e-05 351.582
11.1818 2.99036e-05 351.104
11.1967 2.98838e-05 350.62
11.2116 2.9864e-05 350.132
11.2265 2.98442e-05 349.641
11.2414 2.98244e-05 349.145
11.2564 2.98047e-05 348.647
11.2713 2.97851e-05 348.145
11.2862 2.97654e-05 347.64
11.3011 2.97458e-05 347.133
11.316 2.97263e-05 346.624
11.3309 2.97068e-05 346.113
11.3458 2.96873e-05 345.6
11.3608 2.96678e-05 345.085
11.3757 2.96484e-05 344.569
11.3906 2.9629e-05 344.051
11.4055 2.96097e-05 343.533
11.4204 2.95904e-05 343.013
11.4353 2.95711e-05 342.493
11.4503 2.95519e-05 341.972
11.4652 2.95327e-05 341.45
11.4801 2.95135e-05 340.928
11.495 2.94944e-05 340.406
11.5099 2.94753e-05 339.883
11.5248 2.94562e-05 339.361
11.5397 2.94372e-05 338.838
11.5547 2.94182e-05 338.316
11.5696 2.93993e-05 337.794
11.5845 2.93804e-05 337.272
11.5994 2.93615e-05 336.75
11.6143 2.93426e-05 336.228
11.6292 2.93238e-05 335.708
11.6441 2.93051e-05 335.187
11.6591 2.92863e-05 334.667
11.674 2.92676e-05 334.148
11.6889 2.9249e-05 333.63
11.7038 2.92303e-05 333.112
11.7187 2.92117e-05 332.595
11.7336 2.91932e-05 332.078
11.7485 2.91746e-05 331.563
11.7635 2.91562e-05 331.048
11.7784 2.91377e-05 330.535
11.7933 2.91193e-05 330.022
11.8082 2.91009e-05 329.51
11.8231 2.90825e-05 328.999
11.838 2.90642e-05 328.489
11.853 2.90459e-05 327.981
11.8679 2.90277e-05 327.473
11.8828 2.90095e-05 326.966
11.8977 2.89913e-05 326.46
11.9126 2.89731e-05 325.956
11.9275 2.8955e-05 325.452
11.9424 2.89369e-05 324.95
11.9574 2.89189e-05 324.449
11.9723 2.89009e-05 323.949
11.9872 2.88829e-05 323.45
12.0021 2.88649e-05 322.952
12.017 2.8847e-05 322.456
12.0319 2.88291e-05 321.961
12.0468 2.88113e-05 321.466
12.0618 2.87935e-05 320.974
12.0767 2.87757e-05 320.482
12.0916 2.87579e-05 319.991
12.1065 2.87402e-05 319.502
12.1214 2.87225e-05 319.014
12.1363 2.87049e-05 318.527
12.1513 2.86873e-05 318.041
12.1662 2.86697e-05 317.557
12.1811 2.86521e-05 317.074
12.196 2.86346e-05 316.592
12.2109 2.86171e-05 316.111
12.2258 2.85996e-05 315.632
12.2407 2.85822e-05 315.153
12.2557 2.85648e-05 314.676
12.2706 2.85474e-05 314.2
12.2855 2.85301e-05 313.726
12.3004 2.85128e-05 313.253
12.3153 2.84955e-05 312.78
12.3302 2.84783e-05 312.31
12.3451 2.84611e-05 311.84
12.3601 2.84439e-05 311.371
12.375 2.84268e-05 310.904
12.3899 2.84097e-05 310.438
12.4048 2.83926e-05 309.973
12.4197 2.83755e-05 309.51
12.4346 2.83585e-05 309.048
12.4495 2.83415e-05 308.586
12.4645 2.83246e-05 308.127
12.4794 2.83076e-05 307.668
12.4943 2.82907e-05 307.21
12.5092 2.82738e-05 306.754
12.5241 2.8257e-05 306.299
12.539 2.82402e-05 305.845
12.554 2.82234e-05 305.392
12.5689 2.82067e-05 304.941
12.5838 2.81899e-05 304.491
12.5987 2.81733e-05 304.041
12.6136 2.81566e-05 303.593
12.6285 2.814e-05 303.147
12.6434 2.81234e-05 302.701
12.6584 2.81068e-05 302.257
12.6733 2.80902e-05 301.813
12.6882 2.80737e-05 301.371
12.7031 2.80572e-05 300.93
12.718 2.80408e-05 300.49
12.7329 2.80244e-05 300.052
12.7478 2.8008e-05 299.614
12.7628 2.79916e-05 299.178
12.7777 2.79752e-05 298.743
12.7926 2.79589e-05 298.308
12.8075 2.79427e-05 297.875
12.8224 2.79264e-05 297.444
12.8373 2.79102e-05 297.013
12.8523 2.7894e-05 296.583
12.8672 2.78778e-05 296.155
12.8821 2.78617e-05 295.728
12.897 2.78455e-05 295.301
12.9119 2.78295e-05 294.876
12.9268 2.78134e-05 294.452
12.9417 2.77974e-05 294.029
12.9567 2.77814e-05 293.607
12.9716 2.77654e-05 293.187
12.9865 2.77494e-05 292.767
13.0014 2.77335e-05 292.348
13.0163 2.77176e-05 291.931
13.0312 2.77018e-05 291.514
13.0461 2.76859e-05 291.099
13.0611 2.76701e-05 290.685
13.076 2.76543e-05 290.271
13.0909 2.76386e-05 289.859
13.1058 2.76228e-05 289.448
13.1207 2.76071e-05 289.038
13.1356 2.75914e-05 288.629
13.1506 2.75758e-05 288.221
13.1655 2.75602e-05 287.814
13.1804 2.75446e-05 287.408
13.1953 2.7529e-05 287.003
13.2102 2.75135e-05 286.599
13.2251 2.74979e-05 286.197
13.24 2.74824e-05 285.795
13.255 2.7467e-05 285.394
13.2699 2.74515e-05 284.994
13.2848 2.74361e-05 284.596
13.2997 2.74207e-05 284.198
13.3146 2.74054e-05 283.801
13.3295 2.739e-05 283.405
13.3444 2.73747e-05 283.011
13.3594 2.73594e-05 282.617
13.3743 2.73442e-05 282.224
13.3892 2.73289e-05 281.832
13.4041 2.73137e-05 281.442
13.419 2.72986e-05 281.052
13.4339 2.72834e-05 280.663
13.4488 2.72683e-05 280.275
13.4638 2.72532e-05 279.888
13.4787 2.72381e-05 279.502
13.4936 2.7223e-05 279.117
13.5085 2.7208e-05 278.733
13.5234 2.7193e-05 278.35
13.5383 2.7178e-05 277.968
13.5533 2.7163e-05 277.587
13.5682 2.71481e-05 277.207
13.5831 2.71332e-05 276.828
13.598 2.71183e-05 276.449
13.6129 2.71034e-05 276.072
13.6278 2.70886e-05 275.695
13.6427 2.70738e-05 275.32
13.6577 2.7059e-05 274.945
13.6726 2.70442e-05 274.572
13.6875 2.70295e-05 274.199
13.7024 2.70148e-05 273.827
13.7173 2.70001e-05 273.456
13.7322 2.69854e-05 273.086
13.7471 2.69708e-05 272.717
13.7621 2.69562e-05 272.349
13.777 2.69416e-05 271.981
13.7919 2.6927e-05 271.615
13.8068 2.69125e-05 271.249
13.8217 2.68979e-05 270.885
13.8366 2.68834e-05 270.521
13.8516 2.6869e-05 270.158
13.8665 2.68545e-05 269.796
13.8814 2.68401e-05 269.435
13.8963 2.68257e-05 269.075
13.9112 2.68113e-05 268.715
13.9261 2.67969e-05 268.357
13.941 2.67826e-05 267.999
13.956 2.67683e-05 267.642
13.9709 2.6754e-05 267.286
13.9858 2.67397e-05 266.931
14.0007 2.67255e-05 266.577
14.0156 2.67112e-05 266.224
14.0305 2.6697e-05 265.871
14.0454 2.66828e-05 265.52
14.0604 2.66687e-05 265.169
14.0753 2.66546e-05 264.819
14.0902 2.66404e-05 264.47
14.1051 2.66264e-05 264.121
14.12 2.66123e-05 263.774
14.1349 2.65983e-05 263.427
14.1498 2.65842e-05 263.081
14.1648 2.65702e-05 262.736
14.1797 2.65563e-05 262.392
14.1946 2.65423e-05 262.049
14.2095 2.65284e-05 261.706
14.2244 2.65144e-05 261.365
14.2393 2.65006e-05 261.024
14.2543 2.64867e-05 260.683
14.2692 2.64728e-05 260.344
14.2841 2.6459e-05 260.006
14.299 2.64452e-05 259.668
14.3139 2.64314e-05 259.331
14.3288 2.64177e-05 258.995
14.3437 2.64039e-05 258.659
14.3587 2.63902e-05 258.325
14.3736 2.63765e-05 257.991
14.3885 2.63629e-05 257.658
14.4034 2.63492e-05 257.326
14.4183 2.63356e-05 256.994
14.4332 2.6322e-05 256.664
14.4481 2.63084e-05 256.334
14.4631 2.62948e-05 256.005
14.478 2.62813e-05 255.676
14.4929 2.62677e-05 255.348
14.5078 2.62542e-05 255.022
14.5227 2.62407e-05 254.696
14.5376 2.62273e-05 254.37
14.5526 2.62138e-05 254.046
14.5675 2.62004e-05 253.722
14.5824 2.6187e-05 253.399
14.5973 2.61736e-05 253.076
14.6122 2.61603e-05 252.755
14.6271 2.61469e-05 252.434
14.642 2.61336e-05 252.114
14.657 2.61203e-05 251.794
14.6719 2.6107e-05 251.476
14.6868 2.60938e-05 251.158
14.7017 2.60805e-05 250.84
14.7166 2.60673e-05 250.524
14.7315 2.60541e-05 250.208
14.7464 2.60409e-05 249.893
14.7614 2.60278e-05 249.579
14.7763 2.60146e-05 249.265
14.7912 2.60015e-05 248.952
14.8061 2.59884e-05 248.64
14.821 2.59753e-05 248.329
14.8359 2.59623e-05 248.018
14.8509 2.59492e-05 247.708
14.8658 2.59362e-05 247.398
14.8807 2.59232e-05 247.09
14.8956 2.59102e-05 246.782
14.9105 2.58973e-05 246.474
14.9254 2.58844e-05 246.168
14.9403 2.58719e-05 245.864
14.9553 2.58605e-05 245.566
14.9702 2.58524e-05 245.287
14.9851 2.58505e-05 245.046
15 2.58557e-05 244.86
