0.1 0.000381833 13072.2
0.114915 0.000184404 39277
0.12983 0.00027895 27849.3
0.144745 0.000254899 28199.8
0.15966 0.000251367 25556.7
0.174575 0.000239231 24032.6
0.189489 0.000230168 22515.5
0.204404 0.000221459 21250.7
0.219319 0.000213806 20127.7
0.234234 0.000206857 19137.4
0.249149 0.000200555 18252.8
0.264064 0.000194793 17458.4
0.278979 0.000189502 16740.2
0.293894 0.00018462 16087.4
0.308809 0.000180097 15491
0.323724 0.000175891 14943.8
0.338639 0.000171967 14439.7
0.353554 0.000168294 13973.5
0.368468 0.000164846 13541
0.383383 0.000161601 13138.4
0.398298 0.000158533 12762.4
0.413213 0.000155611 12409.4
0.428128 0.000152776 12074.9
0.443043 0.000149895 11751.2
0.457958 0.000146666 11422.7
0.472873 0.000142449 11059
0.487788 0.000135912 10597.1
0.502703 0.000123946 9880.02
0.517618 0.000110383 7625.83
0.532533 0.00011104 3735.76
0.547447 0.000156764 1013
0.562362 0.000160677 4309.49
0.577277 0.000136087 1006.54
0.592192 0.000146988 4028.19
0.607107 0.000119682 908.493
0.622022 0.000138212 3641.01
0.636937 0.000114932 861.48
0.651852 0.000132326 3407.28
0.666767 0.000113145 839.18
0.681682 0.00012829 3255.09
0.696597 0.000111077 824.612
0.711512 0.000125131 3135.21
0.726426 0.000109092 814.361
0.741341 0.000122127 3030.36
0.756256 0.000107341 807.144
0.771171 0.000119183 2936.22
0.786086 0.000105725 738.462
0.801001 0.000116533 2736.87
0.815916 0.000104066 715.955
0.830831 0.00011423 2631.23
0.845746 0.00010235 711.551
0.860661 0.00011207 2563.77
0.875576 0.000100772 707.847
0.89049 0.000110073 2501.79
0.905405 9.92409e-05 706.266
0.92032 0.00010808 2445.65
0.935235 9.78476e-05 706.185
0.95015 0.000105993 2392.77
0.965065 9.66717e-05 708.114
0.97998 0.000103899 2344.71
0.994895 9.56452e-05 710.841
1.00981 0.000101863 2299.9
1.02472 9.46893e-05 714.236
1.03964 9.99025e-05 2258.13
1.05455 9.37977e-05 718.041
1.06947 9.80035e-05 2218.69
1.08438 9.2953e-05 722.27
1.0993 9.61773e-05 2181.6
1.11421 9.21597e-05 726.727
1.12913 9.44095e-05 2146.3
1.14404 9.14007e-05 731.467
1.15896 9.27108e-05 2112.91
1.17387 9.06831e-05 736.318
1.18879 9.10671e-05 2080.95
1.2037 8.99906e-05 741.365
1.21862 8.94884e-05 2050.59
1.23353 8.9332e-05 746.441
1.24845 8.79612e-05 2021.4
1.26336 8.86913e-05 751.656
1.27828 8.6495e-05 1993.58
1.29319 8.80788e-05 756.839
1.30811 8.50769e-05 1966.73
1.32302 8.74786e-05 762.123
1.33794 8.37159e-05 1941.09
1.35285 8.69021e-05 767.329
1.36777 8.23997e-05 1916.25
1.38268 8.63335e-05 772.608
1.3976 8.11369e-05 1892.5
1.41251 8.57852e-05 777.774
1.42743 7.99157e-05 1869.43
1.44234 8.52411e-05 782.99
1.45726 7.87444e-05 1847.33
1.47217 8.47148e-05 788.07
1.48709 7.76117e-05 1825.82
1.502 8.41896e-05 793.179
1.51692 7.65256e-05 1805.17
1.53183 8.36801e-05 798.135
1.54675 7.54751e-05 1785.04
1.56166 8.31683e-05 803.098
1.57658 7.44685e-05 1765.68
1.59149 8.26701e-05 807.897
1.60641 7.34947e-05 1746.76
1.62132 8.21649e-05 812.675
1.63624 7.25625e-05 1728.5
1.65115 8.16682e-05 817.274
1.66607 7.1661e-05 1710.57
1.68098 8.11547e-05 821.801
1.6959 7.07998e-05 1693.12
1.71081 8.0635e-05 826.107
1.72573 6.9969e-05 1675.77
1.74064 8.00716e-05 830.224
1.75556 6.91808e-05 1658.5
1.77047 7.94587e-05 833.977
1.78539 6.84301e-05 1640.7
1.8003 7.87298e-05 837.249
1.81522 6.77425e-05 1621.95
1.83013 7.78462e-05 839.761
1.84505 6.71432e-05 1601.19
1.85996 7.67108e-05 841.154
1.87487 6.67285e-05 1577.38
1.88979 7.52958e-05 841.042
1.9047 6.66552e-05 1548.97
1.91962 7.36023e-05 839.082
1.93453 6.72017e-05 1514.23
1.94945 7.18219e-05 835.85
1.96436 6.85919e-05 1469.89
1.97928 7.02708e-05 834.411
1.99419 7.06311e-05 1410.17
2.00911 6.94272e-05 843.437
2.02402 7.22591e-05 1329.29
2.03894 6.94257e-05 873.341
2.05385 7.2379e-05 1229.46
2.06877 6.97449e-05 925.792
2.08368 7.11848e-05 1121.26
2.0986 6.9762e-05 993.288
2.11351 6.92479e-05 1012.47
2.12843 6.92365e-05 959.224
2.14334 6.91003e-05 875.32
2.15826 6.87445e-05 783.317
2.17317 6.83391e-05 695.113
2.18809 6.7958e-05 615.952
2.203 6.76169e-05 547.446
2.21792 6.73116e-05 489.461
2.23283 6.70336e-05 441.119
2.24775 6.67754e-05 401.275
2.26266 6.65313e-05 368.739
2.27758 6.62973e-05 342.369
2.29249 6.60707e-05 321.123
2.30741 6.58496e-05 304.072
2.32232 6.56328e-05 290.409
2.33724 6.54196e-05 279.451
2.35215 6.52094e-05 270.629
2.36707 6.50019e-05 263.475
2.38198 6.47969e-05 257.616
2.3969 6.4594e-05 252.755
2.41181 6.43933e-05 248.658
2.42673 6.41947e-05 245.145
2.44164 6.39979e-05 242.077
2.45656 6.38031e-05 239.349
2.47147 6.36101e-05 236.881
2.48639 6.34189e-05 234.611
2.5013 6.32294e-05 232.495
2.51622 6.30417e-05 230.499
2.53113 6.28556e-05 228.597
2.54605 6.26712e-05 226.77
2.56096 6.24884e-05 225.004
2.57588 6.23072e-05 223.288
2.59079 6.21275e-05 221.615
2.60571 6.19495e-05 219.979
2.62062 6.17729e-05 218.375
2.63554 6.15979e-05 216.799
2.65045 6.14243e-05 215.25
2.66537 6.12522e-05 213.724
2.68028 6.10815e-05 212.221
2.6952 6.09123e-05 210.74
2.71011 6.07525e-05 209.292
2.72503 6.05659e-05 212.157
2.73994 6.04257e-05 208.563
2.75485 6.02339e-05 211.807
2.76977 6.01068e-05 206.993
2.78468 5.99018e-05 212.751
2.7996 5.97913e-05 206.074
2.81451 5.95789e-05 212.736
2.82943 5.94822e-05 204.714
2.84434 5.92579e-05 213.42
2.85926 5.91772e-05 203.709
2.87417 5.8944e-05 213.583
2.88909 5.88778e-05 202.477
2.904 5.86332e-05 214.123
2.91892 5.85826e-05 201.442
2.93383 5.83282e-05 214.379
2.94875 5.82924e-05 200.294
2.96366 5.80268e-05 214.838
2.97858 5.80064e-05 199.259
2.99349 5.77305e-05 215.141
3.00841 5.7725e-05 198.17
3.02332 5.74379e-05 215.553
3.03824 5.74477e-05 197.148
3.05315 5.71499e-05 215.88
3.06807 5.71747e-05 196.105
3.08298 5.68656e-05 216.263
3.0979 5.69058e-05 195.104
3.11281 5.65856e-05 216.599
3.12773 5.66409e-05 194.099
3.14264 5.63092e-05 216.964
3.15756 5.63798e-05 193.122
3.17247 5.60368e-05 217.303
3.18739 5.61225e-05 192.15
3.2023 5.57679e-05 217.655
3.21722 5.5869e-05 191.199
3.23213 5.55027e-05 217.992
3.24705 5.56191e-05 190.255
3.26196 5.5241e-05 218.335
3.27688 5.53727e-05 189.33
3.29179 5.49828e-05 218.668
3.30671 5.51298e-05 188.414
3.32162 5.47279e-05 219.004
3.33654 5.48902e-05 187.513
3.35145 5.44763e-05 219.332
3.36637 5.4654e-05 186.623
3.38128 5.4228e-05 219.661
3.3962 5.4421e-05 185.746
3.41111 5.39827e-05 219.985
3.42603 5.41912e-05 184.88
3.44094 5.37406e-05 220.307
3.45586 5.39645e-05 184.027
3.47077 5.35015e-05 220.626
3.48569 5.37408e-05 183.184
3.5006 5.32653e-05 220.943
3.51552 5.35201e-05 182.353
3.53043 5.3032e-05 221.257
3.54535 5.33023e-05 181.532
3.56026 5.28015e-05 221.568
3.57518 5.30873e-05 180.722
3.59009 5.25738e-05 221.876
3.60501 5.28752e-05 179.922
3.61992 5.23488e-05 222.183
3.63483 5.26657e-05 179.133
3.64975 5.21264e-05 222.486
3.66466 5.2459e-05 178.354
3.67958 5.19066e-05 222.787
3.69449 5.22548e-05 177.584
3.70941 5.16894e-05 223.086
3.72432 5.20532e-05 176.824
3.73924 5.14747e-05 223.382
3.75415 5.18542e-05 176.073
3.76907 5.12624e-05 223.676
3.78398 5.16576e-05 175.331
3.7989 5.10525e-05 223.967
3.81381 5.14634e-05 174.599
3.82873 5.0845e-05 224.256
3.84364 5.12716e-05 173.875
3.85856 5.06398e-05 224.543
3.87347 5.10821e-05 173.16
3.88839 5.04368e-05 224.827
3.9033 5.08949e-05 172.453
3.91822 5.02361e-05 225.11
3.93313 5.071e-05 171.755
3.94805 5.00375e-05 225.39
3.96296 5.05272e-05 171.064
3.97788 4.9841e-05 225.667
3.99279 5.03466e-05 170.382
4.00771 4.96468e-05 225.944
4.02262 5.01917e-05 169.747
4.03754 4.94158e-05 235.094
4.05245 4.99806e-05 172.297
4.06737 4.93008e-05 220.19
4.08228 4.98194e-05 166.035
4.0972 4.90596e-05 229.127
4.11211 4.96559e-05 168.62
4.12703 4.88763e-05 230.731
4.14194 4.94823e-05 168.453
4.15686 4.86999e-05 229.52
4.17177 4.93057e-05 167.26
4.18669 4.85273e-05 227.284
4.2016 4.91291e-05 165.703
4.21652 4.83573e-05 224.7
4.23143 4.89538e-05 164.03
4.24635 4.81892e-05 222.02
4.26126 4.878e-05 162.334
4.27618 4.8023e-05 219.339
4.29109 4.8608e-05 160.647
4.30601 4.78586e-05 216.689
4.32092 4.84378e-05 158.982
4.33584 4.76958e-05 214.081
4.35075 4.82693e-05 157.344
4.36567 4.75347e-05 211.521
4.38058 4.81026e-05 155.733
4.3955 4.73854e-05 209.03
4.41041 4.79273e-05 157.746
4.42533 4.7211e-05 210.127
4.44024 4.77807e-05 153.916
4.45516 4.70855e-05 205.498
4.47007 4.75877e-05 160.419
4.48498 4.6889e-05 210.997
4.4999 4.74701e-05 152.962
4.51481 4.6786e-05 202.874
4.52973 4.72603e-05 162.151
4.54464 4.65755e-05 210.939
4.55956 4.71637e-05 151.694
4.57447 4.64952e-05 199.995
4.58939 4.69361e-05 164.269
4.6043 4.62673e-05 211.255
4.61922 4.68642e-05 150.587
4.63413 4.62096e-05 197.324
4.64905 4.66186e-05 166.223
4.66396 4.59654e-05 211.413
4.67888 4.65703e-05 149.448
4.69379 4.59302e-05 194.672
4.70871 4.63061e-05 168.24
4.72362 4.56691e-05 211.63
4.73854 4.62822e-05 148.353
4.75345 4.56563e-05 192.11
4.76837 4.59829e-05 170.198
4.78328 4.54286e-05 202.545
4.7982 4.59649e-05 156.869
4.81311 4.53517e-05 198.711
4.82803 4.57169e-05 160.599
4.84294 4.51892e-05 201.409
4.85786 4.56419e-05 156.904
4.87277 4.50427e-05 197.15
4.88769 4.54887e-05 161.348
4.9026 4.48971e-05 200.533
4.91752 4.536e-05 156.719
4.93243 4.47763e-05 195.496
4.94735 4.52066e-05 162.143
4.96226 4.46302e-05 199.764
4.97718 4.50837e-05 156.431
4.99209 4.45152e-05 193.778
5.00701 4.49289e-05 163.054
5.02192 4.43679e-05 199.117
5.03684 4.48126e-05 156.016
5.05175 4.42595e-05 191.978
5.06667 4.46552e-05 164.109
5.08158 4.41099e-05 198.614
5.0965 4.45466e-05 155.452
5.11141 4.40092e-05 190.074
5.12633 4.43855e-05 165.339
5.14124 4.3856e-05 198.281
5.15616 4.42859e-05 154.707
5.17107 4.37641e-05 188.041
5.18599 4.41125e-05 166.774
5.2009 4.36273e-05 198.187
5.21582 4.40148e-05 153.676
5.23073 4.35086e-05 185.751
5.24565 4.38632e-05 168.65
5.26056 4.34111e-05 198.506
5.27548 4.37355e-05 152.169
5.29039 4.32452e-05 183.043
5.30531 4.36409e-05 171.23
5.32022 4.31843e-05 188.024
5.33514 4.34652e-05 163.814
5.35005 4.29917e-05 192.062
5.36496 4.34184e-05 158.274
5.37988 4.29504e-05 186.694
5.39479 4.31911e-05 164.351
5.40971 4.28125e-05 191.333
5.42462 4.31375e-05 158.003
5.43954 4.26861e-05 185.11
5.45445 4.30021e-05 165.408
5.46937 4.25733e-05 190.928
5.48428 4.28891e-05 157.399
5.4992 4.24542e-05 183.325
5.51411 4.27691e-05 166.685
5.52903 4.23574e-05 190.764
5.54394 4.26425e-05 156.509
5.55886 4.22241e-05 181.315
5.57377 4.25422e-05 168.324
5.58869 4.21478e-05 190.92
5.6036 4.23926e-05 155.234
5.61852 4.20081e-05 179.026
5.63343 4.23136e-05 170.412
5.64835 4.19315e-05 182.459
5.66326 4.21565e-05 165.001
5.67818 4.18049e-05 186.206
5.69309 4.20785e-05 159.595
5.70801 4.17057e-05 181.043
5.72292 4.19428e-05 165.857
5.73784 4.16038e-05 185.748
5.75275 4.18395e-05 159.104
5.76767 4.14867e-05 179.448
5.78258 4.17328e-05 166.994
5.7975 4.14029e-05 185.528
5.81241 4.16042e-05 158.323
5.82733 4.12809e-05 177.655
5.84224 4.15177e-05 168.435
5.85716 4.11965e-05 185.544
5.87207 4.13835e-05 157.277
5.88699 4.10863e-05 175.685
5.9019 4.12928e-05 170.155
5.91682 4.09921e-05 177.682
5.93173 4.11709e-05 166.737
5.94665 4.08968e-05 182.428
5.96156 4.10655e-05 159.781
5.97648 4.07986e-05 176.151
5.99139 4.09582e-05 167.842
6.00631 4.07002e-05 182.206
6.02122 4.08525e-05 159.06
6.03614 4.0611e-05 174.498
6.05105 4.07418e-05 169.145
6.06597 4.05058e-05 182.15
6.08088 4.0648e-05 158.148
6.0958 4.04188e-05 172.697
6.11071 4.0531e-05 170.718
6.12563 4.03258e-05 173.092
6.14054 4.04311e-05 169.615
6.15546 4.02346e-05 180.918
6.17037 4.03206e-05 158.246
6.18529 4.01597e-05 171.282
6.2002 4.01995e-05 171.189
6.21512 4.00778e-05 170.915
6.23003 4.00908e-05 171.198
6.24494 3.99915e-05 170.41
6.25986 3.99946e-05 171.445
6.27477 3.99027e-05 169.551
6.28969 3.98764e-05 178.606
6.3046 3.98338e-05 159.055
6.31952 3.9771e-05 169.729
6.33443 3.97344e-05 177.954
6.34935 3.96919e-05 159.22
6.36426 3.96311e-05 169.113
6.37918 3.95954e-05 176.691
6.39409 3.95514e-05 160.217
6.40901 3.94962e-05 169.171
6.42392 3.94547e-05 175.96
6.43884 3.94136e-05 160.513
6.45375 3.93582e-05 168.668
6.46867 3.9319e-05 174.809
6.48358 3.9277e-05 161.396
6.4985 3.92232e-05 168.634
6.51341 3.91835e-05 174.031
6.52833 3.91415e-05 161.779
6.54324 3.90892e-05 168.211
6.55816 3.90496e-05 172.962
6.57307 3.90078e-05 162.582
6.58799 3.89569e-05 168.12
6.6029 3.89169e-05 172.158
6.61782 3.88751e-05 163.026
6.63273 3.88257e-05 167.754
6.64765 3.87857e-05 171.153
6.66256 3.87441e-05 163.77
6.67748 3.8696e-05 167.623
6.69239 3.86558e-05 170.337
6.70731 3.8618e-05 164.264
6.72222 3.85666e-05 167.302
6.73714 3.85157e-05 169.362
6.75205 3.8487e-05 170.716
6.76697 3.84502e-05 162.822
6.78188 3.84039e-05 165.301
6.7968 3.83546e-05 166.938
6.81171 3.83132e-05 167.947
6.82663 3.82718e-05 168.478
6.84154 3.82304e-05 168.648
6.85646 3.81891e-05 168.547
6.87137 3.81479e-05 168.244
6.88629 3.81067e-05 167.791
6.9012 3.80657e-05 167.227
6.91612 3.80247e-05 166.582
6.93103 3.79838e-05 165.877
6.94595 3.79431e-05 165.13
6.96086 3.79024e-05 164.354
6.97578 3.78619e-05 163.556
6.99069 3.78215e-05 162.745
7.00561 3.77813e-05 161.925
7.02052 3.77411e-05 161.1
7.03544 3.77011e-05 160.274
7.05035 3.76612e-05 159.448
7.06527 3.76215e-05 158.624
7.08018 3.75818e-05 157.802
7.0951 3.75423e-05 156.985
7.11001 3.75029e-05 156.172
7.12492 3.74636e-05 155.364
7.13984 3.74245e-05 154.562
7.15475 3.73855e-05 153.764
7.16967 3.73466e-05 152.973
7.18458 3.73078e-05 152.188
7.1995 3.72691e-05 151.408
7.21441 3.72306e-05 150.635
7.22933 3.71921e-05 149.867
7.24424 3.71538e-05 149.106
7.25916 3.71156e-05 148.35
7.27407 3.70776e-05 147.601
7.28899 3.70396e-05 146.858
7.3039 3.70018e-05 146.121
7.31882 3.69641e-05 145.39
7.33373 3.69265e-05 144.665
7.34865 3.6889e-05 143.946
7.36356 3.68516e-05 143.233
7.37848 3.68143e-05 142.527
7.39339 3.67772e-05 141.826
7.40831 3.67401e-05 141.132
7.42322 3.67032e-05 140.443
7.43814 3.66664e-05 139.761
7.45305 3.66297e-05 139.085
7.46797 3.65931e-05 138.415
7.48288 3.65566e-05 137.751
7.4978 3.65202e-05 137.093
7.51271 3.6484e-05 136.442
7.52763 3.64478e-05 135.797
7.54254 3.64117e-05 135.158
7.55746 3.63758e-05 134.526
7.57237 3.634e-05 133.9
7.58729 3.63042e-05 133.281
7.6022 3.62686e-05 132.668
7.61712 3.62331e-05 132.062
7.63203 3.61976e-05 131.463
7.64695 3.61623e-05 130.87
7.66186 3.61271e-05 130.284
7.67678 3.6092e-05 129.706
7.69169 3.6057e-05 129.134
7.70661 3.60221e-05 128.57
7.72152 3.59873e-05 128.013
7.73644 3.59526e-05 127.464
7.75135 3.5918e-05 126.922
7.76627 3.58835e-05 126.388
7.78118 3.58491e-05 125.863
7.7961 3.58148e-05 125.345
7.81101 3.57806e-05 124.836
7.82593 3.57465e-05 124.335
7.84084 3.57124e-05 123.843
7.85576 3.56785e-05 123.361
7.87067 3.56447e-05 122.887
7.88559 3.5611e-05 122.424
7.9005 3.55774e-05 121.97
7.91542 3.55438e-05 121.526
7.93033 3.55104e-05 121.093
7.94525 3.54771e-05 120.671
7.96016 3.54438e-05 120.26
7.97508 3.54107e-05 119.861
7.98999 3.53776e-05 119.474
8.0049 3.53446e-05 119.1
8.01982 3.53118e-05 118.738
8.03473 3.5279e-05 118.39
8.04965 3.52463e-05 118.057
8.06456 3.52137e-05 117.738
8.07948 3.51812e-05 117.434
8.09439 3.51488e-05 117.146
8.10931 3.51165e-05 116.874
8.12422 3.50842e-05 116.62
8.13914 3.50521e-05 116.384
8.15405 3.502e-05 116.167
8.16897 3.49881e-05 115.969
8.18388 3.49562e-05 115.792
8.1988 3.49244e-05 115.637
8.21371 3.48927e-05 115.504
8.22863 3.48611e-05 115.395
8.24354 3.48295e-05 115.311
8.25846 3.47981e-05 115.253
8.27337 3.47668e-05 115.222
8.28829 3.47355e-05 115.219
8.3032 3.47043e-05 115.247
8.31812 3.46732e-05 115.306
8.33303 3.46422e-05 115.398
8.34795 3.46113e-05 115.525
8.36286 3.45805e-05 115.688
8.37778 3.45497e-05 115.89
8.39269 3.4519e-05 116.132
8.40761 3.44885e-05 116.417
8.42252 3.4458e-05 116.747
8.43744 3.44276e-05 117.123
8.45235 3.43973e-05 117.549
8.46727 3.4367e-05 118.027
8.48218 3.43369e-05 118.56
8.4971 3.43068e-05 119.151
8.51201 3.42768e-05 119.803
8.52693 3.4247e-05 120.519
8.54184 3.42172e-05 121.302
8.55676 3.41875e-05 122.156
8.57167 3.41578e-05 123.086
8.58659 3.41283e-05 124.094
8.6015 3.40989e-05 125.186
8.61642 3.40695e-05 126.366
8.63133 3.40403e-05 127.638
8.64625 3.40111e-05 129.008
8.66116 3.3982e-05 130.481
8.67608 3.39531e-05 132.062
8.69099 3.39242e-05 133.757
8.70591 3.38955e-05 135.574
8.72082 3.38668e-05 137.517
8.73574 3.38383e-05 139.595
8.75065 3.38098e-05 141.814
8.76557 3.37815e-05 144.182
8.78048 3.37533e-05 146.708
8.7954 3.37252e-05 149.399
8.81031 3.36973e-05 152.266
8.82523 3.36695e-05 155.317
8.84014 3.36418e-05 158.563
8.85506 3.36143e-05 162.014
8.86997 3.35866e-05 165.681
8.88488 3.35504e-05 169.554
8.8998 3.33534e-05 173.234
8.91471 3.37196e-05 163.788
8.92963 3.33527e-05 171.318
8.94454 3.35795e-05 168.744
8.95946 3.30829e-05 177.231
8.97437 3.37861e-05 163.481
8.98929 3.30844e-05 175.949
9.0042 3.36405e-05 167.714
9.01912 3.27565e-05 181.567
9.03403 3.39147e-05 163.514
9.04895 3.27533e-05 181.375
9.06386 3.37713e-05 166.454
9.07878 3.23631e-05 186.166
9.09369 3.41169e-05 163.996
9.10861 3.23397e-05 187.637
9.12352 3.3992e-05 164.996
9.13844 3.18937e-05 190.97
9.15335 3.44008e-05 164.985
9.16827 3.18225e-05 194.713
9.18318 3.43239e-05 163.458
9.1981 3.13459e-05 195.994
9.21301 3.47656e-05 166.412
9.22793 3.11834e-05 202.448
9.24284 3.47861e-05 162.088
9.25776 3.07346e-05 201.429
9.27267 3.51866e-05 167.928
9.28759 3.03912e-05 210.335
9.3025 3.54492e-05 159.885
9.31742 3.01337e-05 206.483
9.33233 3.55428e-05 170.174
9.34725 2.98282e-05 210.571
9.36216 3.57829e-05 168.234
9.37708 2.95391e-05 222.36
9.39199 3.54423e-05 176.068
9.40691 3.0041e-05 210.301
9.42182 3.53311e-05 174.982
9.43674 2.99331e-05 216.861
9.45165 3.50244e-05 181.071
9.46657 3.02241e-05 211.89
9.48148 3.47883e-05 182.574
9.4964 3.03457e-05 214.628
9.51131 3.44875e-05 187.236
9.52623 3.05698e-05 212.282
9.54114 3.41935e-05 189.731
9.55606 3.07741e-05 213.658
9.57097 3.3879e-05 193.839
9.58589 3.09966e-05 212.435
9.6008 3.35658e-05 196.778
9.61572 3.12168e-05 213.176
9.63063 3.32426e-05 200.585
9.64555 3.14461e-05 212.564
9.66046 3.29283e-05 203.76
9.67538 3.16548e-05 212.899
9.69029 3.26025e-05 207.312
9.70521 3.1871e-05 212.659
9.72012 3.23145e-05 210.653
9.73504 3.2343e-05 211.922
9.74995 3.22773e-05 214.509
9.76486 3.22094e-05 217.752
9.77978 3.21551e-05 221.374
9.79469 3.21122e-05 225.227
9.80961 3.20765e-05 229.222
9.82452 3.20449e-05 233.301
9.83944 3.20154e-05 237.426
9.85435 3.19869e-05 241.571
9.86927 3.19588e-05 245.718
9.88418 3.19305e-05 249.853
9.8991 3.1902e-05 253.965
9.91401 3.1873e-05 258.045
9.92893 3.18434e-05 262.086
9.94384 3.18134e-05 266.081
9.95876 3.17828e-05 270.024
9.97367 3.17517e-05 273.91
9.98859 3.17202e-05 277.732
10.0035 3.16883e-05 281.486
10.0184 3.1656e-05 285.167
10.0333 3.16235e-05 288.771
10.0482 3.15908e-05 292.295
10.0632 3.15579e-05 295.733
10.0781 3.15251e-05 299.085
10.093 3.14922e-05 302.345
10.1079 3.14595e-05 305.514
10.1228 3.14269e-05 308.587
10.1377 3.13947e-05 311.563
10.1527 3.13627e-05 314.442
10.1676 3.13311e-05 317.221
10.1825 3.12999e-05 319.901
10.1974 3.12692e-05 322.481
10.2123 3.1239e-05 324.96
10.2272 3.12094e-05 327.34
10.2421 3.11803e-05 329.62
10.2571 3.11518e-05 331.801
10.272 3.11239e-05 333.884
10.2869 3.10966e-05 335.87
10.3018 3.10699e-05 337.761
10.3167 3.10438e-05 339.557
10.3316 3.10183e-05 341.261
10.3465 3.09933e-05 342.874
10.3615 3.09689e-05 344.399
10.3764 3.09451e-05 345.836
10.3913 3.09217e-05 347.188
10.4062 3.08988e-05 348.458
10.4211 3.08764e-05 349.647
10.436 3.08544e-05 350.757
10.451 3.08328e-05 351.792
10.4659 3.08115e-05 352.753
10.4808 3.07906e-05 353.643
10.4957 3.077e-05 354.464
10.5106 3.07497e-05 355.218
10.5255 3.07296e-05 355.907
10.5404 3.07098e-05 356.535
10.5554 3.06901e-05 357.104
10.5703 3.06706e-05 357.615
10.5852 3.06513e-05 358.07
10.6001 3.06321e-05 358.474
10.615 3.0613e-05 358.826
10.6299 3.0594e-05 359.13
10.6448 3.05751e-05 359.387
10.6598 3.05562e-05 359.601
10.6747 3.05374e-05 359.772
10.6896 3.05187e-05 359.902
10.7045 3.04999e-05 359.994
10.7194 3.04812e-05 360.049
10.7343 3.04625e-05 360.07
10.7492 3.04438e-05 360.057
10.7642 3.04251e-05 360.012
10.7791 3.04063e-05 359.938
10.794 3.03876e-05 359.835
10.8089 3.03688e-05 359.706
10.8238 3.035e-05 359.55
10.8387 3.03312e-05 359.371
10.8537 3.03124e-05 359.169
10.8686 3.02935e-05 358.945
10.8835 3.02746e-05 358.701
10.8984 3.02557e-05 358.437
10.9133 3.02368e-05 358.156
10.9282 3.02178e-05 357.857
10.9431 3.01988e-05 357.542
10.9581 3.01797e-05 357.212
10.973 3.01607e-05 356.868
10.9879 3.01416e-05 356.51
11.0028 3.01225e-05 356.14
11.0177 3.01034e-05 355.758
11.0326 3.00843e-05 355.365
11.0475 3.00651e-05 354.962
11.0625 3.00459e-05 354.548
11.0774 3.00268e-05 354.126
11.0923 3.00076e-05 353.696
11.1072 2.99884e-05 353.257
11.1221 2.99692e-05 352.811
11.137 2.99499e-05 352.358
11.152 2.99307e-05 351.899
11.1669 2.99115e-05 351.434
11.1818 2.98923e-05 350.963
11.1967 2.98731e-05 350.488
11.2116 2.98538e-05 350.007
11.2265 2.98346e-05 349.523
11.2414 2.98154e-05 349.034
11.2564 2.97962e-05 348.541
11.2713 2.9777e-05 348.046
11.2862 2.97579e-05 347.547
11.3011 2.97387e-05 347.045
11.316 2.97195e-05 346.541
11.3309 2.97004e-05 346.034
11.3458 2.96813e-05 345.526
11.3608 2.96621e-05 345.015
11.3757 2.96431e-05 344.503
11.3906 2.9624e-05 343.989
11.4055 2.96049e-05 343.474
11.4204 2.95859e-05 342.958
11.4353 2.95669e-05 342.441
11.4503 2.95479e-05 341.923
11.4652 2.95289e-05 341.404
11.4801 2.951e-05 340.885
11.495 2.9491e-05 340.365
11.5099 2.94721e-05 339.845
11.5248 2.94533e-05 339.325
11.5397 2.94344e-05 338.804
11.5547 2.94156e-05 338.284
11.5696 2.93968e-05 337.763
11.5845 2.9378e-05 337.243
11.5994 2.93593e-05 336.723
11.6143 2.93405e-05 336.203
11.6292 2.93219e-05 335.684
11.6441 2.93032e-05 335.165
11.6591 2.92846e-05 334.646
11.674 2.9266e-05 334.128
11.6889 2.92474e-05 333.611
11.7038 2.92289e-05 333.094
11.7187 2.92103e-05 332.578
11.7336 2.91919e-05 332.063
11.7485 2.91734e-05 331.548
11.7635 2.9155e-05 331.034
11.7784 2.91366e-05 330.521
11.7933 2.91182e-05 330.009
11.8082 2.90999e-05 329.498
11.8231 2.90816e-05 328.988
11.838 2.90633e-05 328.479
11.853 2.90451e-05 327.971
11.8679 2.90269e-05 327.463
11.8828 2.90087e-05 326.957
11.8977 2.89906e-05 326.452
11.9126 2.89725e-05 325.948
11.9275 2.89544e-05 325.445
11.9424 2.89363e-05 324.943
11.9574 2.89183e-05 324.442
11.9723 2.89003e-05 323.943
11.9872 2.88824e-05 323.444
12.0021 2.88645e-05 322.947
12.017 2.88466e-05 322.451
12.0319 2.88287e-05 321.956
12.0468 2.88109e-05 321.462
12.0618 2.87931e-05 320.969
12.0767 2.87753e-05 320.478
12.0916 2.87576e-05 319.987
12.1065 2.87399e-05 319.498
12.1214 2.87222e-05 319.01
12.1363 2.87046e-05 318.524
12.1513 2.8687e-05 318.038
12.1662 2.86694e-05 317.554
12.1811 2.86519e-05 317.071
12.196 2.86344e-05 316.589
12.2109 2.86169e-05 316.109
12.2258 2.85994e-05 315.629
12.2407 2.8582e-05 315.151
12.2557 2.85646e-05 314.674
12.2706 2.85473e-05 314.198
12.2855 2.853e-05 313.724
12.3004 2.85127e-05 313.251
12.3153 2.84954e-05 312.779
12.3302 2.84782e-05 312.308
12.3451 2.8461e-05 311.838
12.3601 2.84438e-05 311.37
12.375 2.84267e-05 310.903
12.3899 2.84096e-05 310.437
12.4048 2.83925e-05 309.972
12.4197 2.83754e-05 309.509
12.4346 2.83584e-05 309.047
12.4495 2.83414e-05 308.585
12.4645 2.83245e-05 308.126
12.4794 2.83075e-05 307.667
12.4943 2.82906e-05 307.209
12.5092 2.82738e-05 306.753
12.5241 2.82569e-05 306.298
12.539 2.82401e-05 305.844
12.554 2.82234e-05 305.392
12.5689 2.82066e-05 304.94
12.5838 2.81899e-05 304.49
12.5987 2.81732e-05 304.041
12.6136 2.81565e-05 303.593
12.6285 2.81399e-05 303.146
12.6434 2.81233e-05 302.7
12.6584 2.81067e-05 302.256
12.6733 2.80902e-05 301.813
12.6882 2.80737e-05 301.371
12.7031 2.80572e-05 300.93
12.718 2.80407e-05 300.49
12.7329 2.80243e-05 300.051
12.7478 2.80079e-05 299.614
12.7628 2.79916e-05 299.177
12.7777 2.79752e-05 298.742
12.7926 2.79589e-05 298.308
12.8075 2.79426e-05 297.875
12.8224 2.79264e-05 297.443
12.8373 2.79101e-05 297.013
12.8523 2.78939e-05 296.583
12.8672 2.78778e-05 296.155
12.8821 2.78616e-05 295.727
12.897 2.78455e-05 295.301
12.9119 2.78294e-05 294.876
12.9268 2.78134e-05 294.452
12.9417 2.77973e-05 294.029
12.9567 2.77813e-05 293.607
12.9716 2.77654e-05 293.186
12.9865 2.77494e-05 292.767
13.0014 2.77335e-05 292.348
13.0163 2.77176e-05 291.93
13.0312 2.77017e-05 291.514
13.0461 2.76859e-05 291.099
13.0611 2.76701e-05 290.684
13.076 2.76543e-05 290.271
13.0909 2.76385e-05 289.859
13.1058 2.76228e-05 289.448
13.1207 2.76071e-05 289.038
13.1356 2.75914e-05 288.629
13.1506 2.75758e-05 288.221
13.1655 2.75601e-05 287.814
13.1804 2.75446e-05 287.408
13.1953 2.7529e-05 287.003
13.2102 2.75134e-05 286.599
13.2251 2.74979e-05 286.196
13.24 2.74824e-05 285.795
13.255 2.7467e-05 285.394
13.2699 2.74515e-05 284.994
13.2848 2.74361e-05 284.595
13.2997 2.74207e-05 284.198
13.3146 2.74054e-05 283.801
13.3295 2.739e-05 283.405
13.3444 2.73747e-05 283.01
13.3594 2.73594e-05 282.617
13.3743 2.73442e-05 282.224
13.3892 2.73289e-05 281.832
13.4041 2.73137e-05 281.441
13.419 2.72985e-05 281.052
13.4339 2.72834e-05 280.663
13.4488 2.72682e-05 280.275
13.4638 2.72531e-05 279.888
13.4787 2.72381e-05 279.502
13.4936 2.7223e-05 279.117
13.5085 2.7208e-05 278.733
13.5234 2.7193e-05 278.35
13.5383 2.7178e-05 277.968
13.5533 2.7163e-05 277.587
13.5682 2.71481e-05 277.207
13.5831 2.71332e-05 276.827
13.598 2.71183e-05 276.449
13.6129 2.71034e-05 276.072
13.6278 2.70886e-05 275.695
13.6427 2.70738e-05 275.32
13.6577 2.7059e-05 274.945
13.6726 2.70442e-05 274.571
13.6875 2.70295e-05 274.199
13.7024 2.70148e-05 273.827
13.7173 2.70001e-05 273.456
13.7322 2.69854e-05 273.086
13.7471 2.69708e-05 272.717
13.7621 2.69562e-05 272.348
13.777 2.69416e-05 271.981
13.7919 2.6927e-05 271.615
13.8068 2.69124e-05 271.249
13.8217 2.68979e-05 270.885
13.8366 2.68834e-05 270.521
13.8516 2.68689e-05 270.158
13.8665 2.68545e-05 269.796
13.8814 2.68401e-05 269.435
13.8963 2.68256e-05 269.075
13.9112 2.68113e-05 268.715
13.9261 2.67969e-05 268.357
13.941 2.67826e-05 267.999
13.956 2.67682e-05 267.642
13.9709 2.6754e-05 267.286
13.9858 2.67397e-05 266.931
14.0007 2.67254e-05 266.577
14.0156 2.67112e-05 266.224
14.0305 2.6697e-05 265.871
14.0454 2.66828e-05 265.52
14.0604 2.66687e-05 265.169
14.0753 2.66545e-05 264.819
14.0902 2.66404e-05 264.47
14.1051 2.66263e-05 264.121
14.12 2.66123e-05 263.774
14.1349 2.65982e-05 263.427
14.1498 2.65842e-05 263.081
14.1648 2.65702e-05 262.736
14.1797 2.65562e-05 262.392
14.1946 2.65423e-05 262.049
14.2095 2.65283e-05 261.706
14.2244 2.65144e-05 261.364
14.2393 2.65005e-05 261.024
14.2543 2.64867e-05 260.683
14.2692 2.64728e-05 260.344
14.2841 2.6459e-05 260.005
14.299 2.64452e-05 259.668
14.3139 2.64314e-05 259.331
14.3288 2.64177e-05 258.995
14.3437 2.64039e-05 258.659
14.3587 2.63902e-05 258.325
14.3736 2.63765e-05 257.991
14.3885 2.63628e-05 257.658
14.4034 2.63492e-05 257.326
14.4183 2.63356e-05 256.994
14.4332 2.63219e-05 256.663
14.4481 2.63084e-05 256.334
14.4631 2.62948e-05 256.004
14.478 2.62812e-05 255.676
14.4929 2.62677e-05 255.348
14.5078 2.62542e-05 255.022
14.5227 2.62407e-05 254.695
14.5376 2.62273e-05 254.37
14.5526 2.62138e-05 254.045
14.5675 2.62004e-05 253.722
14.5824 2.6187e-05 253.398
14.5973 2.61736e-05 253.076
14.6122 2.61602e-05 252.755
14.6271 2.61469e-05 252.434
14.642 2.61336e-05 252.113
14.657 2.61203e-05 251.794
14.6719 2.6107e-05 251.475
14.6868 2.60937e-05 251.157
14.7017 2.60805e-05 250.84
14.7166 2.60673e-05 250.524
14.7315 2.60541e-05 250.208
14.7464 2.6041e-05 249.893
14.7614 2.60279e-05 249.58
14.7763 2.60149e-05 249.267
14.7912 2.6002e-05 248.955
14.8061 2.59892e-05 248.646
14.821 2.59767e-05 248.338
14.8359 2.59644e-05 248.032
14.8509 2.59525e-05 247.73
14.8658 2.5941e-05 247.432
14.8807 2.593e-05 247.138
14.8956 2.59196e-05 246.85
14.9105 2.59098e-05 246.567
14.9254 2.59006e-05 246.291
14.9403 2.58921e-05 246.021
14.9553 2.5884e-05 245.756
14.9702 2.58764e-05 245.497
14.9851 2.5869e-05 245.241
15 2.58617e-05 244.988
