0.1 0.000381774 13070.9
0.114915 0.000185948 39527.4
0.12983 0.000281559 27956.5
0.144745 0.000255816 28221.2
0.15966 0.000251514 25557.9
0.174575 0.000239246 24033.2
0.189489 0.00023015 22513.9
0.204404 0.00022143 21249.4
0.219319 0.000213782 20126.6
0.234234 0.000206835 19136.4
0.249149 0.000200535 18251.9
0.264064 0.000194775 17457.7
0.278979 0.000189486 16739.5
0.293894 0.000184605 16086.8
0.308809 0.000180083 15490.5
0.323724 0.000175879 14943.3
0.338639 0.000171955 14439.2
0.353554 0.000168283 13973.1
0.368468 0.000164837 13540.6
0.383383 0.000161593 13138.1
0.398298 0.00015853 12762.3
0.413213 0.000155622 12410
0.428128 0.000152827 12077.5
0.443043 0.000150046 11758.6
0.457958 0.000147047 11441
0.472873 0.000143298 11098.8
0.487788 0.000137715 10680.8
0.502703 0.000128404 10097.2
0.517618 0.000112547 9201.9
0.532533 0.000108878 6147.09
0.547447 0.000134868 2308.15
0.562362 0.000191586 1582.36
0.577277 0.00010677 2285.62
0.592192 0.000176512 1481.19
0.607107 9.18962e-05 2298.1
0.622022 0.000165179 1361.1
0.636937 8.80015e-05 2585.67
0.651852 0.000160307 1051.73
0.666767 8.54758e-05 2990.46
0.681682 0.000156713 873.556
0.696597 8.32892e-05 2644.97
0.711512 0.000153501 944.067
0.726426 8.12971e-05 2673.32
0.741341 0.000150587 900.97
0.756256 7.94618e-05 2542.24
0.771171 0.000147752 934.727
0.786086 7.77635e-05 2523.88
0.801001 0.000145071 915.065
0.815916 7.62073e-05 2436.95
0.830831 0.000142486 936.733
0.845746 7.47663e-05 2408.8
0.860661 0.000140061 925.722
0.875576 7.34656e-05 2342.31
0.89049 0.00013771 941.605
0.905405 7.22375e-05 2312.58
0.92032 0.00013542 934.39
0.935235 7.10446e-05 2256.34
0.95015 0.000133215 948.014
0.965065 6.99405e-05 2228
0.97998 0.000131117 942.648
0.994895 6.89149e-05 2179.72
1.00981 0.000129076 954.277
1.02472 6.79657e-05 2153.43
1.03964 0.000127112 949.685
1.05455 6.70815e-05 2110.86
1.06947 0.000125192 959.879
1.08438 6.62612e-05 2086.71
1.0993 0.000123342 955.577
1.11421 6.54967e-05 2048.57
1.12913 0.000121529 964.674
1.14404 6.47857e-05 2026.48
1.15896 0.000119783 960.397
1.17387 6.41217e-05 1991.87
1.18879 0.000118069 968.645
1.2037 6.35026e-05 1971.69
1.21862 0.000116416 964.244
1.23353 6.29229e-05 1939.96
1.24845 0.000114793 971.839
1.26336 6.2381e-05 1921.54
1.27828 0.000113228 967.23
1.29319 6.18717e-05 1892.19
1.30811 0.000111689 974.332
1.32302 6.13943e-05 1875.37
1.33794 0.000110206 969.469
1.35285 6.09438e-05 1848.01
1.36777 0.000108745 976.214
1.38268 6.05202e-05 1832.66
1.3976 0.000107339 971.069
1.41251 6.01188e-05 1806.98
1.42743 0.000105952 977.575
1.44234 5.97401e-05 1792.96
1.45726 0.000104617 972.133
1.47217 5.93797e-05 1768.72
1.48709 0.000103299 978.5
1.502 5.90386e-05 1755.92
1.51692 0.000102032 972.75
1.53183 5.87124e-05 1732.88
1.54675 0.000100778 979.066
1.56166 5.84025e-05 1721.21
1.57658 9.95738e-05 972.997
1.59149 5.81049e-05 1699.18
1.60641 9.83775e-05 979.337
1.62132 5.78211e-05 1688.51
1.63624 9.72282e-05 972.934
1.65115 5.7547e-05 1667.27
1.66607 9.60792e-05 979.36
1.68098 5.7284e-05 1657.4
1.6959 9.49692e-05 972.595
1.71081 5.70277e-05 1636.59
1.72573 9.38419e-05 979.147
1.74064 5.67789e-05 1627.05
1.75556 9.27298e-05 971.964
1.77047 5.65322e-05 1605.83
1.78539 9.1557e-05 978.637
1.8003 5.62889e-05 1595.32
1.81522 9.03385e-05 970.932
1.83013 5.60497e-05 1571.57
1.84505 8.89764e-05 977.69
1.85996 5.58399e-05 1556.93
1.87487 8.74944e-05 969.377
1.88979 5.57262e-05 1526.35
1.9047 8.58587e-05 976.298
1.91962 5.58733e-05 1502.4
1.93453 8.42279e-05 967.2
1.94945 5.6576e-05 1459.49
1.96436 8.26433e-05 972.955
1.97928 5.82524e-05 1419.89
1.99419 8.09481e-05 958.212
2.00911 6.11807e-05 1354.54
2.02402 7.85252e-05 957.133
2.03894 6.48286e-05 1279.8
2.05385 7.5275e-05 948.296
2.06877 6.78128e-05 1173.53
2.08368 7.20233e-05 982.271
2.0986 6.93071e-05 1072.27
2.11351 6.92613e-05 1017.52
2.12843 6.91797e-05 961.218
2.14334 6.90311e-05 875.79
2.15826 6.86829e-05 783.176
2.17317 6.82923e-05 694.813
2.18809 6.7925e-05 615.669
2.203 6.75943e-05 547.229
2.21792 6.72963e-05 489.309
2.23283 6.70233e-05 441.017
2.24775 6.67684e-05 401.208
2.26266 6.65266e-05 368.695
2.27758 6.6294e-05 342.34
2.29249 6.60684e-05 321.104
2.30741 6.5848e-05 304.059
2.32232 6.56317e-05 290.401
2.33724 6.54188e-05 279.446
2.35215 6.52088e-05 270.625
2.36707 6.50015e-05 263.472
2.38198 6.47965e-05 257.614
2.3969 6.45938e-05 252.753
2.41181 6.43932e-05 248.657
2.42673 6.41945e-05 245.144
2.44164 6.39978e-05 242.077
2.45656 6.3803e-05 239.349
2.47147 6.361e-05 236.881
2.48639 6.34188e-05 234.611
2.5013 6.32294e-05 232.495
2.51622 6.30416e-05 230.499
2.53113 6.28556e-05 228.597
2.54605 6.26712e-05 226.77
2.56096 6.24884e-05 225.004
2.57588 6.23072e-05 223.288
2.59079 6.21275e-05 221.615
2.60571 6.19495e-05 219.979
2.62062 6.17729e-05 218.375
2.63554 6.15979e-05 216.799
2.65045 6.14243e-05 215.25
2.66537 6.12522e-05 213.724
2.68028 6.10815e-05 212.221
2.6952 6.09123e-05 210.74
2.71011 6.07518e-05 209.291
2.72503 6.0567e-05 212.161
2.73994 6.04245e-05 208.563
2.75485 6.02353e-05 211.81
2.76977 6.0105e-05 206.992
2.78468 5.9904e-05 212.758
2.7996 5.9789e-05 206.073
2.81451 5.95814e-05 212.742
2.82943 5.94793e-05 204.712
2.84434 5.92611e-05 213.429
2.85926 5.91738e-05 203.707
2.87417 5.89477e-05 213.592
2.88909 5.88737e-05 202.474
2.904 5.86376e-05 214.135
2.91892 5.85779e-05 201.44
2.93383 5.83331e-05 214.391
2.94875 5.82871e-05 200.291
2.96366 5.80323e-05 214.853
2.97858 5.80006e-05 199.256
2.99349 5.77366e-05 215.157
3.00841 5.77186e-05 198.166
3.02332 5.74446e-05 215.572
3.03824 5.74408e-05 197.145
3.05315 5.71571e-05 215.899
3.06807 5.71672e-05 196.101
3.08298 5.68735e-05 216.285
3.0979 5.68976e-05 195.1
3.11281 5.6594e-05 216.622
3.12773 5.66321e-05 194.094
3.14264 5.63183e-05 216.989
3.15756 5.63704e-05 193.118
3.17247 5.60464e-05 217.329
3.18739 5.61126e-05 192.144
3.2023 5.57781e-05 217.684
3.21722 5.58584e-05 191.193
3.23213 5.55136e-05 218.022
3.24705 5.56079e-05 190.25
3.26196 5.52525e-05 218.368
3.27688 5.53609e-05 189.324
3.29179 5.49949e-05 218.703
3.30671 5.51174e-05 188.408
3.32162 5.47406e-05 219.04
3.33654 5.48773e-05 187.506
3.35145 5.44896e-05 219.371
3.36637 5.46404e-05 186.616
3.38128 5.42418e-05 219.701
3.3962 5.44068e-05 185.739
3.41111 5.39972e-05 220.027
3.42603 5.41764e-05 184.873
3.44094 5.37557e-05 220.352
3.45586 5.39491e-05 184.019
3.47077 5.35172e-05 220.673
3.48569 5.37248e-05 183.176
3.5006 5.32816e-05 220.992
3.51552 5.35034e-05 182.344
3.53043 5.3049e-05 221.307
3.54535 5.3285e-05 181.523
3.56026 5.28191e-05 221.621
3.57518 5.30694e-05 180.713
3.59009 5.2592e-05 221.931
3.60501 5.28566e-05 179.913
3.61992 5.23676e-05 222.24
3.63483 5.26465e-05 179.123
3.64975 5.21459e-05 222.546
3.66466 5.24391e-05 178.344
3.67958 5.19268e-05 222.849
3.69449 5.22343e-05 177.574
3.70941 5.17102e-05 223.15
3.72432 5.20321e-05 176.813
3.73924 5.14961e-05 223.448
3.75415 5.18324e-05 176.062
3.76907 5.12845e-05 223.744
3.78398 5.16352e-05 175.32
3.7989 5.10752e-05 224.038
3.81381 5.14404e-05 174.587
3.82873 5.08684e-05 224.33
3.84364 5.12479e-05 173.863
3.85856 5.06638e-05 224.619
3.87347 5.10578e-05 173.148
3.88839 5.04615e-05 224.906
3.9033 5.087e-05 172.441
3.91822 5.02614e-05 225.19
3.93313 5.06844e-05 171.742
3.94805 5.00634e-05 225.473
3.96296 5.0501e-05 171.052
3.97788 4.98676e-05 225.753
3.99279 5.03197e-05 170.369
4.00771 4.96741e-05 226.032
4.02262 5.0162e-05 169.73
4.03754 4.94472e-05 235.151
4.05245 4.99534e-05 172.271
4.06737 4.9326e-05 220.296
4.08228 4.97903e-05 166.026
4.0972 4.90903e-05 229.19
4.11211 4.96253e-05 168.591
4.12703 4.89074e-05 230.775
4.14194 4.94513e-05 168.416
4.15686 4.8731e-05 229.556
4.17177 4.92747e-05 167.221
4.18669 4.85582e-05 227.316
4.2016 4.90984e-05 165.663
4.21652 4.83879e-05 224.73
4.23143 4.89233e-05 163.99
4.24635 4.82195e-05 222.05
4.26126 4.87499e-05 162.294
4.27618 4.8053e-05 219.368
4.29109 4.85782e-05 160.608
4.30601 4.78883e-05 216.717
4.32092 4.84082e-05 158.944
4.33584 4.77252e-05 214.109
4.35075 4.824e-05 157.306
4.36567 4.75639e-05 211.548
4.38058 4.80736e-05 155.696
4.3955 4.74133e-05 209.054
4.41041 4.78996e-05 157.673
4.42533 4.72402e-05 210.119
4.44024 4.77517e-05 153.866
4.45516 4.71115e-05 205.505
4.47007 4.75618e-05 160.367
4.48498 4.69186e-05 211.012
4.4999 4.74406e-05 152.92
4.51481 4.68107e-05 202.885
4.52973 4.72358e-05 162.095
4.54464 4.66053e-05 210.952
4.55956 4.71339e-05 151.651
4.57447 4.65184e-05 200.002
4.58939 4.69132e-05 164.22
4.6043 4.62973e-05 211.276
4.61922 4.68341e-05 150.547
4.63413 4.62313e-05 197.331
4.64905 4.65973e-05 166.177
4.66396 4.59957e-05 211.438
4.67888 4.65398e-05 149.408
4.69379 4.59504e-05 194.676
4.70871 4.62864e-05 168.199
4.72362 4.56997e-05 211.662
4.73854 4.62514e-05 148.315
4.75345 4.5675e-05 192.112
4.76837 4.59675e-05 170.166
4.78328 4.5451e-05 202.652
4.7982 4.59395e-05 156.703
4.81311 4.5375e-05 198.604
4.82803 4.56938e-05 160.688
4.84294 4.52143e-05 201.549
4.85786 4.5617e-05 156.7
4.87277 4.5065e-05 197.006
4.88769 4.54667e-05 161.486
4.9026 4.49217e-05 200.716
4.91752 4.53354e-05 156.464
4.93243 4.47976e-05 195.304
4.94735 4.51856e-05 162.345
4.96226 4.46546e-05 200.004
4.97718 4.50594e-05 156.108
4.99209 4.45355e-05 193.523
5.00701 4.49089e-05 163.34
5.02192 4.4392e-05 199.432
5.03684 4.47884e-05 155.607
5.05175 4.42787e-05 191.641
5.06667 4.46365e-05 164.505
5.08158 4.41339e-05 199.027
5.0965 4.45226e-05 154.928
5.11141 4.40271e-05 189.632
5.12633 4.4368e-05 165.882
5.14124 4.38799e-05 198.823
5.15616 4.42618e-05 154.036
5.17107 4.37807e-05 187.465
5.18599 4.40964e-05 167.51
5.2009 4.36515e-05 198.897
5.21582 4.39904e-05 152.815
5.23073 4.35235e-05 185.003
5.24565 4.38488e-05 169.644
5.26056 4.34358e-05 199.439
5.27548 4.37105e-05 151.064
5.29039 4.3258e-05 182.073
5.30531 4.36334e-05 172.582
5.32022 4.31957e-05 185.847
5.33514 4.34492e-05 166.66
5.35005 4.30124e-05 194.605
5.36496 4.33975e-05 155.157
5.37988 4.29657e-05 183.965
5.39479 4.31761e-05 167.981
5.40971 4.28334e-05 194.539
5.42462 4.31166e-05 154.091
5.43954 4.26999e-05 181.695
5.45445 4.2989e-05 170.055
5.46937 4.2594e-05 186.718
5.48428 4.28678e-05 162.694
5.4992 4.24666e-05 187.954
5.51411 4.27593e-05 160.565
5.52903 4.23736e-05 185.526
5.54394 4.26242e-05 163.127
5.55886 4.22382e-05 187.061
5.57377 4.25305e-05 160.628
5.58869 4.21607e-05 184.369
5.6036 4.23779e-05 163.526
5.61852 4.20245e-05 186.181
5.63343 4.22984e-05 160.679
5.64835 4.19423e-05 183.202
5.66326 4.2146e-05 163.98
5.67818 4.18206e-05 185.378
5.69309 4.20617e-05 160.631
5.70801 4.17178e-05 181.95
5.72292 4.19322e-05 164.601
5.73784 4.16172e-05 184.723
5.75275 4.1825e-05 160.399
5.76767 4.14997e-05 180.569
5.78258 4.17209e-05 165.421
5.7975 4.14147e-05 184.243
5.81241 4.15925e-05 159.955
5.82733 4.12929e-05 179.051
5.84224 4.15059e-05 166.449
5.85716 4.12077e-05 183.928
5.87207 4.13721e-05 159.327
5.88699 4.10985e-05 177.423
5.9019 4.12814e-05 167.643
5.91682 4.10006e-05 183.748
5.93173 4.11638e-05 158.554
5.94665 4.09053e-05 175.695
5.96156 4.10558e-05 169.011
5.97648 4.08083e-05 183.743
5.99139 4.09488e-05 157.553
6.00631 4.07097e-05 173.792
6.02122 4.08433e-05 170.705
6.03614 4.06182e-05 174.703
6.05105 4.07345e-05 168.834
6.06597 4.05159e-05 181.921
6.08088 4.06376e-05 158.425
6.0958 4.04261e-05 172.94
6.11071 4.05256e-05 170.349
6.12563 4.03311e-05 173.665
6.14054 4.04257e-05 168.766
6.15546 4.02405e-05 180.252
6.17037 4.03154e-05 159.111
6.18529 4.01619e-05 171.988
6.2002 4.01992e-05 170.136
6.21512 4.00786e-05 172.502
6.23003 4.00889e-05 168.841
6.24494 3.99946e-05 178.789
6.25986 3.99908e-05 159.55
6.27477 3.99053e-05 170.867
6.28969 3.98766e-05 170.202
6.3046 3.98322e-05 170.95
6.31952 3.97716e-05 169.553
6.33443 3.97356e-05 177.818
6.34935 3.96897e-05 159.396
6.36426 3.96323e-05 169.256
6.37918 3.95963e-05 176.806
6.39409 3.95495e-05 160.057
6.40901 3.9497e-05 169.047
6.42392 3.94558e-05 175.866
6.43884 3.94119e-05 160.638
6.45375 3.93589e-05 168.768
6.46867 3.932e-05 174.889
6.48358 3.92755e-05 161.282
6.4985 3.92238e-05 168.546
6.51341 3.91844e-05 173.965
6.52833 3.91401e-05 161.868
6.54324 3.90898e-05 168.282
6.55816 3.90504e-05 173.018
6.57307 3.90066e-05 162.5
6.58799 3.89574e-05 168.058
6.6029 3.89176e-05 172.112
6.61782 3.88741e-05 163.089
6.63273 3.88261e-05 167.803
6.64765 3.87863e-05 171.192
6.66256 3.87432e-05 163.711
6.67748 3.86963e-05 167.579
6.69239 3.86562e-05 170.305
6.70731 3.8617e-05 164.309
6.72222 3.85671e-05 167.336
6.73714 3.85165e-05 169.39
6.75205 3.84873e-05 170.738
6.76697 3.84488e-05 162.787
6.78188 3.84037e-05 165.274
6.7968 3.83549e-05 166.919
6.81171 3.83134e-05 167.933
6.82663 3.82719e-05 168.468
6.84154 3.82306e-05 168.641
6.85646 3.81892e-05 168.542
6.87137 3.8148e-05 168.24
6.88629 3.81068e-05 167.788
6.9012 3.80657e-05 167.225
6.91612 3.80247e-05 166.58
6.93103 3.79838e-05 165.876
6.94595 3.79431e-05 165.13
6.96086 3.79025e-05 164.353
6.97578 3.78619e-05 163.556
6.99069 3.78216e-05 162.744
7.00561 3.77813e-05 161.925
7.02052 3.77411e-05 161.1
7.03544 3.77011e-05 160.274
7.05035 3.76612e-05 159.448
7.06527 3.76215e-05 158.623
7.08018 3.75818e-05 157.802
7.0951 3.75423e-05 156.985
7.11001 3.75029e-05 156.172
7.12492 3.74636e-05 155.364
7.13984 3.74245e-05 154.562
7.15475 3.73855e-05 153.764
7.16967 3.73466e-05 152.973
7.18458 3.73078e-05 152.188
7.1995 3.72691e-05 151.408
7.21441 3.72306e-05 150.635
7.22933 3.71921e-05 149.867
7.24424 3.71538e-05 149.106
7.25916 3.71156e-05 148.35
7.27407 3.70776e-05 147.601
7.28899 3.70396e-05 146.858
7.3039 3.70018e-05 146.121
7.31882 3.69641e-05 145.39
7.33373 3.69265e-05 144.665
7.34865 3.6889e-05 143.946
7.36356 3.68516e-05 143.233
7.37848 3.68143e-05 142.527
7.39339 3.67772e-05 141.826
7.40831 3.67401e-05 141.132
7.42322 3.67032e-05 140.443
7.43814 3.66664e-05 139.761
7.45305 3.66297e-05 139.085
7.46797 3.65931e-05 138.415
7.48288 3.65566e-05 137.751
7.4978 3.65202e-05 137.093
7.51271 3.6484e-05 136.442
7.52763 3.64478e-05 135.797
7.54254 3.64117e-05 135.158
7.55746 3.63758e-05 134.526
7.57237 3.634e-05 133.9
7.58729 3.63042e-05 133.281
7.6022 3.62686e-05 132.668
7.61712 3.62331e-05 132.062
7.63203 3.61976e-05 131.463
7.64695 3.61623e-05 130.87
7.66186 3.61271e-05 130.284
7.67678 3.6092e-05 129.706
7.69169 3.6057e-05 129.134
7.70661 3.60221e-05 128.57
7.72152 3.59873e-05 128.013
7.73644 3.59526e-05 127.464
7.75135 3.5918e-05 126.922
7.76627 3.58835e-05 126.388
7.78118 3.58491e-05 125.863
7.7961 3.58148e-05 125.345
7.81101 3.57806e-05 124.836
7.82593 3.57465e-05 124.335
7.84084 3.57124e-05 123.843
7.85576 3.56785e-05 123.361
7.87067 3.56447e-05 122.887
7.88559 3.5611e-05 122.424
7.9005 3.55774e-05 121.97
7.91542 3.55438e-05 121.526
7.93033 3.55104e-05 121.093
7.94525 3.54771e-05 120.671
7.96016 3.54438e-05 120.26
7.97508 3.54107e-05 119.861
7.98999 3.53776e-05 119.474
8.0049 3.53446e-05 119.1
8.01982 3.53118e-05 118.738
8.03473 3.5279e-05 118.39
8.04965 3.52463e-05 118.057
8.06456 3.52137e-05 117.737
8.07948 3.51812e-05 117.434
8.09439 3.51488e-05 117.146
8.10931 3.51164e-05 116.874
8.12422 3.50842e-05 116.62
8.13914 3.50521e-05 116.384
8.15405 3.502e-05 116.167
8.16897 3.4988e-05 115.969
8.18388 3.49562e-05 115.792
8.1988 3.49244e-05 115.637
8.21371 3.48927e-05 115.504
8.22863 3.4861e-05 115.395
8.24354 3.48295e-05 115.311
8.25846 3.47981e-05 115.253
8.27337 3.47667e-05 115.221
8.28829 3.47354e-05 115.219
8.3032 3.47043e-05 115.246
8.31812 3.46732e-05 115.306
8.33303 3.46422e-05 115.398
8.34795 3.46112e-05 115.525
8.36286 3.45804e-05 115.688
8.37778 3.45496e-05 115.89
8.39269 3.4519e-05 116.132
8.40761 3.44884e-05 116.417
8.42252 3.44579e-05 116.746
8.43744 3.44275e-05 117.123
8.45235 3.43972e-05 117.549
8.46727 3.43669e-05 118.027
8.48218 3.43368e-05 118.56
8.4971 3.43067e-05 119.15
8.51201 3.42767e-05 119.802
8.52693 3.42468e-05 120.518
8.54184 3.4217e-05 121.301
8.55676 3.41873e-05 122.155
8.57167 3.41577e-05 123.085
8.58659 3.41281e-05 124.093
8.6015 3.40987e-05 125.185
8.61642 3.40693e-05 126.365
8.63133 3.404e-05 127.637
8.64625 3.40109e-05 129.006
8.66116 3.39818e-05 130.479
8.67608 3.39528e-05 132.06
8.69099 3.39239e-05 133.755
8.70591 3.38951e-05 135.571
8.72082 3.38664e-05 137.515
8.73574 3.38378e-05 139.592
8.75065 3.38094e-05 141.811
8.76557 3.3781e-05 144.179
8.78048 3.37528e-05 146.704
8.7954 3.37246e-05 149.395
8.81031 3.36966e-05 152.261
8.82523 3.36688e-05 155.312
8.84014 3.3641e-05 158.557
8.85506 3.36134e-05 162.008
8.86997 3.35858e-05 165.674
8.88488 3.35509e-05 169.55
8.8998 3.33662e-05 173.264
8.91471 3.37018e-05 163.702
8.92963 3.33616e-05 171.273
8.94454 3.35684e-05 168.782
8.95946 3.31062e-05 177.323
8.97437 3.37566e-05 163.283
8.98929 3.31059e-05 175.846
9.0042 3.36158e-05 167.799
9.01912 3.27926e-05 181.736
9.03403 3.3871e-05 163.181
9.04895 3.27919e-05 181.204
9.06386 3.37283e-05 166.581
9.07878 3.24137e-05 186.419
9.09369 3.40576e-05 163.52
9.10861 3.24004e-05 187.405
9.12352 3.39254e-05 165.139
9.13844 3.19592e-05 191.291
9.15335 3.4326e-05 164.392
9.16827 3.19102e-05 194.456
9.18318 3.42286e-05 163.552
9.1981 3.14245e-05 196.326
9.21301 3.46785e-05 165.783
9.22793 3.13007e-05 202.256
9.24284 3.46587e-05 162.02
9.25776 3.08239e-05 201.66
9.27267 3.50931e-05 167.417
9.28759 3.05377e-05 210.363
9.3025 3.52857e-05 159.525
9.31742 3.02274e-05 206.458
9.33233 3.54803e-05 170.055
9.34725 2.99027e-05 211.058
9.36216 3.56484e-05 168.11
9.37708 2.96812e-05 222.774
9.39199 3.53683e-05 176.046
9.40691 3.00807e-05 210.482
9.42182 3.52365e-05 174.82
9.43674 3.00255e-05 217.5
9.45165 3.49748e-05 181.208
9.46657 3.02475e-05 211.735
9.48148 3.47278e-05 182.347
9.4964 3.03999e-05 215.224
9.51131 3.44601e-05 187.42
9.52623 3.05742e-05 211.986
9.54114 3.41576e-05 189.498
9.55606 3.08027e-05 214.153
9.57097 3.38667e-05 194.028
9.58589 3.09885e-05 212.098
9.6008 3.35458e-05 196.563
9.61572 3.12288e-05 213.569
9.63063 3.32373e-05 200.753
9.64555 3.14336e-05 212.255
9.66046 3.29173e-05 203.577
9.67538 3.16569e-05 213.193
9.69029 3.25986e-05 207.443
9.70521 3.18569e-05 212.41
9.72012 3.22994e-05 210.481
9.73504 3.23234e-05 211.772
9.74995 3.22571e-05 214.366
9.76486 3.21909e-05 217.618
9.77978 3.21385e-05 221.249
9.79469 3.20972e-05 225.111
9.80961 3.20625e-05 229.114
9.82452 3.20317e-05 233.198
9.83944 3.20028e-05 237.328
9.85435 3.19748e-05 241.476
9.86927 3.19471e-05 245.625
9.88418 3.19193e-05 249.762
9.8991 3.18912e-05 253.876
9.91401 3.18627e-05 257.958
9.92893 3.18337e-05 262.002
9.94384 3.18043e-05 266.001
9.95876 3.17744e-05 269.948
9.97367 3.1744e-05 273.838
9.98859 3.17132e-05 277.665
10.0035 3.1682e-05 281.424
10.0184 3.16506e-05 285.111
10.0333 3.16189e-05 288.722
10.0482 3.1587e-05 292.252
10.0632 3.1555e-05 295.698
10.0781 3.1523e-05 299.057
10.093 3.1491e-05 302.326
10.1079 3.14591e-05 305.502
10.1228 3.14274e-05 308.583
10.1377 3.13959e-05 311.568
10.1527 3.13648e-05 314.454
10.1676 3.13339e-05 317.242
10.1825 3.13035e-05 319.929
10.1974 3.12734e-05 322.517
10.2123 3.12439e-05 325.004
10.2272 3.12148e-05 327.39
10.2421 3.11863e-05 329.677
10.2571 3.11583e-05 331.864
10.272 3.11309e-05 333.953
10.2869 3.1104e-05 335.945
10.3018 3.10776e-05 337.84
10.3167 3.10519e-05 339.641
10.3316 3.10266e-05 341.349
10.3465 3.10019e-05 342.965
10.3615 3.09777e-05 344.492
10.3764 3.09539e-05 345.932
10.3913 3.09307e-05 347.286
10.4062 3.09078e-05 348.558
10.4211 3.08854e-05 349.748
10.436 3.08634e-05 350.859
10.451 3.08418e-05 351.894
10.4659 3.08205e-05 352.855
10.4808 3.07995e-05 353.745
10.4957 3.07787e-05 354.565
10.5106 3.07583e-05 355.318
10.5255 3.07381e-05 356.006
10.5404 3.0718e-05 356.633
10.5554 3.06982e-05 357.199
10.5703 3.06785e-05 357.708
10.5852 3.0659e-05 358.162
10.6001 3.06396e-05 358.563
10.615 3.06203e-05 358.913
10.6299 3.06011e-05 359.215
10.6448 3.05819e-05 359.47
10.6598 3.05628e-05 359.68
10.6747 3.05438e-05 359.849
10.6896 3.05248e-05 359.977
10.7045 3.05059e-05 360.066
10.7194 3.04869e-05 360.119
10.7343 3.0468e-05 360.136
10.7492 3.0449e-05 360.121
10.7642 3.04301e-05 360.074
10.7791 3.04111e-05 359.997
10.794 3.03922e-05 359.892
10.8089 3.03732e-05 359.76
10.8238 3.03542e-05 359.602
10.8387 3.03352e-05 359.421
10.8537 3.03162e-05 359.216
10.8686 3.02972e-05 358.99
10.8835 3.02781e-05 358.744
10.8984 3.0259e-05 358.478
10.9133 3.02399e-05 358.195
10.9282 3.02208e-05 357.894
10.9431 3.02016e-05 357.578
10.9581 3.01825e-05 357.246
10.973 3.01633e-05 356.9
10.9879 3.01441e-05 356.541
11.0028 3.01248e-05 356.169
11.0177 3.01056e-05 355.785
11.0326 3.00863e-05 355.391
11.0475 3.00671e-05 354.986
11.0625 3.00478e-05 354.572
11.0774 3.00285e-05 354.148
11.0923 3.00092e-05 353.716
11.1072 2.999e-05 353.277
11.1221 2.99707e-05 352.83
11.137 2.99514e-05 352.376
11.152 2.99321e-05 351.916
11.1669 2.99128e-05 351.45
11.1818 2.98935e-05 350.978
11.1967 2.98742e-05 350.502
11.2116 2.98549e-05 350.021
11.2265 2.98356e-05 349.535
11.2414 2.98164e-05 349.046
11.2564 2.97971e-05 348.553
11.2713 2.97779e-05 348.056
11.2862 2.97587e-05 347.557
11.3011 2.97394e-05 347.055
11.316 2.97202e-05 346.55
11.3309 2.97011e-05 346.043
11.3458 2.96819e-05 345.534
11.3608 2.96627e-05 345.023
11.3757 2.96436e-05 344.51
11.3906 2.96245e-05 343.996
11.4055 2.96054e-05 343.48
11.4204 2.95864e-05 342.964
11.4353 2.95673e-05 342.446
11.4503 2.95483e-05 341.928
11.4652 2.95293e-05 341.409
11.4801 2.95103e-05 340.889
11.495 2.94914e-05 340.369
11.5099 2.94725e-05 339.849
11.5248 2.94536e-05 339.328
11.5397 2.94347e-05 338.808
11.5547 2.94159e-05 338.287
11.5696 2.9397e-05 337.766
11.5845 2.93783e-05 337.246
11.5994 2.93595e-05 336.726
11.6143 2.93408e-05 336.206
11.6292 2.93221e-05 335.686
11.6441 2.93034e-05 335.167
11.6591 2.92848e-05 334.648
11.674 2.92661e-05 334.13
11.6889 2.92476e-05 333.613
11.7038 2.9229e-05 333.096
11.7187 2.92105e-05 332.58
11.7336 2.9192e-05 332.064
11.7485 2.91735e-05 331.55
11.7635 2.91551e-05 331.036
11.7784 2.91367e-05 330.523
11.7933 2.91183e-05 330.011
11.8082 2.91e-05 329.5
11.8231 2.90817e-05 328.989
11.838 2.90634e-05 328.48
11.853 2.90452e-05 327.972
11.8679 2.9027e-05 327.464
11.8828 2.90088e-05 326.958
11.8977 2.89907e-05 326.453
11.9126 2.89725e-05 325.949
11.9275 2.89545e-05 325.446
11.9424 2.89364e-05 324.944
11.9574 2.89184e-05 324.443
11.9723 2.89004e-05 323.943
11.9872 2.88824e-05 323.445
12.0021 2.88645e-05 322.948
12.017 2.88466e-05 322.451
12.0319 2.88288e-05 321.956
12.0468 2.88109e-05 321.462
12.0618 2.87931e-05 320.97
12.0767 2.87754e-05 320.478
12.0916 2.87576e-05 319.988
12.1065 2.87399e-05 319.499
12.1214 2.87223e-05 319.011
12.1363 2.87046e-05 318.524
12.1513 2.8687e-05 318.039
12.1662 2.86694e-05 317.554
12.1811 2.86519e-05 317.071
12.196 2.86344e-05 316.589
12.2109 2.86169e-05 316.109
12.2258 2.85995e-05 315.629
12.2407 2.8582e-05 315.151
12.2557 2.85647e-05 314.674
12.2706 2.85473e-05 314.199
12.2855 2.853e-05 313.724
12.3004 2.85127e-05 313.251
12.3153 2.84954e-05 312.779
12.3302 2.84782e-05 312.308
12.3451 2.8461e-05 311.839
12.3601 2.84438e-05 311.37
12.375 2.84267e-05 310.903
12.3899 2.84096e-05 310.437
12.4048 2.83925e-05 309.972
12.4197 2.83754e-05 309.509
12.4346 2.83584e-05 309.047
12.4495 2.83414e-05 308.586
12.4645 2.83245e-05 308.126
12.4794 2.83075e-05 307.667
12.4943 2.82906e-05 307.21
12.5092 2.82738e-05 306.753
12.5241 2.82569e-05 306.298
12.539 2.82401e-05 305.844
12.554 2.82234e-05 305.392
12.5689 2.82066e-05 304.94
12.5838 2.81899e-05 304.49
12.5987 2.81732e-05 304.041
12.6136 2.81565e-05 303.593
12.6285 2.81399e-05 303.146
12.6434 2.81233e-05 302.7
12.6584 2.81067e-05 302.256
12.6733 2.80902e-05 301.813
12.6882 2.80737e-05 301.371
12.7031 2.80572e-05 300.93
12.718 2.80408e-05 300.49
12.7329 2.80243e-05 300.051
12.7478 2.80079e-05 299.614
12.7628 2.79916e-05 299.177
12.7777 2.79752e-05 298.742
12.7926 2.79589e-05 298.308
12.8075 2.79426e-05 297.875
12.8224 2.79264e-05 297.443
12.8373 2.79101e-05 297.013
12.8523 2.78939e-05 296.583
12.8672 2.78778e-05 296.155
12.8821 2.78616e-05 295.727
12.897 2.78455e-05 295.301
12.9119 2.78294e-05 294.876
12.9268 2.78134e-05 294.452
12.9417 2.77973e-05 294.029
12.9567 2.77813e-05 293.607
12.9716 2.77654e-05 293.186
12.9865 2.77494e-05 292.767
13.0014 2.77335e-05 292.348
13.0163 2.77176e-05 291.931
13.0312 2.77017e-05 291.514
13.0461 2.76859e-05 291.099
13.0611 2.76701e-05 290.684
13.076 2.76543e-05 290.271
13.0909 2.76385e-05 289.859
13.1058 2.76228e-05 289.448
13.1207 2.76071e-05 289.038
13.1356 2.75914e-05 288.629
13.1506 2.75758e-05 288.221
13.1655 2.75602e-05 287.814
13.1804 2.75446e-05 287.408
13.1953 2.7529e-05 287.003
13.2102 2.75134e-05 286.599
13.2251 2.74979e-05 286.196
13.24 2.74824e-05 285.795
13.255 2.7467e-05 285.394
13.2699 2.74515e-05 284.994
13.2848 2.74361e-05 284.595
13.2997 2.74207e-05 284.198
13.3146 2.74054e-05 283.801
13.3295 2.739e-05 283.405
13.3444 2.73747e-05 283.01
13.3594 2.73594e-05 282.617
13.3743 2.73442e-05 282.224
13.3892 2.73289e-05 281.832
13.4041 2.73137e-05 281.441
13.419 2.72985e-05 281.052
13.4339 2.72834e-05 280.663
13.4488 2.72682e-05 280.275
13.4638 2.72531e-05 279.888
13.4787 2.72381e-05 279.502
13.4936 2.7223e-05 279.117
13.5085 2.7208e-05 278.733
13.5234 2.7193e-05 278.35
13.5383 2.7178e-05 277.968
13.5533 2.7163e-05 277.587
13.5682 2.71481e-05 277.207
13.5831 2.71332e-05 276.827
13.598 2.71183e-05 276.449
13.6129 2.71034e-05 276.072
13.6278 2.70886e-05 275.695
13.6427 2.70738e-05 275.32
13.6577 2.7059e-05 274.945
13.6726 2.70442e-05 274.571
13.6875 2.70295e-05 274.199
13.7024 2.70148e-05 273.827
13.7173 2.70001e-05 273.456
13.7322 2.69854e-05 273.086
13.7471 2.69708e-05 272.717
13.7621 2.69562e-05 272.348
13.777 2.69416e-05 271.981
13.7919 2.6927e-05 271.615
13.8068 2.69124e-05 271.249
13.8217 2.68979e-05 270.885
13.8366 2.68834e-05 270.521
13.8516 2.68689e-05 270.158
13.8665 2.68545e-05 269.796
13.8814 2.68401e-05 269.435
13.8963 2.68256e-05 269.075
13.9112 2.68113e-05 268.715
13.9261 2.67969e-05 268.357
13.941 2.67826e-05 267.999
13.956 2.67683e-05 267.642
13.9709 2.6754e-05 267.286
13.9858 2.67397e-05 266.931
14.0007 2.67254e-05 266.577
14.0156 2.67112e-05 266.224
14.0305 2.6697e-05 265.871
14.0454 2.66828e-05 265.52
14.0604 2.66687e-05 265.169
14.0753 2.66545e-05 264.819
14.0902 2.66404e-05 264.47
14.1051 2.66263e-05 264.121
14.12 2.66123e-05 263.774
14.1349 2.65982e-05 263.427
14.1498 2.65842e-05 263.081
14.1648 2.65702e-05 262.736
14.1797 2.65562e-05 262.392
14.1946 2.65423e-05 262.049
14.2095 2.65284e-05 261.706
14.2244 2.65144e-05 261.364
14.2393 2.65005e-05 261.024
14.2543 2.64867e-05 260.683
14.2692 2.64728e-05 260.344
14.2841 2.6459e-05 260.005
14.299 2.64452e-05 259.668
14.3139 2.64314e-05 259.331
14.3288 2.64177e-05 258.995
14.3437 2.64039e-05 258.659
14.3587 2.63902e-05 258.325
14.3736 2.63765e-05 257.991
14.3885 2.63628e-05 257.658
14.4034 2.63492e-05 257.326
14.4183 2.63356e-05 256.994
14.4332 2.63219e-05 256.663
14.4481 2.63084e-05 256.334
14.4631 2.62948e-05 256.004
14.478 2.62812e-05 255.676
14.4929 2.62677e-05 255.348
14.5078 2.62542e-05 255.022
14.5227 2.62407e-05 254.695
14.5376 2.62273e-05 254.37
14.5526 2.62138e-05 254.045
14.5675 2.62004e-05 253.722
14.5824 2.6187e-05 253.398
14.5973 2.61736e-05 253.076
14.6122 2.61602e-05 252.755
14.6271 2.61469e-05 252.434
14.642 2.61336e-05 252.114
14.657 2.61203e-05 251.794
14.6719 2.6107e-05 251.475
14.6868 2.60937e-05 251.157
14.7017 2.60805e-05 250.84
14.7166 2.60673e-05 250.524
14.7315 2.60541e-05 250.208
14.7464 2.6041e-05 249.893
14.7614 2.60278e-05 249.579
14.7763 2.60148e-05 249.266
14.7912 2.60018e-05 248.954
14.8061 2.5989e-05 248.644
14.821 2.59763e-05 248.335
14.8359 2.59639e-05 248.029
14.8509 2.59518e-05 247.725
14.8658 2.59401e-05 247.426
14.8807 2.5929e-05 247.131
14.8956 2.59185e-05 246.841
14.9105 2.59086e-05 246.558
14.9254 2.58995e-05 246.281
14.9403 2.5891e-05 246.011
14.9553 2.58832e-05 245.747
14.9702 2.58758e-05 245.489
14.9851 2.58687e-05 245.236
15 2.58617e-05 244.985
