0.1 0.000378469 13012.2
0.114915 0.000193526 40835.5
0.12983 0.000292496 28306.7
0.144745 0.000257699 28196.5
0.15966 0.000251563 25572.2
0.174575 0.000239329 24032.8
0.189489 0.000230021 22504.4
0.204404 0.000221332 21246.9
0.219319 0.000213705 20122.4
0.234234 0.000206758 19133
0.249149 0.00020047 18249.1
0.264064 0.000194716 17455
0.278979 0.000189432 16737.2
0.293894 0.000184556 16084.6
0.308809 0.000180038 15488.5
0.323724 0.000175837 14941.6
0.338639 0.000171917 14437.6
0.353554 0.000168248 13971.7
0.368468 0.000164804 13539.3
0.383383 0.000161563 13137
0.398298 0.000158507 12761.5
0.413213 0.000155616 12410
0.428128 0.000152875 12080.2
0.443043 0.000150257 11769.3
0.457958 0.000147703 11473.1
0.472873 0.000145047 11182.7
0.487788 0.000141828 10875.2
0.502703 0.000136814 10491.9
0.517618 0.000126648 9867.09
0.532533 0.000115054 7673.32
0.547447 0.000115663 3836.05
0.562362 0.00015549 1009.36
0.577277 0.000157009 4210.21
0.592192 0.000128155 954.613
0.607107 0.000137418 3755.91
0.622022 0.000119565 882.416
0.636937 0.000132544 3481.66
0.651852 0.000116122 850.769
0.666767 0.000129117 3315.7
0.681682 0.000113543 832.435
0.696597 0.00012606 3187.16
0.711512 0.000111278 819.837
0.726426 0.0001232 3077.43
0.741341 0.00010922 810.899
0.756256 0.000120482 2980.95
0.771171 0.000107341 752.596
0.786086 0.000117848 2798.42
0.801001 0.000105508 722.873
0.815916 0.000115596 2678.02
0.830831 0.000103644 714.379
0.845746 0.000113464 2601.97
0.860661 0.000101852 709.246
0.875576 0.000111616 2537.97
0.89049 0.000100126 705.766
0.905405 0.000109682 2478.15
0.92032 9.86131e-05 704.806
0.935235 0.000107658 2423.66
0.95015 9.72741e-05 705.348
0.965065 0.000105683 2373.95
0.97998 9.60552e-05 706.766
0.994895 0.000103773 2327.88
1.00981 9.49177e-05 708.858
1.02472 0.000101923 2284.86
1.03964 9.38542e-05 711.497
1.05455 0.00010013 2244.48
1.06947 9.28553e-05 714.562
1.08438 9.83952e-05 2206.41
1.0993 9.19156e-05 717.972
1.11421 9.67142e-05 2170.38
1.12913 9.10285e-05 721.666
1.14404 9.50865e-05 2136.19
1.15896 9.01892e-05 725.586
1.17387 9.351e-05 2103.64
1.18879 8.93928e-05 729.697
1.2037 9.19835e-05 2072.6
1.21862 8.86352e-05 733.957
1.23353 9.05051e-05 2042.92
1.24845 8.79126e-05 738.342
1.26336 8.90736e-05 2014.5
1.27828 8.72216e-05 742.822
1.29319 8.76877e-05 1987.24
1.30811 8.65591e-05 747.38
1.32302 8.63458e-05 1961.06
1.33794 8.59222e-05 751.991
1.35285 8.50469e-05 1935.88
1.36777 8.53084e-05 756.644
1.38268 8.37895e-05 1911.63
1.3976 8.47154e-05 761.32
1.41251 8.25728e-05 1888.26
1.42743 8.41413e-05 766.008
1.44234 8.13951e-05 1865.7
1.45726 8.35839e-05 770.695
1.47217 8.02558e-05 1843.91
1.48709 8.30416e-05 775.371
1.502 7.91534e-05 1822.84
1.51692 8.25127e-05 780.026
1.53183 7.80872e-05 1802.45
1.54675 8.19958e-05 784.651
1.56166 7.70559e-05 1782.69
1.57658 8.14888e-05 789.234
1.59149 7.6059e-05 1763.54
1.60641 8.09901e-05 793.769
1.62132 7.50956e-05 1744.93
1.63624 8.0497e-05 798.24
1.65115 7.41656e-05 1726.83
1.66607 8.00059e-05 802.632
1.68098 7.32689e-05 1709.14
1.6959 7.95108e-05 806.919
1.71081 7.24071e-05 1691.78
1.72573 7.90022e-05 811.061
1.74064 7.15828e-05 1674.58
1.75556 7.84633e-05 814.986
1.77047 7.08027e-05 1657.26
1.78539 7.78673e-05 818.581
1.8003 7.00795e-05 1639.37
1.81522 7.71705e-05 821.658
1.83013 6.94399e-05 1620.21
1.84505 7.63123e-05 823.946
1.85996 6.89366e-05 1598.66
1.87487 7.52217e-05 825.101
1.88979 6.86715e-05 1573.15
1.9047 7.3855e-05 824.882
1.91962 6.88079e-05 1541.49
1.93453 7.22628e-05 823.672
1.94945 6.95164e-05 1500.48
1.96436 7.06822e-05 823.863
1.97928 7.07262e-05 1445.23
1.99419 6.95591e-05 831.961
2.00911 7.18017e-05 1370.57
2.02402 6.92591e-05 857.233
2.03894 7.18909e-05 1276.84
2.05385 6.95035e-05 902.773
2.06877 7.09893e-05 1171.94
2.08368 6.96215e-05 962.821
2.0986 6.98109e-05 1065.51
2.11351 6.89569e-05 1027.99
2.12843 6.89642e-05 964.641
2.14334 6.87861e-05 875.788
2.15826 6.84721e-05 781.972
2.17317 6.81343e-05 693.476
2.18809 6.78138e-05 614.574
2.203 6.75183e-05 546.435
2.21792 6.72449e-05 488.767
2.23283 6.69886e-05 440.659
2.24775 6.6745e-05 400.975
2.26266 6.65105e-05 368.543
2.27758 6.6283e-05 342.242
2.29249 6.60607e-05 321.039
2.30741 6.58425e-05 304.016
2.32232 6.56278e-05 290.372
2.33724 6.5416e-05 279.426
2.35215 6.52068e-05 270.611
2.36707 6.5e-05 263.463
2.38198 6.47955e-05 257.607
2.3969 6.4593e-05 252.748
2.41181 6.43926e-05 248.653
2.42673 6.41941e-05 245.142
2.44164 6.39975e-05 242.075
2.45656 6.38028e-05 239.348
2.47147 6.36099e-05 236.88
2.48639 6.34187e-05 234.61
2.5013 6.32293e-05 232.495
2.51622 6.30416e-05 230.498
2.53113 6.28555e-05 228.596
2.54605 6.26711e-05 226.769
2.56096 6.24883e-05 225.004
2.57588 6.23071e-05 223.288
2.59079 6.21275e-05 221.615
2.60571 6.19495e-05 219.979
2.62062 6.17729e-05 218.375
2.63554 6.15979e-05 216.799
2.65045 6.14243e-05 215.25
2.66537 6.12522e-05 213.724
2.68028 6.10815e-05 212.221
2.6952 6.09123e-05 210.74
2.71011 6.07493e-05 209.286
2.72503 6.05707e-05 212.174
2.73994 6.04206e-05 208.562
2.75485 6.024e-05 211.819
2.76977 6.00988e-05 206.985
2.78468 5.99112e-05 212.78
2.7996 5.97811e-05 206.07
2.81451 5.95901e-05 212.761
2.82943 5.94694e-05 204.704
2.84434 5.92721e-05 213.461
2.85926 5.9162e-05 203.702
2.87417 5.89604e-05 213.623
2.88909 5.88599e-05 202.465
2.904 5.86524e-05 214.176
2.91892 5.85622e-05 201.433
2.93383 5.83498e-05 214.434
2.94875 5.82694e-05 200.28
2.96366 5.80511e-05 214.904
2.97858 5.79809e-05 199.246
2.99349 5.77572e-05 215.212
3.00841 5.76969e-05 198.154
3.02332 5.74673e-05 215.634
3.03824 5.74171e-05 197.132
3.05315 5.71818e-05 215.965
3.06807 5.71415e-05 196.087
3.08298 5.69002e-05 216.359
3.0979 5.68699e-05 195.086
3.11281 5.66227e-05 216.701
3.12773 5.66024e-05 194.078
3.14264 5.6349e-05 217.075
3.15756 5.63387e-05 193.101
3.17247 5.60792e-05 217.42
3.18739 5.60788e-05 192.127
3.2023 5.5813e-05 217.782
3.21722 5.58225e-05 191.175
3.23213 5.55505e-05 218.126
3.24705 5.557e-05 190.23
3.26196 5.52915e-05 218.478
3.27688 5.53209e-05 189.303
3.29179 5.50359e-05 218.82
3.30671 5.50753e-05 188.386
3.32162 5.47837e-05 219.164
3.33654 5.4833e-05 187.484
3.35145 5.45349e-05 219.501
3.36637 5.45941e-05 186.592
3.38128 5.42892e-05 219.839
3.3962 5.43584e-05 185.714
3.41111 5.40467e-05 220.171
3.42603 5.41259e-05 184.847
3.44094 5.38073e-05 220.503
3.45586 5.38964e-05 183.992
3.47077 5.35709e-05 220.831
3.48569 5.367e-05 183.148
3.5006 5.33375e-05 221.157
3.51552 5.34465e-05 182.316
3.53043 5.31069e-05 221.48
3.54535 5.32259e-05 181.494
3.56026 5.28792e-05 221.801
3.57518 5.30082e-05 180.682
3.59009 5.26543e-05 222.119
3.60501 5.27932e-05 179.881
3.61992 5.24321e-05 222.435
3.63483 5.2581e-05 179.091
3.64975 5.22125e-05 222.749
3.66466 5.23714e-05 178.31
3.67958 5.19956e-05 223.06
3.69449 5.21644e-05 177.539
3.70941 5.17812e-05 223.368
3.72432 5.196e-05 176.777
3.73924 5.15693e-05 223.675
3.75415 5.17581e-05 176.025
3.76907 5.13599e-05 223.979
3.78398 5.15587e-05 175.282
3.7989 5.11528e-05 224.281
3.81381 5.13617e-05 174.548
3.82873 5.09482e-05 224.581
3.84364 5.1167e-05 173.823
3.85856 5.07458e-05 224.878
3.87347 5.09747e-05 173.107
3.88839 5.05457e-05 225.173
3.9033 5.07846e-05 172.399
3.91822 5.03478e-05 225.466
3.93313 5.05968e-05 171.699
3.94805 5.01521e-05 225.757
3.96296 5.04111e-05 171.007
3.97788 4.99586e-05 226.046
3.99279 5.02277e-05 170.324
4.00771 4.97672e-05 226.333
4.02262 5.00604e-05 169.672
4.03754 4.95546e-05 235.345
4.05245 4.98603e-05 172.182
4.06737 4.94123e-05 220.66
4.08228 4.96907e-05 165.997
4.0972 4.91954e-05 229.404
4.11211 4.95208e-05 168.493
4.12703 4.90139e-05 230.925
4.14194 4.93454e-05 168.291
4.15686 4.88373e-05 229.678
4.17177 4.9169e-05 167.086
4.18669 4.86637e-05 227.425
4.2016 4.89934e-05 165.526
4.21652 4.84924e-05 224.833
4.23143 4.88193e-05 163.854
4.24635 4.83231e-05 222.149
4.26126 4.86469e-05 162.159
4.27618 4.81555e-05 219.465
4.29109 4.84762e-05 160.475
4.30601 4.79898e-05 216.812
4.32092 4.83072e-05 158.814
4.33584 4.78257e-05 214.202
4.35075 4.814e-05 157.178
4.36567 4.76634e-05 211.639
4.38058 4.79746e-05 155.569
4.3955 4.75086e-05 209.136
4.41041 4.78048e-05 157.425
4.42533 4.73397e-05 210.092
4.44024 4.76525e-05 153.697
4.45516 4.72006e-05 205.53
4.47007 4.74734e-05 160.19
4.48498 4.70195e-05 211.064
4.4999 4.73399e-05 152.777
4.51481 4.68953e-05 202.926
4.52973 4.7152e-05 161.903
4.54464 4.6707e-05 210.994
4.55956 4.70323e-05 151.503
4.57447 4.65978e-05 200.026
4.58939 4.68349e-05 164.054
4.6043 4.64e-05 211.35
4.61922 4.67313e-05 150.408
4.63413 4.63056e-05 197.353
4.64905 4.65243e-05 166.019
4.66396 4.60992e-05 211.525
4.67888 4.64359e-05 149.272
4.69379 4.60196e-05 194.69
4.70871 4.62189e-05 168.059
4.72362 4.58041e-05 211.771
4.73854 4.61463e-05 148.185
4.75345 4.57391e-05 192.12
4.76837 4.59144e-05 170.057
4.78328 4.55285e-05 203.02
4.7982 4.58523e-05 156.131
4.81311 4.5454e-05 198.233
4.82803 4.56153e-05 160.998
4.84294 4.53009e-05 202.034
4.85786 4.5531e-05 155.992
4.87277 4.51403e-05 196.503
4.88769 4.53923e-05 161.971
4.9026 4.50069e-05 201.359
4.91752 4.52504e-05 155.574
4.93243 4.48695e-05 194.626
4.94735 4.51147e-05 163.061
4.96226 4.4739e-05 200.855
4.97718 4.49749e-05 154.977
4.99209 4.46036e-05 192.618
5.00701 4.4842e-05 164.365
5.02192 4.44761e-05 200.559
5.03684 4.47041e-05 154.158
5.05175 4.43425e-05 190.44
5.06667 4.45741e-05 165.942
5.08158 4.4218e-05 200.52
5.0965 4.44379e-05 153.064
5.11141 4.40862e-05 188.046
5.12633 4.43107e-05 167.87
5.14124 4.39646e-05 200.8
5.15616 4.41762e-05 151.631
5.17107 4.38343e-05 185.381
5.18599 4.40458e-05 170.237
5.2009 4.37356e-05 192.511
5.21582 4.39042e-05 160.293
5.23073 4.35722e-05 191.852
5.24565 4.38141e-05 160.606
5.26056 4.34874e-05 191.536
5.27548 4.36472e-05 160.354
5.29039 4.33253e-05 190.548
5.30531 4.35682e-05 161.109
5.32022 4.32514e-05 190.654
5.33514 4.33932e-05 160.314
5.35005 4.30817e-05 189.177
5.36496 4.33274e-05 161.726
5.37988 4.30205e-05 189.891
5.39479 4.31233e-05 160.105
5.40971 4.29016e-05 187.812
5.42462 4.30476e-05 162.282
5.43954 4.27506e-05 188.997
5.45445 4.29436e-05 160.238
5.46937 4.26513e-05 186.609
5.48428 4.28069e-05 162.72
5.4992 4.25203e-05 188.096
5.51411 4.27084e-05 160.289
5.52903 4.24277e-05 185.405
5.54394 4.25688e-05 163.18
5.55886 4.22925e-05 187.227
5.57377 4.24779e-05 160.316
5.58869 4.22107e-05 184.209
5.6036 4.23281e-05 163.641
5.61852 4.2077e-05 186.395
5.63343 4.22467e-05 160.305
5.64835 4.19887e-05 182.983
5.66326 4.21003e-05 164.185
5.67818 4.18711e-05 185.663
5.69309 4.20111e-05 160.166
5.70801 4.17627e-05 181.652
5.72292 4.1889e-05 164.919
5.73784 4.1664e-05 185.095
5.75275 4.17779e-05 159.827
5.76767 4.15429e-05 180.181
5.78258 4.16791e-05 165.872
5.7975 4.14582e-05 184.716
5.81241 4.15491e-05 159.259
5.82733 4.13334e-05 178.555
5.84224 4.14672e-05 167.064
5.85716 4.12463e-05 184.523
5.87207 4.13336e-05 158.485
5.88699 4.1137e-05 176.803
5.9019 4.12436e-05 168.445
5.91682 4.10365e-05 184.489
5.93173 4.11292e-05 157.538
5.94665 4.09393e-05 174.923
5.96156 4.10231e-05 170.061
5.97648 4.08391e-05 176.83
5.99139 4.09183e-05 166.796
6.00631 4.07412e-05 181.446
6.02122 4.08127e-05 159.98
6.03614 4.06459e-05 175.329
6.05105 4.07077e-05 167.877
6.06597 4.0545e-05 181.212
6.08088 4.06082e-05 159.296
6.0958 4.04527e-05 173.708
6.11071 4.05009e-05 169.17
6.12563 4.03544e-05 181.161
6.14054 4.04035e-05 158.379
6.15546 4.02626e-05 171.921
6.17037 4.02952e-05 170.748
6.18529 4.01769e-05 172.098
6.2002 4.01871e-05 169.948
6.21512 4.00905e-05 180.205
6.23003 4.0079e-05 158.134
6.24494 4.00026e-05 170.241
6.25986 3.99848e-05 171.678
6.27477 3.99081e-05 169.217
6.28969 3.98756e-05 178.341
6.3046 3.98321e-05 159.405
6.31952 3.97745e-05 170.016
6.33443 3.9732e-05 170.713
6.34935 3.96905e-05 169.432
6.36426 3.96339e-05 177.183
6.37918 3.9595e-05 159.779
6.39409 3.95488e-05 169.084
6.40901 3.94985e-05 176.144
6.42392 3.94551e-05 160.485
6.43884 3.94106e-05 168.904
6.45375 3.93614e-05 175.24
6.46867 3.93186e-05 161.026
6.48358 3.92745e-05 168.6
6.4985 3.9226e-05 174.249
6.51341 3.91831e-05 161.7
6.52833 3.91393e-05 168.401
6.54324 3.90917e-05 173.35
6.55816 3.90493e-05 162.261
6.57307 3.90059e-05 168.119
6.58799 3.8959e-05 172.397
6.6029 3.89166e-05 162.912
6.61782 3.88734e-05 167.91
6.63273 3.88275e-05 171.51
6.64765 3.87855e-05 163.485
6.66256 3.87427e-05 167.645
6.67748 3.86975e-05 170.589
6.69239 3.86555e-05 164.118
6.70731 3.86153e-05 167.434
6.72222 3.8568e-05 169.718
6.73714 3.85203e-05 171.201
6.75205 3.84859e-05 162.341
6.76697 3.84464e-05 165.162
6.78188 3.84024e-05 167.074
6.7968 3.83556e-05 168.281
6.81171 3.8314e-05 168.96
6.82663 3.82724e-05 169.24
6.84154 3.82309e-05 169.221
6.85646 3.81895e-05 168.977
6.87137 3.81482e-05 168.566
6.88629 3.81069e-05 168.032
6.9012 3.80658e-05 167.407
6.91612 3.80248e-05 166.716
6.93103 3.79839e-05 165.978
6.94595 3.79431e-05 165.206
6.96086 3.79025e-05 164.41
6.97578 3.7862e-05 163.598
6.99069 3.78216e-05 162.776
7.00561 3.77813e-05 161.948
7.02052 3.77412e-05 161.118
7.03544 3.77011e-05 160.287
7.05035 3.76612e-05 159.458
7.06527 3.76215e-05 158.631
7.08018 3.75818e-05 157.808
7.0951 3.75423e-05 156.989
7.11001 3.75029e-05 156.175
7.12492 3.74636e-05 155.366
7.13984 3.74245e-05 154.563
7.15475 3.73855e-05 153.766
7.16967 3.73465e-05 152.974
7.18458 3.73078e-05 152.188
7.1995 3.72691e-05 151.409
7.21441 3.72306e-05 150.635
7.22933 3.71921e-05 149.868
7.24424 3.71538e-05 149.106
7.25916 3.71156e-05 148.351
7.27407 3.70776e-05 147.601
7.28899 3.70396e-05 146.858
7.3039 3.70018e-05 146.121
7.31882 3.69641e-05 145.39
7.33373 3.69264e-05 144.665
7.34865 3.6889e-05 143.946
7.36356 3.68516e-05 143.233
7.37848 3.68143e-05 142.527
7.39339 3.67772e-05 141.826
7.40831 3.67401e-05 141.132
7.42322 3.67032e-05 140.443
7.43814 3.66664e-05 139.761
7.45305 3.66297e-05 139.085
7.46797 3.65931e-05 138.415
7.48288 3.65566e-05 137.751
7.4978 3.65202e-05 137.093
7.51271 3.64839e-05 136.442
7.52763 3.64478e-05 135.797
7.54254 3.64117e-05 135.158
7.55746 3.63758e-05 134.526
7.57237 3.63399e-05 133.9
7.58729 3.63042e-05 133.281
7.6022 3.62686e-05 132.668
7.61712 3.62331e-05 132.062
7.63203 3.61976e-05 131.463
7.64695 3.61623e-05 130.87
7.66186 3.61271e-05 130.284
7.67678 3.6092e-05 129.706
7.69169 3.6057e-05 129.134
7.70661 3.60221e-05 128.57
7.72152 3.59873e-05 128.013
7.73644 3.59526e-05 127.464
7.75135 3.5918e-05 126.922
7.76627 3.58835e-05 126.388
7.78118 3.58491e-05 125.862
7.7961 3.58147e-05 125.345
7.81101 3.57805e-05 124.836
7.82593 3.57464e-05 124.335
7.84084 3.57124e-05 123.843
7.85576 3.56785e-05 123.36
7.87067 3.56447e-05 122.887
7.88559 3.5611e-05 122.423
7.9005 3.55773e-05 121.97
7.91542 3.55438e-05 121.526
7.93033 3.55104e-05 121.093
7.94525 3.5477e-05 120.671
7.96016 3.54438e-05 120.26
7.97508 3.54106e-05 119.861
7.98999 3.53776e-05 119.474
8.0049 3.53446e-05 119.099
8.01982 3.53117e-05 118.738
8.03473 3.52789e-05 118.39
8.04965 3.52462e-05 118.056
8.06456 3.52136e-05 117.737
8.07948 3.51811e-05 117.433
8.09439 3.51487e-05 117.145
8.10931 3.51164e-05 116.874
8.12422 3.50841e-05 116.62
8.13914 3.5052e-05 116.384
8.15405 3.50199e-05 116.166
8.16897 3.49879e-05 115.969
8.18388 3.49561e-05 115.792
8.1988 3.49243e-05 115.636
8.21371 3.48926e-05 115.504
8.22863 3.48609e-05 115.395
8.24354 3.48294e-05 115.31
8.25846 3.47979e-05 115.252
8.27337 3.47666e-05 115.221
8.28829 3.47353e-05 115.218
8.3032 3.47041e-05 115.246
8.31812 3.4673e-05 115.305
8.33303 3.4642e-05 115.397
8.34795 3.4611e-05 115.524
8.36286 3.45802e-05 115.687
8.37778 3.45494e-05 115.889
8.39269 3.45187e-05 116.131
8.40761 3.44881e-05 116.415
8.42252 3.44576e-05 116.745
8.43744 3.44272e-05 117.121
8.45235 3.43969e-05 117.547
8.46727 3.43666e-05 118.025
8.48218 3.43364e-05 118.558
8.4971 3.43063e-05 119.148
8.51201 3.42763e-05 119.8
8.52693 3.42464e-05 120.515
8.54184 3.42165e-05 121.298
8.55676 3.41868e-05 122.152
8.57167 3.41571e-05 123.082
8.58659 3.41275e-05 124.09
8.6015 3.4098e-05 125.181
8.61642 3.40686e-05 126.36
8.63133 3.40393e-05 127.632
8.64625 3.401e-05 129.001
8.66116 3.39809e-05 130.473
8.67608 3.39518e-05 132.054
8.69099 3.39228e-05 133.749
8.70591 3.38939e-05 135.564
8.72082 3.38651e-05 137.506
8.73574 3.38364e-05 139.583
8.75065 3.38078e-05 141.801
8.76557 3.37793e-05 144.167
8.78048 3.37509e-05 146.692
8.7954 3.37227e-05 149.381
8.81031 3.36945e-05 152.246
8.82523 3.36664e-05 155.295
8.84014 3.36384e-05 158.538
8.85506 3.36106e-05 161.986
8.86997 3.35828e-05 165.65
8.88488 3.35517e-05 169.534
8.8998 3.34129e-05 173.373
8.91471 3.36375e-05 163.393
8.92963 3.33936e-05 171.113
8.94454 3.35283e-05 168.918
8.95946 3.31937e-05 177.666
8.97437 3.36463e-05 162.546
8.98929 3.31832e-05 175.456
9.0042 3.35267e-05 168.135
9.01912 3.29323e-05 182.397
9.03403 3.37029e-05 161.893
9.04895 3.29317e-05 180.516
9.06386 3.3572e-05 167.143
9.07878 3.26162e-05 187.475
9.09369 3.38209e-05 161.58
9.10861 3.26243e-05 186.378
9.12352 3.36799e-05 165.897
9.13844 3.22316e-05 192.769
9.15335 3.4014e-05 161.77
9.16827 3.22424e-05 193.127
9.18318 3.38693e-05 164.364
9.1981 3.17668e-05 198.133
9.21301 3.4294e-05 162.618
9.22793 3.17635e-05 200.828
9.24284 3.41606e-05 162.557
9.25776 3.12304e-05 203.5
9.27267 3.46512e-05 164.115
9.28759 3.11477e-05 209.315
9.3025 3.46202e-05 160.865
9.31742 3.06798e-05 209.321
9.33233 3.50086e-05 165.475
9.34725 3.04606e-05 217.961
9.36216 3.5154e-05 169.629
9.37708 3.00996e-05 225.874
9.39199 3.48647e-05 175.986
9.40691 3.05682e-05 212.305
9.42182 3.48594e-05 174.622
9.43674 3.03017e-05 218.882
9.45165 3.46e-05 180.794
9.46657 3.0601e-05 213.714
9.48148 3.4472e-05 182.511
9.4964 3.05625e-05 215.518
9.51131 3.42143e-05 186.868
9.52623 3.07858e-05 213.672
9.54114 3.40016e-05 189.807
9.55606 3.08813e-05 213.91
9.57097 3.37276e-05 193.512
9.58589 3.10843e-05 213.282
9.6008 3.34611e-05 196.857
9.61572 3.12516e-05 213.172
9.63063 3.31697e-05 200.359
9.64555 3.14543e-05 212.955
9.66046 3.28757e-05 203.781
9.67538 3.16505e-05 212.853
9.69029 3.25702e-05 207.186
9.70521 3.18359e-05 212.736
9.72012 3.22484e-05 210.476
9.73504 3.22493e-05 211.526
9.74995 3.21841e-05 214.001
9.76486 3.21268e-05 217.217
9.77978 3.20824e-05 220.854
9.79469 3.20467e-05 224.734
9.80961 3.20158e-05 228.756
9.82452 3.19874e-05 232.857
9.83944 3.19604e-05 236.998
9.85435 3.19339e-05 241.155
9.86927 3.19076e-05 245.311
9.88418 3.18812e-05 249.454
9.8991 3.18547e-05 253.575
9.91401 3.18278e-05 257.666
9.92893 3.18007e-05 261.719
9.94384 3.17732e-05 265.728
9.95876 3.17455e-05 269.687
9.97367 3.17174e-05 273.592
9.98859 3.16891e-05 277.435
10.0035 3.16605e-05 281.213
10.0184 3.16318e-05 284.92
10.0333 3.16029e-05 288.553
10.0482 3.15739e-05 292.106
10.0632 3.15448e-05 295.577
10.0781 3.15157e-05 298.962
10.093 3.14867e-05 302.257
10.1079 3.14577e-05 305.46
10.1228 3.14288e-05 308.569
10.1377 3.14001e-05 311.581
10.1527 3.13716e-05 314.495
10.1676 3.13434e-05 317.31
10.1825 3.13154e-05 320.025
10.1974 3.12877e-05 322.638
10.2123 3.12604e-05 325.15
10.2272 3.12334e-05 327.561
10.2421 3.12067e-05 329.87
10.2571 3.11805e-05 332.079
10.272 3.11546e-05 334.188
10.2869 3.11291e-05 336.198
10.3018 3.1104e-05 338.11
10.3167 3.10793e-05 339.926
10.3316 3.1055e-05 341.647
10.3465 3.1031e-05 343.276
10.3615 3.10074e-05 344.813
10.3764 3.09841e-05 346.261
10.3913 3.09612e-05 347.622
10.4062 3.09386e-05 348.899
10.4211 3.09163e-05 350.093
10.436 3.08942e-05 351.206
10.451 3.08724e-05 352.243
10.4659 3.08509e-05 353.203
10.4808 3.08296e-05 354.091
10.4957 3.08085e-05 354.909
10.5106 3.07875e-05 355.658
10.5255 3.07668e-05 356.342
10.5404 3.07462e-05 356.964
10.5554 3.07257e-05 357.524
10.5703 3.07054e-05 358.027
10.5852 3.06851e-05 358.474
10.6001 3.0665e-05 358.867
10.615 3.06449e-05 359.209
10.6299 3.0625e-05 359.502
10.6448 3.0605e-05 359.749
10.6598 3.05852e-05 359.951
10.6747 3.05654e-05 360.11
10.6896 3.05456e-05 360.229
10.7045 3.05258e-05 360.31
10.7194 3.05061e-05 360.353
10.7343 3.04864e-05 360.362
10.7492 3.04667e-05 360.338
10.7642 3.0447e-05 360.282
10.7791 3.04274e-05 360.197
10.794 3.04077e-05 360.083
10.8089 3.03881e-05 359.943
10.8238 3.03684e-05 359.777
10.8387 3.03488e-05 359.588
10.8537 3.03291e-05 359.376
10.8686 3.03095e-05 359.142
10.8835 3.02898e-05 358.889
10.8984 3.02701e-05 358.616
10.9133 3.02505e-05 358.326
10.9282 3.02308e-05 358.019
10.9431 3.02112e-05 357.696
10.9581 3.01915e-05 357.359
10.973 3.01719e-05 357.007
10.9879 3.01522e-05 356.642
11.0028 3.01326e-05 356.265
11.0177 3.0113e-05 355.877
11.0326 3.00933e-05 355.477
11.0475 3.00737e-05 355.068
11.0625 3.00541e-05 354.649
11.0774 3.00345e-05 354.222
11.0923 3.00149e-05 353.786
11.1072 2.99953e-05 353.342
11.1221 2.99757e-05 352.892
11.137 2.99561e-05 352.435
11.152 2.99366e-05 351.971
11.1669 2.9917e-05 351.502
11.1818 2.98975e-05 351.028
11.1967 2.9878e-05 350.549
11.2116 2.98585e-05 350.065
11.2265 2.9839e-05 349.577
11.2414 2.98196e-05 349.085
11.2564 2.98001e-05 348.59
11.2713 2.97807e-05 348.091
11.2862 2.97613e-05 347.59
11.3011 2.9742e-05 347.086
11.316 2.97226e-05 346.579
11.3309 2.97033e-05 346.071
11.3458 2.9684e-05 345.56
11.3608 2.96648e-05 345.047
11.3757 2.96455e-05 344.533
11.3906 2.96263e-05 344.018
11.4055 2.96071e-05 343.501
11.4204 2.9588e-05 342.983
11.4353 2.95688e-05 342.465
11.4503 2.95497e-05 341.945
11.4652 2.95306e-05 341.425
11.4801 2.95116e-05 340.905
11.495 2.94926e-05 340.384
11.5099 2.94736e-05 339.863
11.5248 2.94546e-05 339.341
11.5397 2.94357e-05 338.82
11.5547 2.94168e-05 338.298
11.5696 2.93979e-05 337.777
11.5845 2.93791e-05 337.256
11.5994 2.93603e-05 336.735
11.6143 2.93415e-05 336.215
11.6292 2.93228e-05 335.695
11.6441 2.93041e-05 335.175
11.6591 2.92854e-05 334.656
11.674 2.92667e-05 334.137
11.6889 2.92481e-05 333.619
11.7038 2.92295e-05 333.102
11.7187 2.9211e-05 332.586
11.7336 2.91925e-05 332.07
11.7485 2.9174e-05 331.555
11.7635 2.91555e-05 331.041
11.7784 2.91371e-05 330.528
11.7933 2.91187e-05 330.015
11.8082 2.91004e-05 329.504
11.8231 2.9082e-05 328.993
11.838 2.90637e-05 328.484
11.853 2.90455e-05 327.975
11.8679 2.90273e-05 327.468
11.8828 2.90091e-05 326.961
11.8977 2.89909e-05 326.456
11.9126 2.89728e-05 325.952
11.9275 2.89547e-05 325.448
11.9424 2.89366e-05 324.946
11.9574 2.89186e-05 324.445
11.9723 2.89006e-05 323.946
11.9872 2.88826e-05 323.447
12.0021 2.88647e-05 322.949
12.017 2.88468e-05 322.453
12.0319 2.88289e-05 321.958
12.0468 2.88111e-05 321.464
12.0618 2.87933e-05 320.971
12.0767 2.87755e-05 320.48
12.0916 2.87578e-05 319.989
12.1065 2.874e-05 319.5
12.1214 2.87224e-05 319.012
12.1363 2.87047e-05 318.525
12.1513 2.86871e-05 318.04
12.1662 2.86695e-05 317.555
12.1811 2.8652e-05 317.072
12.196 2.86345e-05 316.59
12.2109 2.8617e-05 316.11
12.2258 2.85995e-05 315.63
12.2407 2.85821e-05 315.152
12.2557 2.85647e-05 314.675
12.2706 2.85474e-05 314.199
12.2855 2.853e-05 313.725
12.3004 2.85127e-05 313.252
12.3153 2.84955e-05 312.78
12.3302 2.84782e-05 312.309
12.3451 2.8461e-05 311.839
12.3601 2.84439e-05 311.371
12.375 2.84267e-05 310.904
12.3899 2.84096e-05 310.438
12.4048 2.83925e-05 309.973
12.4197 2.83755e-05 309.509
12.4346 2.83585e-05 309.047
12.4495 2.83415e-05 308.586
12.4645 2.83245e-05 308.126
12.4794 2.83076e-05 307.667
12.4943 2.82907e-05 307.21
12.5092 2.82738e-05 306.754
12.5241 2.8257e-05 306.299
12.539 2.82402e-05 305.845
12.554 2.82234e-05 305.392
12.5689 2.82066e-05 304.94
12.5838 2.81899e-05 304.49
12.5987 2.81732e-05 304.041
12.6136 2.81566e-05 303.593
12.6285 2.81399e-05 303.146
12.6434 2.81233e-05 302.701
12.6584 2.81068e-05 302.256
12.6733 2.80902e-05 301.813
12.6882 2.80737e-05 301.371
12.7031 2.80572e-05 300.93
12.718 2.80408e-05 300.49
12.7329 2.80243e-05 300.051
12.7478 2.80079e-05 299.614
12.7628 2.79916e-05 299.178
12.7777 2.79752e-05 298.742
12.7926 2.79589e-05 298.308
12.8075 2.79426e-05 297.875
12.8224 2.79264e-05 297.443
12.8373 2.79102e-05 297.013
12.8523 2.7894e-05 296.583
12.8672 2.78778e-05 296.155
12.8821 2.78616e-05 295.727
12.897 2.78455e-05 295.301
12.9119 2.78294e-05 294.876
12.9268 2.78134e-05 294.452
12.9417 2.77973e-05 294.029
12.9567 2.77813e-05 293.607
12.9716 2.77654e-05 293.186
12.9865 2.77494e-05 292.767
13.0014 2.77335e-05 292.348
13.0163 2.77176e-05 291.931
13.0312 2.77017e-05 291.514
13.0461 2.76859e-05 291.099
13.0611 2.76701e-05 290.684
13.076 2.76543e-05 290.271
13.0909 2.76385e-05 289.859
13.1058 2.76228e-05 289.448
13.1207 2.76071e-05 289.038
13.1356 2.75914e-05 288.629
13.1506 2.75758e-05 288.221
13.1655 2.75602e-05 287.814
13.1804 2.75446e-05 287.408
13.1953 2.7529e-05 287.003
13.2102 2.75134e-05 286.599
13.2251 2.74979e-05 286.197
13.24 2.74824e-05 285.795
13.255 2.7467e-05 285.394
13.2699 2.74515e-05 284.994
13.2848 2.74361e-05 284.595
13.2997 2.74207e-05 284.198
13.3146 2.74054e-05 283.801
13.3295 2.739e-05 283.405
13.3444 2.73747e-05 283.011
13.3594 2.73594e-05 282.617
13.3743 2.73442e-05 282.224
13.3892 2.73289e-05 281.832
13.4041 2.73137e-05 281.441
13.419 2.72985e-05 281.052
13.4339 2.72834e-05 280.663
13.4488 2.72683e-05 280.275
13.4638 2.72531e-05 279.888
13.4787 2.72381e-05 279.502
13.4936 2.7223e-05 279.117
13.5085 2.7208e-05 278.733
13.5234 2.7193e-05 278.35
13.5383 2.7178e-05 277.968
13.5533 2.7163e-05 277.587
13.5682 2.71481e-05 277.207
13.5831 2.71332e-05 276.827
13.598 2.71183e-05 276.449
13.6129 2.71034e-05 276.072
13.6278 2.70886e-05 275.695
13.6427 2.70738e-05 275.32
13.6577 2.7059e-05 274.945
13.6726 2.70442e-05 274.571
13.6875 2.70295e-05 274.199
13.7024 2.70148e-05 273.827
13.7173 2.70001e-05 273.456
13.7322 2.69854e-05 273.086
13.7471 2.69708e-05 272.717
13.7621 2.69562e-05 272.349
13.777 2.69416e-05 271.981
13.7919 2.6927e-05 271.615
13.8068 2.69124e-05 271.249
13.8217 2.68979e-05 270.885
13.8366 2.68834e-05 270.521
13.8516 2.68689e-05 270.158
13.8665 2.68545e-05 269.796
13.8814 2.68401e-05 269.435
13.8963 2.68257e-05 269.075
13.9112 2.68113e-05 268.715
13.9261 2.67969e-05 268.357
13.941 2.67826e-05 267.999
13.956 2.67683e-05 267.642
13.9709 2.6754e-05 267.286
13.9858 2.67397e-05 266.931
14.0007 2.67254e-05 266.577
14.0156 2.67112e-05 266.224
14.0305 2.6697e-05 265.871
14.0454 2.66828e-05 265.52
14.0604 2.66687e-05 265.169
14.0753 2.66546e-05 264.819
14.0902 2.66404e-05 264.47
14.1051 2.66264e-05 264.121
14.12 2.66123e-05 263.774
14.1349 2.65982e-05 263.427
14.1498 2.65842e-05 263.081
14.1648 2.65702e-05 262.736
14.1797 2.65562e-05 262.392
14.1946 2.65423e-05 262.049
14.2095 2.65284e-05 261.706
14.2244 2.65144e-05 261.365
14.2393 2.65006e-05 261.024
14.2543 2.64867e-05 260.683
14.2692 2.64728e-05 260.344
14.2841 2.6459e-05 260.006
14.299 2.64452e-05 259.668
14.3139 2.64314e-05 259.331
14.3288 2.64177e-05 258.995
14.3437 2.64039e-05 258.659
14.3587 2.63902e-05 258.325
14.3736 2.63765e-05 257.991
14.3885 2.63628e-05 257.658
14.4034 2.63492e-05 257.326
14.4183 2.63356e-05 256.994
14.4332 2.63219e-05 256.664
14.4481 2.63084e-05 256.334
14.4631 2.62948e-05 256.004
14.478 2.62812e-05 255.676
14.4929 2.62677e-05 255.348
14.5078 2.62542e-05 255.022
14.5227 2.62407e-05 254.695
14.5376 2.62273e-05 254.37
14.5526 2.62138e-05 254.045
14.5675 2.62004e-05 253.722
14.5824 2.6187e-05 253.399
14.5973 2.61736e-05 253.076
14.6122 2.61602e-05 252.755
14.6271 2.61469e-05 252.434
14.642 2.61336e-05 252.114
14.657 2.61203e-05 251.794
14.6719 2.6107e-05 251.475
14.6868 2.60937e-05 251.158
14.7017 2.60805e-05 250.84
14.7166 2.60673e-05 250.524
14.7315 2.60541e-05 250.208
14.7464 2.60409e-05 249.893
14.7614 2.60278e-05 249.579
14.7763 2.60146e-05 249.265
14.7912 2.60015e-05 248.952
14.8061 2.59885e-05 248.64
14.821 2.59755e-05 248.329
14.8359 2.59626e-05 248.02
14.8509 2.59499e-05 247.712
14.8658 2.59375e-05 247.407
14.8807 2.59256e-05 247.105
14.8956 2.59143e-05 246.808
14.9105 2.59039e-05 246.519
14.9254 2.58945e-05 246.237
14.9403 2.58862e-05 245.966
14.9553 2.58789e-05 245.705
14.9702 2.58726e-05 245.453
14.9851 2.5867e-05 245.21
15 2.58615e-05 244.972
