0.1 0.000332919 12179.7
0.114915 0.000262993 53456.2
0.12983 0.000293685 24729.9
0.144745 0.000256052 30057.5
0.15966 0.000253518 24900.5
0.174575 0.000237949 24252.8
0.189489 0.000230377 22427.3
0.204404 0.000220935 21254.7
0.219319 0.000213664 20116
0.234234 0.000206591 19124.3
0.249149 0.000200374 18246.9
0.264064 0.000194607 17448.7
0.278979 0.000189342 16734.3
0.293894 0.000184471 16080.5
0.308809 0.000179962 15485.6
0.323724 0.000175766 14938.5
0.338639 0.000171851 14435
0.353554 0.000168187 13969.2
0.368468 0.000164748 13537.1
0.383383 0.000161511 13134.9
0.398298 0.000158458 12759.5
0.413213 0.000155571 12408.3
0.428128 0.000152837 12078.8
0.443043 0.000150242 11769
0.457958 0.000147775 11477.2
0.472873 0.000145426 11201.7
0.487788 0.000143185 10941.1
0.502703 0.000141043 10694.2
0.517618 0.000138965 10458.7
0.532533 0.000136599 10217.5
0.547447 0.000131546 9850.85
0.562362 0.000128769 7937.97
0.577277 0.000130265 4389.1
0.592192 0.000145513 1050.23
0.607107 0.000114897 3598.56
0.622022 0.00014057 911.473
0.636937 0.00011188 3247.3
0.651852 0.000137179 869.314
0.666767 0.000109236 3079.16
0.681682 0.000134284 847.9
0.696597 0.000106655 2955.14
0.711512 0.000131655 811.456
0.726426 0.000104195 2811.91
0.741341 0.000129163 801.68
0.756256 0.000102072 2724.22
0.771171 0.000126715 796.215
0.786086 9.99379e-05 2647.12
0.801001 0.000124509 794.339
0.815916 9.78927e-05 2580
0.830831 0.000122446 793.98
0.845746 9.59524e-05 2519.11
0.860661 0.000120494 794.899
0.875576 9.41112e-05 2463.61
0.89049 0.000118641 796.541
0.905405 9.23635e-05 2412.26
0.92032 0.000116878 798.793
0.935235 9.07033e-05 2364.58
0.95015 0.000115194 801.409
0.965065 8.91247e-05 2319.94
0.97998 0.000113583 804.339
0.994895 8.76223e-05 2278.04
1.00981 0.00011204 807.449
1.02472 8.61911e-05 2238.49
1.03964 0.000110558 810.721
1.05455 8.48264e-05 2201.1
1.06947 0.000109133 814.071
1.08438 8.35239e-05 2165.61
1.0993 0.000107762 817.496
1.11421 8.22797e-05 2131.87
1.12913 0.000106439 820.94
1.14404 8.10901e-05 2099.71
1.15896 0.000105162 824.406
1.17387 7.99519e-05 2069.01
1.18879 0.000103927 827.855
1.2037 7.88618e-05 2039.64
1.21862 0.000102733 831.295
1.23353 7.78172e-05 2011.52
1.24845 0.000101576 834.694
1.26336 7.68154e-05 1984.53
1.27828 0.000100454 838.064
1.29319 7.58539e-05 1958.63
1.30811 9.93659e-05 841.379
1.32302 7.49306e-05 1933.7
1.33794 9.83086e-05 844.652
1.35285 7.40434e-05 1909.72
1.36777 9.72807e-05 847.861
1.38268 7.31903e-05 1886.59
1.3976 9.62807e-05 851.021
1.41251 7.23696e-05 1864.3
1.42743 9.53071e-05 854.11
1.44234 7.15795e-05 1842.76
1.45726 9.43585e-05 857.145
1.47217 7.08187e-05 1821.96
1.48709 9.34336e-05 860.107
1.502 7.00856e-05 1801.84
1.51692 9.25311e-05 863.011
1.53183 6.9379e-05 1782.36
1.54675 9.16499e-05 865.839
1.56166 6.86977e-05 1763.49
1.57658 9.07887e-05 868.607
1.59149 6.80409e-05 1745.19
1.60641 8.99462e-05 871.295
1.62132 6.74078e-05 1727.41
1.63624 8.91207e-05 873.918
1.65115 6.67982e-05 1710.12
1.66607 8.83102e-05 876.45
1.68098 6.62127e-05 1693.25
1.6959 8.75114e-05 878.898
1.71081 6.56528e-05 1676.73
1.72573 8.67197e-05 881.224
1.74064 6.51225e-05 1660.4
1.75556 8.59267e-05 883.408
1.77047 6.46293e-05 1644.07
1.78539 8.51189e-05 885.365
1.8003 6.41871e-05 1627.36
1.81522 8.42735e-05 887.005
1.83013 6.38209e-05 1609.65
1.84505 8.33529e-05 888.131
1.85996 6.35739e-05 1589.86
1.87487 8.22998e-05 888.518
1.88979 6.35169e-05 1566.24
1.9047 8.1036e-05 887.902
1.91962 6.37525e-05 1536.01
1.93453 7.94783e-05 886.373
1.94945 6.43923e-05 1495.2
1.96436 7.75845e-05 885.078
1.97928 6.54668e-05 1439.02
1.99419 7.54261e-05 887.503
2.00911 6.67933e-05 1363.97
2.02402 7.32314e-05 899.572
2.03894 6.79864e-05 1271.35
2.05385 7.13057e-05 926.966
2.06877 6.87161e-05 1168.17
2.08368 6.98425e-05 971.452
2.0986 6.89337e-05 1063.48
2.11351 6.88055e-05 1044.25
2.12843 6.86037e-05 969.688
2.14334 6.83648e-05 875.381
2.15826 6.81164e-05 779.758
2.17317 6.78695e-05 691.147
2.18809 6.76275e-05 612.699
2.203 6.73906e-05 545.085
2.21792 6.71583e-05 487.85
2.23283 6.69301e-05 440.053
2.24775 6.67052e-05 400.58
2.26266 6.64834e-05 368.287
2.27758 6.62643e-05 342.075
2.29249 6.60476e-05 320.929
2.30741 6.58333e-05 303.943
2.32232 6.56212e-05 290.322
2.33724 6.54113e-05 279.392
2.35215 6.52034e-05 270.587
2.36707 6.49975e-05 263.446
2.38198 6.47936e-05 257.596
2.3969 6.45917e-05 252.74
2.41181 6.43916e-05 248.647
2.42673 6.41934e-05 245.137
2.44164 6.3997e-05 242.072
2.45656 6.38024e-05 239.345
2.47147 6.36096e-05 236.878
2.48639 6.34185e-05 234.609
2.5013 6.32291e-05 232.494
2.51622 6.30414e-05 230.498
2.53113 6.28554e-05 228.596
2.54605 6.2671e-05 226.769
2.56096 6.24883e-05 225.003
2.57588 6.23071e-05 223.288
2.59079 6.21275e-05 221.615
2.60571 6.19494e-05 219.979
2.62062 6.17729e-05 218.375
2.63554 6.15979e-05 216.799
2.65045 6.14243e-05 215.249
2.66537 6.12522e-05 213.724
2.68028 6.10815e-05 212.221
2.6952 6.09123e-05 210.74
2.71011 6.0745e-05 209.279
2.72503 6.05771e-05 212.196
2.73994 6.04138e-05 208.562
2.75485 6.0248e-05 211.834
2.76977 6.00881e-05 206.974
2.78468 5.99239e-05 212.82
2.7996 5.97675e-05 206.066
2.81451 5.96052e-05 212.795
2.82943 5.94521e-05 204.69
2.84434 5.92912e-05 213.516
2.85926 5.91416e-05 203.694
2.87417 5.89824e-05 213.676
2.88909 5.8836e-05 202.449
2.904 5.86781e-05 214.248
2.91892 5.8535e-05 201.42
2.93383 5.83786e-05 214.507
2.94875 5.82387e-05 200.262
2.96366 5.80836e-05 214.994
2.97858 5.79468e-05 199.229
2.99349 5.7793e-05 215.306
3.00841 5.76593e-05 198.133
3.02332 5.75067e-05 215.742
3.03824 5.7376e-05 197.112
3.05315 5.72246e-05 216.08
3.06807 5.70969e-05 196.062
3.08298 5.69466e-05 216.487
3.0979 5.68218e-05 195.061
3.11281 5.66726e-05 216.837
3.12773 5.65507e-05 194.051
3.14264 5.64025e-05 217.224
3.15756 5.62834e-05 193.073
3.17247 5.61362e-05 217.578
3.18739 5.602e-05 192.096
3.2023 5.58736e-05 217.952
3.21722 5.57602e-05 191.143
3.23213 5.56146e-05 218.307
3.24705 5.5504e-05 190.196
3.26196 5.53592e-05 218.671
3.27688 5.52513e-05 189.267
3.29179 5.51073e-05 219.023
3.30671 5.5002e-05 188.348
3.32162 5.48588e-05 219.379
3.33654 5.47561e-05 187.445
3.35145 5.46136e-05 219.728
3.36637 5.45135e-05 186.551
3.38128 5.43716e-05 220.078
3.3962 5.42741e-05 185.671
3.41111 5.41328e-05 220.423
3.42603 5.40379e-05 184.802
3.44094 5.38971e-05 220.767
3.45586 5.38047e-05 183.946
3.47077 5.36645e-05 221.107
3.48569 5.35745e-05 183.1
3.5006 5.34348e-05 221.446
3.51552 5.33473e-05 182.265
3.53043 5.3208e-05 221.782
3.54535 5.3123e-05 181.442
3.56026 5.29841e-05 222.116
3.57518 5.29014e-05 180.629
3.59009 5.27629e-05 222.447
3.60501 5.26827e-05 179.826
3.61992 5.25445e-05 222.777
3.63483 5.24666e-05 179.033
3.64975 5.23288e-05 223.103
3.66466 5.22532e-05 178.25
3.67958 5.21157e-05 223.428
3.69449 5.20424e-05 177.478
3.70941 5.19051e-05 223.751
3.72432 5.18342e-05 176.714
3.73924 5.16971e-05 224.071
3.75415 5.16284e-05 175.96
3.76907 5.14915e-05 224.389
3.78398 5.14251e-05 175.215
3.7989 5.12884e-05 224.706
3.81381 5.12242e-05 174.48
3.82873 5.10876e-05 225.02
3.84364 5.10256e-05 173.753
3.85856 5.08891e-05 225.332
3.87347 5.08294e-05 173.034
3.88839 5.0693e-05 225.642
3.9033 5.06354e-05 172.324
3.91822 5.0499e-05 225.95
3.93313 5.04436e-05 171.623
3.94805 5.03073e-05 226.256
3.96296 5.0254e-05 170.929
3.97788 5.01177e-05 226.561
3.99279 5.00665e-05 170.244
4.00771 4.99302e-05 226.863
4.02262 4.98828e-05 169.569
4.03754 4.97421e-05 235.682
4.05245 4.96971e-05 172.023
4.06737 4.9564e-05 221.303
4.08228 4.95167e-05 165.948
4.0972 4.9379e-05 229.781
4.11211 4.9338e-05 168.32
4.12703 4.91998e-05 231.184
4.14194 4.91604e-05 168.07
4.15686 4.90229e-05 229.887
4.17177 4.89843e-05 166.848
4.18669 4.8848e-05 227.613
4.2016 4.88101e-05 165.285
4.21652 4.86751e-05 225.01
4.23143 4.86376e-05 163.614
4.24635 4.8504e-05 222.32
4.26126 4.84669e-05 161.922
4.27618 4.83347e-05 219.631
4.29109 4.8298e-05 160.241
4.30601 4.81671e-05 216.974
4.32092 4.81308e-05 158.583
4.33584 4.80013e-05 214.362
4.35075 4.79654e-05 156.951
4.36567 4.78372e-05 211.796
4.38058 4.78016e-05 155.347
4.3955 4.76754e-05 209.278
4.41041 4.76389e-05 156.993
4.42533 4.75135e-05 210.045
4.44024 4.74796e-05 153.402
4.45516 4.73564e-05 205.572
4.47007 4.73186e-05 159.88
4.48498 4.71959e-05 211.153
4.4999 4.71643e-05 152.526
4.51481 4.70434e-05 202.996
4.52973 4.70051e-05 161.568
4.54464 4.68847e-05 211.067
4.55956 4.68551e-05 151.244
4.57447 4.67367e-05 200.067
4.58939 4.66974e-05 163.763
4.6043 4.65796e-05 211.477
4.61922 4.65519e-05 150.165
4.63413 4.64359e-05 197.391
4.64905 4.63958e-05 165.743
4.66396 4.62803e-05 211.676
4.67888 4.62546e-05 149.034
4.69379 4.61409e-05 194.713
4.70871 4.60998e-05 167.812
4.72362 4.59868e-05 211.959
4.73854 4.59629e-05 147.957
4.75345 4.58515e-05 192.134
4.76837 4.58093e-05 169.844
4.78328 4.56987e-05 212.204
4.7982 4.56767e-05 146.888
4.81311 4.55675e-05 189.61
4.82803 4.55211e-05 171.885
4.84294 4.54256e-05 198.64
4.85786 4.53893e-05 159.738
4.87277 4.5282e-05 200.342
4.88769 4.52516e-05 157.115
4.9026 4.51455e-05 197.12
4.91752 4.51126e-05 160.35
4.93243 4.50076e-05 199.393
4.94735 4.49777e-05 157.036
4.96226 4.48739e-05 195.561
4.97718 4.48408e-05 161.043
4.99209 4.4738e-05 198.539
5.00701 4.47088e-05 156.864
5.02192 4.46071e-05 193.946
5.03684 4.45738e-05 161.838
5.05175 4.44732e-05 197.797
5.06667 4.44446e-05 156.579
5.08158 4.43452e-05 192.256
5.0965 4.43115e-05 162.763
5.11141 4.4213e-05 197.189
5.12633 4.41852e-05 156.152
5.14124 4.40879e-05 190.468
5.15616 4.40536e-05 163.853
5.17107 4.39572e-05 196.743
5.18599 4.39303e-05 155.55
5.2009 4.38352e-05 188.553
5.21582 4.38e-05 165.152
5.23073 4.37058e-05 196.494
5.24565 4.36799e-05 154.733
5.26056 4.35869e-05 186.476
5.27548 4.35505e-05 166.717
5.29039 4.34584e-05 196.488
5.30531 4.34339e-05 153.65
5.32022 4.33429e-05 184.195
5.33514 4.33051e-05 168.621
5.35005 4.32151e-05 196.78
5.36496 4.31922e-05 152.241
5.37988 4.31033e-05 181.658
5.39479 4.30609e-05 170.954
5.40971 4.29842e-05 186.865
5.42462 4.29485e-05 163.325
5.43954 4.28615e-05 190.152
5.45445 4.28328e-05 158.58
5.46937 4.27468e-05 185.367
5.48428 4.27135e-05 164.174
5.4992 4.26286e-05 189.594
5.51411 4.26003e-05 158.198
5.52903 4.25163e-05 183.782
5.54394 4.24822e-05 165.173
5.55886 4.23993e-05 189.176
5.57377 4.23716e-05 157.655
5.58869 4.22896e-05 182.084
5.6036 4.22545e-05 166.363
5.61852 4.21737e-05 188.93
5.63343 4.21467e-05 156.914
5.64835 4.20666e-05 180.242
5.66326 4.20303e-05 167.795
5.67818 4.19515e-05 188.895
5.69309 4.19254e-05 155.926
5.70801 4.18473e-05 178.218
5.72292 4.18095e-05 169.537
5.73784 4.17327e-05 189.121
5.75275 4.17077e-05 154.636
5.76767 4.16315e-05 175.965
5.78258 4.15898e-05 171.671
5.7975 4.15243e-05 177.829
5.81241 4.14876e-05 168.451
5.82733 4.14142e-05 186.405
5.84224 4.13833e-05 156.491
5.85716 4.13125e-05 175.842
5.87207 4.12743e-05 170.213
5.88699 4.12027e-05 178.387
5.9019 4.11749e-05 166.074
5.91682 4.1104e-05 182.689
5.93173 4.10642e-05 159.739
5.94665 4.09998e-05 176.882
5.96156 4.09653e-05 167.132
5.97648 4.08968e-05 182.408
5.99139 4.08616e-05 159.111
6.00631 4.07966e-05 175.264
6.02122 4.07591e-05 168.388
6.03614 4.06963e-05 182.302
6.05105 4.06589e-05 158.264
6.06597 4.05953e-05 173.488
6.08088 4.05587e-05 169.925
6.0958 4.04974e-05 182.423
6.11071 4.04594e-05 157.139
6.12563 4.03964e-05 171.509
6.14054 4.03621e-05 171.818
6.15546 4.03014e-05 171.07
6.17037 4.02609e-05 171.949
6.18529 4.02041e-05 170.361
6.2002 4.01646e-05 172.502
6.21512 4.011e-05 169.038
6.23003 4.00647e-05 179.262
6.24494 4.00148e-05 159.11
6.25986 3.99707e-05 170.806
6.27477 3.99191e-05 170.537
6.28969 3.98751e-05 170.693
6.3046 3.9826e-05 170.202
6.31952 3.97769e-05 170.682
6.33443 3.97367e-05 169.727
6.34935 3.96829e-05 177.68
6.36426 3.96389e-05 159.34
6.37918 3.95961e-05 168.985
6.39409 3.95441e-05 176.322
6.40901 3.95003e-05 160.475
6.42392 3.94576e-05 169.145
6.43884 3.94066e-05 175.679
6.45375 3.93632e-05 160.655
6.46867 3.93207e-05 168.553
6.48358 3.92707e-05 174.462
6.4985 3.92275e-05 161.636
6.51341 3.91851e-05 168.595
6.52833 3.91361e-05 173.746
6.54324 3.90932e-05 161.938
6.55816 3.9051e-05 168.109
6.57307 3.90029e-05 172.632
6.58799 3.89602e-05 162.809
6.6029 3.89181e-05 168.069
6.61782 3.8871e-05 171.872
6.63273 3.88286e-05 163.197
6.64765 3.87867e-05 167.66
6.66256 3.87405e-05 170.838
6.67748 3.86983e-05 163.988
6.69239 3.86565e-05 167.564
6.70731 3.86115e-05 170.053
6.72222 3.85699e-05 164.436
6.73714 3.85253e-05 167.204
6.75205 3.84857e-05 169.081
6.76697 3.8441e-05 170.262
6.78188 3.84003e-05 163.232
6.7968 3.83571e-05 165.376
6.81171 3.83151e-05 166.772
6.82663 3.82733e-05 167.597
6.84154 3.82316e-05 167.99
6.85646 3.819e-05 168.056
6.87137 3.81485e-05 167.878
6.88629 3.81072e-05 167.518
6.9012 3.8066e-05 167.024
6.91612 3.80249e-05 166.431
6.93103 3.7984e-05 165.765
6.94595 3.79432e-05 165.047
6.96086 3.79026e-05 164.292
6.97578 3.7862e-05 163.51
6.99069 3.78216e-05 162.711
7.00561 3.77813e-05 161.899
7.02052 3.77412e-05 161.081
7.03544 3.77011e-05 160.26
7.05035 3.76612e-05 159.437
7.06527 3.76215e-05 158.616
7.08018 3.75818e-05 157.796
7.0951 3.75423e-05 156.981
7.11001 3.75029e-05 156.169
7.12492 3.74636e-05 155.362
7.13984 3.74245e-05 154.56
7.15475 3.73855e-05 153.763
7.16967 3.73465e-05 152.972
7.18458 3.73078e-05 152.187
7.1995 3.72691e-05 151.408
7.21441 3.72306e-05 150.634
7.22933 3.71921e-05 149.867
7.24424 3.71538e-05 149.106
7.25916 3.71156e-05 148.35
7.27407 3.70776e-05 147.601
7.28899 3.70396e-05 146.858
7.3039 3.70018e-05 146.121
7.31882 3.6964e-05 145.39
7.33373 3.69264e-05 144.665
7.34865 3.68889e-05 143.946
7.36356 3.68516e-05 143.233
7.37848 3.68143e-05 142.527
7.39339 3.67772e-05 141.826
7.40831 3.67401e-05 141.131
7.42322 3.67032e-05 140.443
7.43814 3.66664e-05 139.761
7.45305 3.66297e-05 139.085
7.46797 3.65931e-05 138.415
7.48288 3.65566e-05 137.751
7.4978 3.65202e-05 137.093
7.51271 3.64839e-05 136.442
7.52763 3.64478e-05 135.797
7.54254 3.64117e-05 135.158
7.55746 3.63758e-05 134.526
7.57237 3.63399e-05 133.9
7.58729 3.63042e-05 133.281
7.6022 3.62686e-05 132.668
7.61712 3.6233e-05 132.062
7.63203 3.61976e-05 131.462
7.64695 3.61623e-05 130.87
7.66186 3.61271e-05 130.284
7.67678 3.6092e-05 129.706
7.69169 3.6057e-05 129.134
7.70661 3.60221e-05 128.57
7.72152 3.59872e-05 128.013
7.73644 3.59525e-05 127.464
7.75135 3.59179e-05 126.922
7.76627 3.58834e-05 126.388
7.78118 3.5849e-05 125.862
7.7961 3.58147e-05 125.345
7.81101 3.57805e-05 124.835
7.82593 3.57464e-05 124.335
7.84084 3.57124e-05 123.843
7.85576 3.56785e-05 123.36
7.87067 3.56446e-05 122.887
7.88559 3.56109e-05 122.423
7.9005 3.55773e-05 121.969
7.91542 3.55437e-05 121.526
7.93033 3.55103e-05 121.093
7.94525 3.5477e-05 120.671
7.96016 3.54437e-05 120.26
7.97508 3.54106e-05 119.861
7.98999 3.53775e-05 119.473
8.0049 3.53445e-05 119.099
8.01982 3.53116e-05 118.738
8.03473 3.52788e-05 118.39
8.04965 3.52461e-05 118.056
8.06456 3.52135e-05 117.737
8.07948 3.5181e-05 117.433
8.09439 3.51486e-05 117.145
8.10931 3.51163e-05 116.873
8.12422 3.5084e-05 116.619
8.13914 3.50519e-05 116.383
8.15405 3.50198e-05 116.165
8.16897 3.49878e-05 115.968
8.18388 3.49559e-05 115.791
8.1988 3.49241e-05 115.636
8.21371 3.48924e-05 115.503
8.22863 3.48607e-05 115.393
8.24354 3.48292e-05 115.309
8.25846 3.47977e-05 115.251
8.27337 3.47663e-05 115.219
8.28829 3.47351e-05 115.217
8.3032 3.47038e-05 115.244
8.31812 3.46727e-05 115.303
8.33303 3.46417e-05 115.395
8.34795 3.46107e-05 115.522
8.36286 3.45798e-05 115.685
8.37778 3.45491e-05 115.887
8.39269 3.45183e-05 116.129
8.40761 3.44877e-05 116.413
8.42252 3.44572e-05 116.742
8.43744 3.44267e-05 117.118
8.45235 3.43963e-05 117.544
8.46727 3.4366e-05 118.022
8.48218 3.43358e-05 118.554
8.4971 3.43057e-05 119.145
8.51201 3.42756e-05 119.796
8.52693 3.42456e-05 120.511
8.54184 3.42157e-05 121.293
8.55676 3.41859e-05 122.147
8.57167 3.41561e-05 123.076
8.58659 3.41265e-05 124.084
8.6015 3.40969e-05 125.174
8.61642 3.40674e-05 126.353
8.63133 3.40379e-05 127.624
8.64625 3.40086e-05 128.992
8.66116 3.39793e-05 130.464
8.67608 3.39501e-05 132.043
8.69099 3.3921e-05 133.737
8.70591 3.38919e-05 135.551
8.72082 3.3863e-05 137.492
8.73574 3.38341e-05 139.567
8.75065 3.38053e-05 141.783
8.76557 3.37765e-05 144.148
8.78048 3.37478e-05 146.67
8.7954 3.37193e-05 149.357
8.81031 3.36907e-05 152.219
8.82523 3.36623e-05 155.265
8.84014 3.3634e-05 158.505
8.85506 3.36057e-05 161.949
8.86997 3.35775e-05 165.609
8.88488 3.35493e-05 169.495
8.8998 3.35067e-05 173.587
8.91471 3.35107e-05 162.783
8.92963 3.34556e-05 170.792
8.94454 3.34482e-05 169.19
8.95946 3.33803e-05 178.38
8.97437 3.34155e-05 161.016
8.98929 3.33321e-05 174.608
9.0042 3.3351e-05 168.913
9.01912 3.32481e-05 183.907
9.03403 3.33289e-05 159.018
9.04895 3.32043e-05 178.845
9.06386 3.3261e-05 168.696
9.07878 3.31071e-05 190.2
9.09369 3.32539e-05 156.798
9.10861 3.30704e-05 183.473
9.12352 3.31804e-05 168.573
9.13844 3.29532e-05 197.277
9.15335 3.31947e-05 154.382
9.16827 3.29277e-05 188.455
9.18318 3.31124e-05 168.57
9.1981 3.27807e-05 205.137
9.21301 3.31569e-05 151.816
9.22793 3.2773e-05 193.761
9.24284 3.30554e-05 168.682
9.25776 3.26049e-05 213.808
9.27267 3.31318e-05 152.362
9.28759 3.25668e-05 202.454
9.3025 3.30618e-05 165.193
9.31742 3.242e-05 219.545
9.33233 3.31087e-05 161.447
9.34725 3.23284e-05 220.487
9.36216 3.31042e-05 165.525
9.37708 3.22127e-05 229.482
9.39199 3.30578e-05 172.679
9.40691 3.21866e-05 224.2
9.42182 3.30139e-05 174.572
9.43674 3.21189e-05 225.519
9.45165 3.29565e-05 179.042
9.46657 3.20855e-05 222.124
9.48148 3.29014e-05 181.713
9.4964 3.20349e-05 222.175
9.51131 3.2834e-05 185.799
9.52623 3.20101e-05 219.83
9.54114 3.27646e-05 188.921
9.55606 3.19785e-05 219.276
9.57097 3.26828e-05 192.801
9.58589 3.19677e-05 217.549
9.6008 3.25955e-05 196.168
9.61572 3.19574e-05 216.756
9.63063 3.24954e-05 199.919
9.64555 3.19651e-05 215.428
9.66046 3.2387e-05 203.39
9.67538 3.19782e-05 214.6
9.69029 3.22657e-05 207.031
9.70521 3.20065e-05 213.563
9.72012 3.21148e-05 210.441
9.73504 3.20784e-05 210.947
9.74995 3.20448e-05 213.247
9.76486 3.20156e-05 216.461
9.77978 3.19888e-05 220.15
9.79469 3.19631e-05 224.086
9.80961 3.19381e-05 228.151
9.82452 3.19134e-05 232.281
9.83944 3.1889e-05 236.442
9.85435 3.18646e-05 240.612
9.86927 3.18403e-05 244.778
9.88418 3.18161e-05 248.93
9.8991 3.17918e-05 253.06
9.91401 3.17676e-05 257.162
9.92893 3.17433e-05 261.228
9.94384 3.17191e-05 265.254
9.95876 3.16949e-05 269.234
9.97367 3.16707e-05 273.161
9.98859 3.16465e-05 277.032
10.0035 3.16224e-05 280.84
10.0184 3.15982e-05 284.581
10.0333 3.15741e-05 288.25
10.0482 3.155e-05 291.844
10.0632 3.1526e-05 295.356
10.0781 3.1502e-05 298.785
10.093 3.1478e-05 302.126
10.1079 3.14541e-05 305.377
10.1228 3.14303e-05 308.534
10.1377 3.14065e-05 311.595
10.1527 3.13827e-05 314.558
10.1676 3.13591e-05 317.421
10.1825 3.13355e-05 320.183
10.1974 3.1312e-05 322.843
10.2123 3.12886e-05 325.4
10.2272 3.12653e-05 327.853
10.2421 3.12421e-05 330.203
10.2571 3.12189e-05 332.45
10.272 3.11959e-05 334.595
10.2869 3.11729e-05 336.638
10.3018 3.115e-05 338.58
10.3167 3.11272e-05 340.423
10.3316 3.11045e-05 342.169
10.3465 3.10819e-05 343.818
10.3615 3.10594e-05 345.373
10.3764 3.10369e-05 346.836
10.3913 3.10146e-05 348.209
10.4062 3.09923e-05 349.495
10.4211 3.09701e-05 350.695
10.436 3.09479e-05 351.813
10.451 3.09259e-05 352.85
10.4659 3.09039e-05 353.81
10.4808 3.0882e-05 354.695
10.4957 3.08601e-05 355.507
10.5106 3.08383e-05 356.25
10.5255 3.08166e-05 356.926
10.5404 3.07949e-05 357.538
10.5554 3.07733e-05 358.088
10.5703 3.07518e-05 358.578
10.5852 3.07303e-05 359.012
10.6001 3.07088e-05 359.392
10.615 3.06874e-05 359.72
10.6299 3.06661e-05 359.998
10.6448 3.06448e-05 360.229
10.6598 3.06235e-05 360.416
10.6747 3.06023e-05 360.559
10.6896 3.05811e-05 360.662
10.7045 3.056e-05 360.727
10.7194 3.05389e-05 360.755
10.7343 3.05178e-05 360.748
10.7492 3.04968e-05 360.708
10.7642 3.04759e-05 360.637
10.7791 3.04549e-05 360.537
10.794 3.04341e-05 360.408
10.8089 3.04132e-05 360.253
10.8238 3.03924e-05 360.074
10.8387 3.03716e-05 359.871
10.8537 3.03509e-05 359.645
10.8686 3.03302e-05 359.399
10.8835 3.03095e-05 359.134
10.8984 3.02889e-05 358.849
10.9133 3.02683e-05 358.548
10.9282 3.02478e-05 358.229
10.9431 3.02273e-05 357.896
10.9581 3.02068e-05 357.548
10.973 3.01864e-05 357.187
10.9879 3.0166e-05 356.813
11.0028 3.01456e-05 356.427
11.0177 3.01253e-05 356.03
11.0326 3.0105e-05 355.623
11.0475 3.00847e-05 355.206
11.0625 3.00645e-05 354.779
11.0774 3.00444e-05 354.345
11.0923 3.00242e-05 353.902
11.1072 3.00041e-05 353.453
11.1221 2.99841e-05 352.996
11.137 2.9964e-05 352.533
11.152 2.9944e-05 352.064
11.1669 2.99241e-05 351.59
11.1818 2.99042e-05 351.111
11.1967 2.98843e-05 350.627
11.2116 2.98645e-05 350.139
11.2265 2.98447e-05 349.647
11.2414 2.98249e-05 349.151
11.2564 2.98052e-05 348.652
11.2713 2.97855e-05 348.15
11.2862 2.97658e-05 347.645
11.3011 2.97462e-05 347.138
11.316 2.97266e-05 346.628
11.3309 2.97071e-05 346.117
11.3458 2.96876e-05 345.604
11.3608 2.96681e-05 345.089
11.3757 2.96487e-05 344.572
11.3906 2.96293e-05 344.054
11.4055 2.96099e-05 343.536
11.4204 2.95906e-05 343.016
11.4353 2.95713e-05 342.495
11.4503 2.95521e-05 341.974
11.4652 2.95329e-05 341.453
11.4801 2.95137e-05 340.93
11.495 2.94946e-05 340.408
11.5099 2.94755e-05 339.885
11.5248 2.94564e-05 339.363
11.5397 2.94374e-05 338.84
11.5547 2.94184e-05 338.318
11.5696 2.93994e-05 337.795
11.5845 2.93805e-05 337.273
11.5994 2.93616e-05 336.751
11.6143 2.93428e-05 336.23
11.6292 2.93239e-05 335.709
11.6441 2.93052e-05 335.188
11.6591 2.92864e-05 334.668
11.674 2.92677e-05 334.149
11.6889 2.9249e-05 333.631
11.7038 2.92304e-05 333.113
11.7187 2.92118e-05 332.595
11.7336 2.91932e-05 332.079
11.7485 2.91747e-05 331.564
11.7635 2.91562e-05 331.049
11.7784 2.91377e-05 330.535
11.7933 2.91193e-05 330.022
11.8082 2.91009e-05 329.511
11.8231 2.90826e-05 329
11.838 2.90643e-05 328.49
11.853 2.9046e-05 327.981
11.8679 2.90277e-05 327.473
11.8828 2.90095e-05 326.966
11.8977 2.89913e-05 326.461
11.9126 2.89732e-05 325.956
11.9275 2.8955e-05 325.453
11.9424 2.8937e-05 324.95
11.9574 2.89189e-05 324.449
11.9723 2.89009e-05 323.949
11.9872 2.88829e-05 323.45
12.0021 2.8865e-05 322.953
12.017 2.8847e-05 322.456
12.0319 2.88292e-05 321.961
12.0468 2.88113e-05 321.467
12.0618 2.87935e-05 320.974
12.0767 2.87757e-05 320.482
12.0916 2.87579e-05 319.991
12.1065 2.87402e-05 319.502
12.1214 2.87225e-05 319.014
12.1363 2.87049e-05 318.527
12.1513 2.86873e-05 318.042
12.1662 2.86697e-05 317.557
12.1811 2.86521e-05 317.074
12.196 2.86346e-05 316.592
12.2109 2.86171e-05 316.111
12.2258 2.85996e-05 315.632
12.2407 2.85822e-05 315.153
12.2557 2.85648e-05 314.676
12.2706 2.85475e-05 314.201
12.2855 2.85301e-05 313.726
12.3004 2.85128e-05 313.253
12.3153 2.84956e-05 312.78
12.3302 2.84783e-05 312.31
12.3451 2.84611e-05 311.84
12.3601 2.84439e-05 311.372
12.375 2.84268e-05 310.904
12.3899 2.84097e-05 310.438
12.4048 2.83926e-05 309.974
12.4197 2.83755e-05 309.51
12.4346 2.83585e-05 309.048
12.4495 2.83415e-05 308.587
12.4645 2.83246e-05 308.127
12.4794 2.83076e-05 307.668
12.4943 2.82907e-05 307.21
12.5092 2.82739e-05 306.754
12.5241 2.8257e-05 306.299
12.539 2.82402e-05 305.845
12.554 2.82234e-05 305.392
12.5689 2.82067e-05 304.941
12.5838 2.819e-05 304.491
12.5987 2.81733e-05 304.041
12.6136 2.81566e-05 303.593
12.6285 2.814e-05 303.147
12.6434 2.81234e-05 302.701
12.6584 2.81068e-05 302.257
12.6733 2.80902e-05 301.813
12.6882 2.80737e-05 301.371
12.7031 2.80572e-05 300.93
12.718 2.80408e-05 300.49
12.7329 2.80244e-05 300.052
12.7478 2.8008e-05 299.614
12.7628 2.79916e-05 299.178
12.7777 2.79753e-05 298.743
12.7926 2.79589e-05 298.308
12.8075 2.79427e-05 297.876
12.8224 2.79264e-05 297.444
12.8373 2.79102e-05 297.013
12.8523 2.7894e-05 296.583
12.8672 2.78778e-05 296.155
12.8821 2.78617e-05 295.728
12.897 2.78455e-05 295.301
12.9119 2.78295e-05 294.876
12.9268 2.78134e-05 294.452
12.9417 2.77974e-05 294.029
12.9567 2.77814e-05 293.607
12.9716 2.77654e-05 293.187
12.9865 2.77494e-05 292.767
13.0014 2.77335e-05 292.348
13.0163 2.77176e-05 291.931
13.0312 2.77018e-05 291.514
13.0461 2.76859e-05 291.099
13.0611 2.76701e-05 290.685
13.076 2.76543e-05 290.271
13.0909 2.76386e-05 289.859
13.1058 2.76228e-05 289.448
13.1207 2.76071e-05 289.038
13.1356 2.75914e-05 288.629
13.1506 2.75758e-05 288.221
13.1655 2.75602e-05 287.814
13.1804 2.75446e-05 287.408
13.1953 2.7529e-05 287.003
13.2102 2.75135e-05 286.599
13.2251 2.74979e-05 286.197
13.24 2.74824e-05 285.795
13.255 2.7467e-05 285.394
13.2699 2.74515e-05 284.994
13.2848 2.74361e-05 284.596
13.2997 2.74207e-05 284.198
13.3146 2.74054e-05 283.801
13.3295 2.739e-05 283.405
13.3444 2.73747e-05 283.011
13.3594 2.73594e-05 282.617
13.3743 2.73442e-05 282.224
13.3892 2.73289e-05 281.832
13.4041 2.73137e-05 281.442
13.419 2.72986e-05 281.052
13.4339 2.72834e-05 280.663
13.4488 2.72683e-05 280.275
13.4638 2.72532e-05 279.888
13.4787 2.72381e-05 279.502
13.4936 2.7223e-05 279.117
13.5085 2.7208e-05 278.733
13.5234 2.7193e-05 278.35
13.5383 2.7178e-05 277.968
13.5533 2.7163e-05 277.587
13.5682 2.71481e-05 277.207
13.5831 2.71332e-05 276.828
13.598 2.71183e-05 276.449
13.6129 2.71034e-05 276.072
13.6278 2.70886e-05 275.695
13.6427 2.70738e-05 275.32
13.6577 2.7059e-05 274.945
13.6726 2.70442e-05 274.572
13.6875 2.70295e-05 274.199
13.7024 2.70148e-05 273.827
13.7173 2.70001e-05 273.456
13.7322 2.69854e-05 273.086
13.7471 2.69708e-05 272.717
13.7621 2.69562e-05 272.349
13.777 2.69416e-05 271.981
13.7919 2.6927e-05 271.615
13.8068 2.69125e-05 271.249
13.8217 2.68979e-05 270.885
13.8366 2.68834e-05 270.521
13.8516 2.6869e-05 270.158
13.8665 2.68545e-05 269.796
13.8814 2.68401e-05 269.435
13.8963 2.68257e-05 269.075
13.9112 2.68113e-05 268.715
13.9261 2.67969e-05 268.357
13.941 2.67826e-05 267.999
13.956 2.67683e-05 267.642
13.9709 2.6754e-05 267.286
13.9858 2.67397e-05 266.931
14.0007 2.67255e-05 266.577
14.0156 2.67112e-05 266.224
14.0305 2.6697e-05 265.871
14.0454 2.66829e-05 265.52
14.0604 2.66687e-05 265.169
14.0753 2.66546e-05 264.819
14.0902 2.66404e-05 264.47
14.1051 2.66264e-05 264.121
14.12 2.66123e-05 263.774
14.1349 2.65983e-05 263.427
14.1498 2.65842e-05 263.081
14.1648 2.65702e-05 262.736
14.1797 2.65563e-05 262.392
14.1946 2.65423e-05 262.049
14.2095 2.65284e-05 261.706
14.2244 2.65145e-05 261.365
14.2393 2.65006e-05 261.024
14.2543 2.64867e-05 260.683
14.2692 2.64728e-05 260.344
14.2841 2.6459e-05 260.006
14.299 2.64452e-05 259.668
14.3139 2.64314e-05 259.331
14.3288 2.64177e-05 258.995
14.3437 2.64039e-05 258.659
14.3587 2.63902e-05 258.325
14.3736 2.63765e-05 257.991
14.3885 2.63629e-05 257.658
14.4034 2.63492e-05 257.326
14.4183 2.63356e-05 256.994
14.4332 2.6322e-05 256.664
14.4481 2.63084e-05 256.334
14.4631 2.62948e-05 256.005
14.478 2.62813e-05 255.676
14.4929 2.62677e-05 255.348
14.5078 2.62542e-05 255.022
14.5227 2.62407e-05 254.696
14.5376 2.62273e-05 254.37
14.5526 2.62138e-05 254.046
14.5675 2.62004e-05 253.722
14.5824 2.6187e-05 253.399
14.5973 2.61736e-05 253.076
14.6122 2.61603e-05 252.755
14.6271 2.61469e-05 252.434
14.642 2.61336e-05 252.114
14.657 2.61203e-05 251.794
14.6719 2.6107e-05 251.476
14.6868 2.60938e-05 251.158
14.7017 2.60805e-05 250.84
14.7166 2.60673e-05 250.524
14.7315 2.60541e-05 250.208
14.7464 2.60409e-05 249.893
14.7614 2.60278e-05 249.579
14.7763 2.60146e-05 249.265
14.7912 2.60015e-05 248.952
14.8061 2.59884e-05 248.64
14.821 2.59753e-05 248.329
14.8359 2.59623e-05 248.018
14.8509 2.59492e-05 247.708
14.8658 2.59362e-05 247.398
14.8807 2.59232e-05 247.09
14.8956 2.59102e-05 246.782
14.9105 2.58973e-05 246.474
14.9254 2.58843e-05 246.168
14.9403 2.58714e-05 245.862
14.9553 2.58589e-05 245.558
14.9702 2.58481e-05 245.263
14.9851 2.58432e-05 244.998
15 2.585e-05 244.807
