0.1 0.000380262 13043.9
0.114915 0.000190414 40286.3
0.12983 0.000288458 28202.1
0.144745 0.000257391 28225.5
0.15966 0.000251594 25561.4
0.174575 0.000239287 24034.7
0.189489 0.000230082 22508.1
0.204404 0.00022136 21247.1
0.219319 0.000213731 20124.1
0.234234 0.000206784 19134
0.249149 0.000200491 18250.1
0.264064 0.000194736 17455.9
0.278979 0.00018945 16738
0.293894 0.000184572 16085.4
0.308809 0.000180053 15489.2
0.323724 0.000175851 14942.1
0.338639 0.00017193 14438.2
0.353554 0.00016826 13972.1
0.368468 0.000164815 13539.8
0.383383 0.000161574 13137.4
0.398298 0.000158516 12761.8
0.413213 0.000155623 12410.2
0.428128 0.000152873 12080
0.443043 0.000150225 11767.6
0.457958 0.00014758 11467
0.472873 0.000144664 11164.1
0.487788 0.000140766 10824.4
0.502703 0.000134177 10365.8
0.517618 0.000121341 9611.83
0.532533 0.000112215 7042.72
0.547447 0.000120012 3108.29
0.562362 0.000175363 968.042
0.577277 0.000130734 3757.28
0.592192 0.000152322 969.956
0.607107 0.000115289 3463.52
0.622022 0.000141377 903.062
0.636937 0.000111252 3223.01
0.651852 0.000137231 868.369
0.666767 0.000108186 3062.49
0.681682 0.000134332 847.614
0.696597 0.000105329 2936
0.711512 0.00013187 812.097
0.726426 0.000102668 2792.06
0.741341 0.00012958 805.86
0.756256 0.000100253 2706.54
0.771171 0.000127361 802.237
0.786086 9.79561e-05 2630.27
0.801001 0.000125253 801.807
0.815916 9.58347e-05 2564.31
0.830831 0.000123261 802.409
0.845746 9.37981e-05 2503.41
0.860661 0.000121398 804.617
0.875576 9.19737e-05 2449.85
0.89049 0.000119608 806.48
0.905405 9.01461e-05 2397.44
0.92032 0.000117947 810.421
0.935235 8.82925e-05 2349.27
0.95015 0.000116419 814.683
0.965065 8.65135e-05 2303.87
0.97998 0.00011499 819.561
0.994895 8.48153e-05 2261.58
1.00981 0.000113628 824.454
1.02472 8.31955e-05 2221.4
1.03964 0.000112323 829.678
1.05455 8.1648e-05 2183.59
1.06947 0.000111069 834.865
1.08438 8.01731e-05 2147.55
1.0993 0.000109859 840.202
1.11421 7.87657e-05 2113.41
1.12913 0.000108689 845.459
1.14404 7.74248e-05 2080.79
1.15896 0.000107555 850.755
1.17387 7.61463e-05 2049.74
1.18879 0.000106453 855.938
1.2037 7.49285e-05 2020
1.21862 0.000105381 861.09
1.23353 7.3768e-05 1991.58
1.24845 0.000104335 866.102
1.26336 7.26629e-05 1964.31
1.27828 0.000103312 871.036
1.29319 7.16104e-05 1938.19
1.30811 0.000102313 875.811
1.32302 7.06082e-05 1913.06
1.33794 0.000101333 880.478
1.35285 6.96539e-05 1888.94
1.36777 0.000100372 884.973
1.38268 6.87454e-05 1865.7
1.3976 9.94282e-05 889.339
1.41251 6.78804e-05 1843.34
1.42743 9.85011e-05 893.528
1.44234 6.7057e-05 1821.77
1.45726 9.7589e-05 897.574
1.47217 6.62731e-05 1800.98
1.48709 9.66915e-05 901.441
1.502 6.55268e-05 1780.89
1.51692 9.58071e-05 905.157
1.53183 6.48163e-05 1761.49
1.54675 9.49355e-05 908.693
1.56166 6.41399e-05 1742.72
1.57658 9.40751e-05 912.073
1.59149 6.3496e-05 1724.55
1.60641 9.3225e-05 915.272
1.62132 6.28835e-05 1706.93
1.63624 9.23828e-05 918.304
1.65115 6.23012e-05 1689.81
1.66607 9.15454e-05 921.142
1.68098 6.17485e-05 1673.12
1.6959 9.07067e-05 923.782
1.71081 6.12257e-05 1656.76
1.72573 8.98576e-05 926.173
1.74064 6.07342e-05 1640.55
1.75556 8.89809e-05 928.266
1.77047 6.02781e-05 1624.25
1.78539 8.80495e-05 929.936
1.8003 5.98669e-05 1607.4
1.81522 8.702e-05 931.012
1.83013 5.95224e-05 1589.36
1.84505 8.5833e-05 931.182
1.85996 5.92943e-05 1569.11
1.87487 8.44192e-05 930.011
1.88979 5.92918e-05 1545.41
1.9047 8.27276e-05 926.808
1.91962 5.97273e-05 1516.67
1.93453 8.07517e-05 920.696
1.94945 6.09273e-05 1480.73
1.96436 7.85333e-05 911.155
1.97928 6.31527e-05 1433.24
1.99419 7.61711e-05 901.148
2.00911 6.60725e-05 1366.79
2.02402 7.39112e-05 901.331
2.03894 6.85195e-05 1277.59
2.05385 7.20254e-05 923.711
2.06877 6.96155e-05 1173.76
2.08368 7.05591e-05 968.4
2.0986 6.95977e-05 1066.94
2.11351 6.90589e-05 1026.14
2.12843 6.90368e-05 964.28
2.14334 6.88687e-05 876.149
2.15826 6.85425e-05 782.535
2.17317 6.81869e-05 693.992
2.18809 6.78507e-05 614.97
2.203 6.75436e-05 546.713
2.21792 6.7262e-05 488.954
2.23283 6.70001e-05 440.781
2.24775 6.67528e-05 401.054
2.26266 6.65159e-05 368.594
2.27758 6.62867e-05 342.275
2.29249 6.60633e-05 321.061
2.30741 6.58443e-05 304.03
2.32232 6.56291e-05 290.381
2.33724 6.54169e-05 279.432
2.35215 6.52075e-05 270.615
2.36707 6.50005e-05 263.466
2.38198 6.47958e-05 257.61
2.3969 6.45933e-05 252.75
2.41181 6.43928e-05 248.654
2.42673 6.41943e-05 245.143
2.44164 6.39976e-05 242.076
2.45656 6.38029e-05 239.348
2.47147 6.36099e-05 236.88
2.48639 6.34188e-05 234.611
2.5013 6.32293e-05 232.495
2.51622 6.30416e-05 230.498
2.53113 6.28555e-05 228.596
2.54605 6.26711e-05 226.769
2.56096 6.24883e-05 225.004
2.57588 6.23071e-05 223.288
2.59079 6.21275e-05 221.615
2.60571 6.19495e-05 219.979
2.62062 6.17729e-05 218.375
2.63554 6.15979e-05 216.799
2.65045 6.14243e-05 215.25
2.66537 6.12522e-05 213.724
2.68028 6.10815e-05 212.221
2.6952 6.09123e-05 210.74
2.71011 6.07501e-05 209.288
2.72503 6.05695e-05 212.17
2.73994 6.04219e-05 208.563
2.75485 6.02384e-05 211.816
2.76977 6.01008e-05 206.987
2.78468 5.99088e-05 212.773
2.7996 5.97837e-05 206.071
2.81451 5.95872e-05 212.755
2.82943 5.94727e-05 204.707
2.84434 5.92685e-05 213.45
2.85926 5.91659e-05 203.704
2.87417 5.89562e-05 213.612
2.88909 5.88645e-05 202.468
2.904 5.86474e-05 214.162
2.91892 5.85675e-05 201.435
2.93383 5.83442e-05 214.42
2.94875 5.82754e-05 200.284
2.96366 5.80448e-05 214.887
2.97858 5.79875e-05 199.249
2.99349 5.77503e-05 215.193
3.00841 5.77042e-05 198.158
3.02332 5.74597e-05 215.613
3.03824 5.7425e-05 197.137
3.05315 5.71735e-05 215.943
3.06807 5.71501e-05 196.091
3.08298 5.68913e-05 216.334
3.0979 5.68792e-05 195.091
3.11281 5.66131e-05 216.674
3.12773 5.66123e-05 194.084
3.14264 5.63387e-05 217.046
3.15756 5.63493e-05 193.107
3.17247 5.60682e-05 217.39
3.18739 5.60901e-05 192.133
3.2023 5.58013e-05 217.749
3.21722 5.58346e-05 191.181
3.23213 5.55381e-05 218.091
3.24705 5.55827e-05 190.237
3.26196 5.52784e-05 218.441
3.27688 5.53343e-05 189.31
3.29179 5.50222e-05 218.78
3.30671 5.50894e-05 188.393
3.32162 5.47693e-05 219.122
3.33654 5.48479e-05 187.491
3.35145 5.45197e-05 219.457
3.36637 5.46096e-05 186.6
3.38128 5.42733e-05 219.793
3.3962 5.43746e-05 185.723
3.41111 5.40301e-05 220.123
3.42603 5.41428e-05 184.856
3.44094 5.379e-05 220.452
3.45586 5.3914e-05 184.001
3.47077 5.35529e-05 220.778
3.48569 5.36883e-05 183.158
3.5006 5.33188e-05 221.102
3.51552 5.34656e-05 182.325
3.53043 5.30875e-05 221.422
3.54535 5.32457e-05 181.504
3.56026 5.28591e-05 221.741
3.57518 5.30287e-05 180.693
3.59009 5.26334e-05 222.056
3.60501 5.28145e-05 179.892
3.61992 5.24105e-05 222.37
3.63483 5.26029e-05 179.102
3.64975 5.21902e-05 222.68
3.66466 5.23941e-05 178.321
3.67958 5.19725e-05 222.989
3.69449 5.21879e-05 177.55
3.70941 5.17574e-05 223.295
3.72432 5.19842e-05 176.789
3.73924 5.15448e-05 223.599
3.75415 5.1783e-05 176.038
3.76907 5.13346e-05 223.9
3.78398 5.15844e-05 175.295
3.7989 5.11268e-05 224.199
3.81381 5.13881e-05 174.561
3.82873 5.09214e-05 224.496
3.84364 5.11942e-05 173.837
3.85856 5.07183e-05 224.791
3.87347 5.10026e-05 173.12
3.88839 5.05174e-05 225.083
3.9033 5.08133e-05 172.413
3.91822 5.03188e-05 225.374
3.93313 5.06262e-05 171.713
3.94805 5.01224e-05 225.662
3.96296 5.04413e-05 171.022
3.97788 4.99281e-05 225.948
3.99279 5.02585e-05 170.339
4.00771 4.97359e-05 226.232
4.02262 5.00945e-05 169.691
4.03754 4.95186e-05 235.28
4.05245 4.98915e-05 172.212
4.06737 4.93833e-05 220.537
4.08228 4.97241e-05 166.007
4.0972 4.91602e-05 229.332
4.11211 4.95558e-05 168.526
4.12703 4.89782e-05 230.874
4.14194 4.93809e-05 168.333
4.15686 4.88017e-05 229.637
4.17177 4.92045e-05 167.131
4.18669 4.86283e-05 227.389
4.2016 4.90286e-05 165.572
4.21652 4.84574e-05 224.799
4.23143 4.88542e-05 163.9
4.24635 4.82883e-05 222.116
4.26126 4.86814e-05 162.205
4.27618 4.81212e-05 219.432
4.29109 4.85104e-05 160.52
4.30601 4.79557e-05 216.78
4.32092 4.83411e-05 158.858
4.33584 4.7792e-05 214.171
4.35075 4.81736e-05 157.221
4.36567 4.763e-05 211.609
4.38058 4.80078e-05 155.612
4.3955 4.74766e-05 209.109
4.41041 4.78366e-05 157.508
4.42533 4.73063e-05 210.101
4.44024 4.76858e-05 153.754
4.45516 4.71708e-05 205.522
4.47007 4.75031e-05 160.249
4.48498 4.69857e-05 211.047
4.4999 4.73737e-05 152.825
4.51481 4.68669e-05 202.913
4.52973 4.71801e-05 161.968
4.54464 4.66729e-05 210.98
4.55956 4.70664e-05 151.553
4.57447 4.65711e-05 200.018
4.58939 4.68612e-05 164.109
4.6043 4.63656e-05 211.325
4.61922 4.67658e-05 150.454
4.63413 4.62807e-05 197.346
4.64905 4.65488e-05 166.072
4.66396 4.60645e-05 211.496
4.67888 4.64707e-05 149.318
4.69379 4.59964e-05 194.685
4.70871 4.62416e-05 168.106
4.72362 4.57691e-05 211.734
4.73854 4.61815e-05 148.229
4.75345 4.57176e-05 192.118
4.76837 4.59323e-05 170.093
4.78328 4.55024e-05 202.896
4.7982 4.58816e-05 156.323
4.81311 4.54276e-05 198.358
4.82803 4.56416e-05 160.893
4.84294 4.52717e-05 201.87
4.85786 4.556e-05 156.231
4.87277 4.51151e-05 196.674
4.88769 4.54171e-05 161.806
4.9026 4.49781e-05 201.14
4.91752 4.52791e-05 155.875
4.93243 4.48455e-05 194.857
4.94735 4.51383e-05 162.816
4.96226 4.47105e-05 200.564
4.97718 4.50035e-05 155.361
4.99209 4.4581e-05 192.927
5.00701 4.48642e-05 164.012
5.02192 4.44476e-05 200.172
5.03684 4.47327e-05 154.652
5.05175 4.43214e-05 190.852
5.06667 4.45947e-05 165.445
5.08158 4.41894e-05 200.005
5.0965 4.44667e-05 153.702
5.11141 4.40668e-05 188.592
5.12633 4.43295e-05 167.179
5.14124 4.39357e-05 200.115
5.15616 4.42055e-05 152.457
5.17107 4.38169e-05 186.1
5.18599 4.40616e-05 169.284
5.2009 4.37083e-05 200.604
5.21582 4.39329e-05 150.781
5.23073 4.35553e-05 183.221
5.24565 4.38257e-05 172.073
5.26056 4.34723e-05 188.062
5.27548 4.36664e-05 164.838
5.29039 4.3301e-05 194.472
5.30531 4.35929e-05 156.32
5.32022 4.32326e-05 186.35
5.33514 4.34111e-05 165.915
5.35005 4.30577e-05 194.055
5.36496 4.3352e-05 155.733
5.37988 4.3003e-05 184.556
5.39479 4.31396e-05 167.106
5.40971 4.28785e-05 193.881
5.42462 4.30715e-05 154.792
5.43954 4.27341e-05 182.387
5.45445 4.2957e-05 169.028
5.46937 4.26344e-05 194.19
5.48428 4.28262e-05 153.352
5.4992 4.25007e-05 179.88
5.51411 4.27264e-05 171.399
5.52903 4.24127e-05 183.388
5.54394 4.25843e-05 165.903
5.55886 4.22714e-05 189.516
5.57377 4.24994e-05 157.47
5.58869 4.21957e-05 181.721
5.6036 4.23415e-05 167.031
5.61852 4.20583e-05 189.239
5.63343 4.22666e-05 156.753
5.64835 4.19736e-05 179.904
5.66326 4.2114e-05 168.434
5.67818 4.18541e-05 189.214
5.69309 4.2029e-05 155.725
5.70801 4.17473e-05 177.833
5.72292 4.19033e-05 170.278
5.73784 4.16488e-05 180.984
5.75275 4.17932e-05 165.318
5.76767 4.15281e-05 184.768
5.78258 4.1694e-05 159.779
5.7975 4.14431e-05 179.575
5.81241 4.15633e-05 166.158
5.82733 4.1321e-05 184.292
5.84224 4.14792e-05 159.366
5.85716 4.12331e-05 178.087
5.87207 4.13468e-05 167.158
5.88699 4.11242e-05 183.976
5.9019 4.12564e-05 158.739
5.91682 4.10243e-05 176.438
5.93173 4.11408e-05 168.438
5.94665 4.09275e-05 183.889
5.96156 4.10349e-05 157.827
5.97648 4.08284e-05 174.598
5.99139 4.09281e-05 170.019
6.00631 4.07322e-05 176.333
6.02122 4.08219e-05 166.991
6.03614 4.06344e-05 181.03
6.05105 4.07193e-05 160.05
6.06597 4.0537e-05 174.827
6.08088 4.06148e-05 168.096
6.0958 4.04438e-05 180.83
6.11071 4.05111e-05 159.316
6.12563 4.03457e-05 173.177
6.14054 4.04107e-05 169.448
6.15546 4.02557e-05 180.832
6.17037 4.03021e-05 158.322
6.18529 4.01707e-05 171.367
6.2002 4.01929e-05 171.047
6.21512 4.00854e-05 171.143
6.23003 4.00831e-05 170.84
6.24494 3.99988e-05 170.961
6.25986 3.99884e-05 170.604
6.27477 3.99056e-05 170.809
6.28969 3.98766e-05 170.288
6.3046 3.98325e-05 170.822
6.31952 3.97726e-05 169.746
6.33443 3.97334e-05 177.965
6.34935 3.96914e-05 159.203
6.36426 3.9632e-05 169.102
6.37918 3.95954e-05 176.683
6.39409 3.95508e-05 160.227
6.40901 3.94963e-05 169.179
6.42392 3.94555e-05 175.968
6.43884 3.94124e-05 160.498
6.45375 3.93593e-05 168.659
6.46867 3.93189e-05 174.802
6.48358 3.92761e-05 161.403
6.4985 3.92241e-05 168.642
6.51341 3.91834e-05 174.037
6.52833 3.91407e-05 161.769
6.54324 3.90901e-05 168.205
6.55816 3.90496e-05 172.957
6.57307 3.90071e-05 162.587
6.58799 3.89576e-05 168.125
6.6029 3.89169e-05 172.162
6.61782 3.88745e-05 163.018
6.63273 3.88263e-05 167.749
6.64765 3.87857e-05 171.15
6.66256 3.87436e-05 163.773
6.67748 3.86965e-05 167.626
6.69239 3.86557e-05 170.34
6.70731 3.86164e-05 164.257
6.72222 3.85676e-05 167.298
6.73714 3.85187e-05 169.365
6.75205 3.84863e-05 170.718
6.76697 3.84477e-05 162.815
6.78188 3.84026e-05 165.293
6.7968 3.83554e-05 166.934
6.81171 3.83138e-05 167.945
6.82663 3.82723e-05 168.478
6.84154 3.82308e-05 168.649
6.85646 3.81894e-05 168.548
6.87137 3.81481e-05 168.246
6.88629 3.81069e-05 167.792
6.9012 3.80658e-05 167.228
6.91612 3.80248e-05 166.583
6.93103 3.79839e-05 165.878
6.94595 3.79431e-05 165.131
6.96086 3.79025e-05 164.354
6.97578 3.7862e-05 163.557
6.99069 3.78216e-05 162.745
7.00561 3.77813e-05 161.925
7.02052 3.77411e-05 161.101
7.03544 3.77011e-05 160.274
7.05035 3.76612e-05 159.448
7.06527 3.76215e-05 158.624
7.08018 3.75818e-05 157.802
7.0951 3.75423e-05 156.985
7.11001 3.75029e-05 156.172
7.12492 3.74636e-05 155.364
7.13984 3.74245e-05 154.562
7.15475 3.73855e-05 153.765
7.16967 3.73466e-05 152.973
7.18458 3.73078e-05 152.188
7.1995 3.72691e-05 151.408
7.21441 3.72306e-05 150.635
7.22933 3.71921e-05 149.867
7.24424 3.71538e-05 149.106
7.25916 3.71156e-05 148.35
7.27407 3.70776e-05 147.601
7.28899 3.70396e-05 146.858
7.3039 3.70018e-05 146.121
7.31882 3.69641e-05 145.39
7.33373 3.69264e-05 144.665
7.34865 3.6889e-05 143.946
7.36356 3.68516e-05 143.233
7.37848 3.68143e-05 142.527
7.39339 3.67772e-05 141.826
7.40831 3.67401e-05 141.132
7.42322 3.67032e-05 140.443
7.43814 3.66664e-05 139.761
7.45305 3.66297e-05 139.085
7.46797 3.65931e-05 138.415
7.48288 3.65566e-05 137.751
7.4978 3.65202e-05 137.093
7.51271 3.64839e-05 136.442
7.52763 3.64478e-05 135.797
7.54254 3.64117e-05 135.158
7.55746 3.63758e-05 134.526
7.57237 3.63399e-05 133.9
7.58729 3.63042e-05 133.281
7.6022 3.62686e-05 132.668
7.61712 3.62331e-05 132.062
7.63203 3.61976e-05 131.463
7.64695 3.61623e-05 130.87
7.66186 3.61271e-05 130.284
7.67678 3.6092e-05 129.706
7.69169 3.6057e-05 129.134
7.70661 3.60221e-05 128.57
7.72152 3.59873e-05 128.013
7.73644 3.59526e-05 127.464
7.75135 3.5918e-05 126.922
7.76627 3.58835e-05 126.388
7.78118 3.58491e-05 125.862
7.7961 3.58148e-05 125.345
7.81101 3.57805e-05 124.836
7.82593 3.57464e-05 124.335
7.84084 3.57124e-05 123.843
7.85576 3.56785e-05 123.361
7.87067 3.56447e-05 122.887
7.88559 3.5611e-05 122.423
7.9005 3.55773e-05 121.97
7.91542 3.55438e-05 121.526
7.93033 3.55104e-05 121.093
7.94525 3.5477e-05 120.671
7.96016 3.54438e-05 120.26
7.97508 3.54106e-05 119.861
7.98999 3.53776e-05 119.474
8.0049 3.53446e-05 119.1
8.01982 3.53117e-05 118.738
8.03473 3.52789e-05 118.39
8.04965 3.52463e-05 118.056
8.06456 3.52137e-05 117.737
8.07948 3.51811e-05 117.433
8.09439 3.51487e-05 117.145
8.10931 3.51164e-05 116.874
8.12422 3.50842e-05 116.62
8.13914 3.5052e-05 116.384
8.15405 3.50199e-05 116.166
8.16897 3.4988e-05 115.969
8.18388 3.49561e-05 115.792
8.1988 3.49243e-05 115.637
8.21371 3.48926e-05 115.504
8.22863 3.4861e-05 115.395
8.24354 3.48294e-05 115.31
8.25846 3.4798e-05 115.252
8.27337 3.47666e-05 115.221
8.28829 3.47353e-05 115.218
8.3032 3.47042e-05 115.246
8.31812 3.46731e-05 115.305
8.33303 3.4642e-05 115.397
8.34795 3.46111e-05 115.524
8.36286 3.45803e-05 115.687
8.37778 3.45495e-05 115.889
8.39269 3.45188e-05 116.131
8.40761 3.44882e-05 116.416
8.42252 3.44577e-05 116.745
8.43744 3.44273e-05 117.122
8.45235 3.4397e-05 117.548
8.46727 3.43667e-05 118.026
8.48218 3.43365e-05 118.558
8.4971 3.43064e-05 119.149
8.51201 3.42764e-05 119.8
8.52693 3.42465e-05 120.516
8.54184 3.42167e-05 121.299
8.55676 3.41869e-05 122.153
8.57167 3.41573e-05 123.083
8.58659 3.41277e-05 124.091
8.6015 3.40982e-05 125.182
8.61642 3.40688e-05 126.362
8.63133 3.40395e-05 127.633
8.64625 3.40103e-05 129.003
8.66116 3.39812e-05 130.475
8.67608 3.39521e-05 132.056
8.69099 3.39232e-05 133.751
8.70591 3.38943e-05 135.566
8.72082 3.38656e-05 137.509
8.73574 3.38369e-05 139.586
8.75065 3.38084e-05 141.804
8.76557 3.37799e-05 144.171
8.78048 3.37516e-05 146.696
8.7954 3.37233e-05 149.386
8.81031 3.36952e-05 152.251
8.82523 3.36672e-05 155.301
8.84014 3.36393e-05 158.544
8.85506 3.36115e-05 161.993
8.86997 3.35838e-05 165.658
8.88488 3.35516e-05 169.54
8.8998 3.33967e-05 173.335
8.91471 3.36597e-05 163.5
8.92963 3.33826e-05 171.168
8.94454 3.35422e-05 168.871
8.95946 3.31629e-05 177.546
8.97437 3.3685e-05 162.803
8.98929 3.31566e-05 175.594
9.0042 3.35574e-05 168.014
9.01912 3.28825e-05 182.161
9.03403 3.37627e-05 162.352
9.04895 3.28835e-05 180.767
9.06386 3.36261e-05 166.931
9.07878 3.25428e-05 187.085
9.09369 3.39065e-05 162.288
9.10861 3.25465e-05 186.766
9.12352 3.37654e-05 165.592
9.13844 3.2131e-05 192.2
9.15335 3.41293e-05 162.761
9.16827 3.21255e-05 193.66
9.18318 3.39957e-05 163.995
9.1981 3.16376e-05 197.394
9.21301 3.44398e-05 163.876
9.22793 3.15976e-05 201.462
9.24284 3.43386e-05 162.217
9.25776 3.10733e-05 202.665
9.27267 3.48241e-05 165.538
9.28759 3.09283e-05 209.927
9.3025 3.48572e-05 160.716
9.31742 3.04898e-05 208.522
9.33233 3.52146e-05 166.912
9.34725 3.02399e-05 218.576
9.36216 3.53637e-05 170.384
9.37708 2.99099e-05 215.383
9.39199 3.50552e-05 172.331
9.40691 3.03901e-05 218.448
9.42182 3.50217e-05 177.542
9.43674 3.01708e-05 213.038
9.45165 3.47501e-05 178.759
9.46657 3.04599e-05 216.866
9.48148 3.45842e-05 184.153
9.4964 3.04842e-05 212.365
9.51131 3.43192e-05 185.786
9.52623 3.06916e-05 215.206
9.54114 3.40707e-05 190.683
9.55606 3.08433e-05 212.304
9.57097 3.37912e-05 192.969
9.58589 3.10333e-05 214.002
9.6008 3.34978e-05 197.299
9.61572 3.12412e-05 212.419
9.63063 3.32028e-05 200.106
9.64555 3.14347e-05 213.289
9.66046 3.28918e-05 203.992
9.67538 3.16551e-05 212.538
9.69029 3.25843e-05 207.078
9.70521 3.18345e-05 212.897
9.72012 3.22662e-05 210.613
9.73504 3.22756e-05 211.681
9.74995 3.22093e-05 214.162
9.76486 3.21484e-05 217.371
9.77978 3.21011e-05 220.996
9.79469 3.20634e-05 224.865
9.80961 3.20313e-05 228.878
9.82452 3.20021e-05 232.971
9.83944 3.19745e-05 237.108
9.85435 3.19475e-05 241.262
9.86927 3.19208e-05 245.416
9.88418 3.18939e-05 249.557
9.8991 3.18669e-05 253.675
9.91401 3.18395e-05 257.763
9.92893 3.18118e-05 261.814
9.94384 3.17836e-05 265.819
9.95876 3.17552e-05 269.775
9.97367 3.17263e-05 273.674
9.98859 3.16972e-05 277.512
10.0035 3.16678e-05 281.284
10.0184 3.16381e-05 284.985
10.0333 3.16083e-05 288.61
10.0482 3.15783e-05 292.156
10.0632 3.15483e-05 295.618
10.0781 3.15182e-05 298.994
10.093 3.14882e-05 302.28
10.1079 3.14582e-05 305.475
10.1228 3.14284e-05 308.574
10.1377 3.13988e-05 311.577
10.1527 3.13694e-05 314.482
10.1676 3.13402e-05 317.288
10.1825 3.13114e-05 319.993
10.1974 3.1283e-05 322.598
10.2123 3.12549e-05 325.101
10.2272 3.12272e-05 327.504
10.2421 3.11999e-05 329.806
10.2571 3.11731e-05 332.007
10.272 3.11467e-05 334.109
10.2869 3.11207e-05 336.113
10.3018 3.10952e-05 338.02
10.3167 3.10701e-05 339.831
10.3316 3.10455e-05 341.547
10.3465 3.10212e-05 343.172
10.3615 3.09974e-05 344.705
10.3764 3.0974e-05 346.151
10.3913 3.0951e-05 347.51
10.4062 3.09283e-05 348.784
10.4211 3.09059e-05 349.977
10.436 3.08839e-05 351.09
10.451 3.08622e-05 352.126
10.4659 3.08407e-05 353.087
10.4808 3.08195e-05 353.975
10.4957 3.07985e-05 354.793
10.5106 3.07777e-05 355.544
10.5255 3.07572e-05 356.23
10.5404 3.07368e-05 356.853
10.5554 3.07165e-05 357.416
10.5703 3.06964e-05 357.92
10.5852 3.06764e-05 358.369
10.6001 3.06565e-05 358.765
10.615 3.06367e-05 359.11
10.6299 3.0617e-05 359.406
10.6448 3.05973e-05 359.656
10.6598 3.05777e-05 359.861
10.6747 3.05582e-05 360.023
10.6896 3.05387e-05 360.145
10.7045 3.05192e-05 360.228
10.7194 3.04997e-05 360.275
10.7343 3.04803e-05 360.287
10.7492 3.04608e-05 360.266
10.7642 3.04414e-05 360.213
10.7791 3.0422e-05 360.13
10.794 3.04025e-05 360.019
10.8089 3.03831e-05 359.882
10.8238 3.03637e-05 359.719
10.8387 3.03443e-05 359.532
10.8537 3.03248e-05 359.323
10.8686 3.03054e-05 359.092
10.8835 3.02859e-05 358.841
10.8984 3.02664e-05 358.57
10.9133 3.0247e-05 358.282
10.9282 3.02275e-05 357.978
10.9431 3.0208e-05 357.657
10.9581 3.01885e-05 357.321
10.973 3.0169e-05 356.971
10.9879 3.01495e-05 356.608
11.0028 3.013e-05 356.233
11.0177 3.01105e-05 355.846
11.0326 3.0091e-05 355.449
11.0475 3.00715e-05 355.041
11.0625 3.0052e-05 354.624
11.0774 3.00325e-05 354.197
11.0923 3.0013e-05 353.763
11.1072 2.99935e-05 353.321
11.1221 2.9974e-05 352.871
11.137 2.99545e-05 352.415
11.152 2.99351e-05 351.953
11.1669 2.99156e-05 351.485
11.1818 2.98962e-05 351.011
11.1967 2.98767e-05 350.533
11.2116 2.98573e-05 350.05
11.2265 2.98379e-05 349.563
11.2414 2.98185e-05 349.072
11.2564 2.97991e-05 348.578
11.2713 2.97798e-05 348.08
11.2862 2.97605e-05 347.579
11.3011 2.97411e-05 347.075
11.316 2.97218e-05 346.569
11.3309 2.97026e-05 346.061
11.3458 2.96833e-05 345.551
11.3608 2.96641e-05 345.039
11.3757 2.96449e-05 344.526
11.3906 2.96257e-05 344.01
11.4055 2.96066e-05 343.494
11.4204 2.95874e-05 342.977
11.4353 2.95683e-05 342.459
11.4503 2.95492e-05 341.94
11.4652 2.95302e-05 341.42
11.4801 2.95112e-05 340.9
11.495 2.94922e-05 340.379
11.5099 2.94732e-05 339.858
11.5248 2.94543e-05 339.337
11.5397 2.94354e-05 338.816
11.5547 2.94165e-05 338.295
11.5696 2.93976e-05 337.774
11.5845 2.93788e-05 337.253
11.5994 2.936e-05 336.732
11.6143 2.93413e-05 336.212
11.6292 2.93225e-05 335.692
11.6441 2.93038e-05 335.172
11.6591 2.92852e-05 334.653
11.674 2.92665e-05 334.135
11.6889 2.92479e-05 333.617
11.7038 2.92294e-05 333.1
11.7187 2.92108e-05 332.584
11.7336 2.91923e-05 332.068
11.7485 2.91738e-05 331.553
11.7635 2.91554e-05 331.039
11.7784 2.9137e-05 330.526
11.7933 2.91186e-05 330.014
11.8082 2.91002e-05 329.502
11.8231 2.90819e-05 328.992
11.838 2.90636e-05 328.482
11.853 2.90454e-05 327.974
11.8679 2.90272e-05 327.467
11.8828 2.9009e-05 326.96
11.8977 2.89908e-05 326.455
11.9126 2.89727e-05 325.951
11.9275 2.89546e-05 325.448
11.9424 2.89365e-05 324.946
11.9574 2.89185e-05 324.445
11.9723 2.89005e-05 323.945
11.9872 2.88826e-05 323.446
12.0021 2.88646e-05 322.949
12.017 2.88467e-05 322.453
12.0319 2.88289e-05 321.957
12.0468 2.8811e-05 321.463
12.0618 2.87932e-05 320.971
12.0767 2.87755e-05 320.479
12.0916 2.87577e-05 319.989
12.1065 2.874e-05 319.5
12.1214 2.87223e-05 319.012
12.1363 2.87047e-05 318.525
12.1513 2.86871e-05 318.039
12.1662 2.86695e-05 317.555
12.1811 2.8652e-05 317.072
12.196 2.86344e-05 316.59
12.2109 2.8617e-05 316.109
12.2258 2.85995e-05 315.63
12.2407 2.85821e-05 315.152
12.2557 2.85647e-05 314.675
12.2706 2.85473e-05 314.199
12.2855 2.853e-05 313.725
12.3004 2.85127e-05 313.251
12.3153 2.84955e-05 312.779
12.3302 2.84782e-05 312.309
12.3451 2.8461e-05 311.839
12.3601 2.84438e-05 311.371
12.375 2.84267e-05 310.903
12.3899 2.84096e-05 310.437
12.4048 2.83925e-05 309.973
12.4197 2.83755e-05 309.509
12.4346 2.83584e-05 309.047
12.4495 2.83415e-05 308.586
12.4645 2.83245e-05 308.126
12.4794 2.83076e-05 307.667
12.4943 2.82907e-05 307.21
12.5092 2.82738e-05 306.754
12.5241 2.8257e-05 306.298
12.539 2.82402e-05 305.845
12.554 2.82234e-05 305.392
12.5689 2.82066e-05 304.94
12.5838 2.81899e-05 304.49
12.5987 2.81732e-05 304.041
12.6136 2.81566e-05 303.593
12.6285 2.81399e-05 303.146
12.6434 2.81233e-05 302.701
12.6584 2.81068e-05 302.256
12.6733 2.80902e-05 301.813
12.6882 2.80737e-05 301.371
12.7031 2.80572e-05 300.93
12.718 2.80408e-05 300.49
12.7329 2.80243e-05 300.051
12.7478 2.80079e-05 299.614
12.7628 2.79916e-05 299.178
12.7777 2.79752e-05 298.742
12.7926 2.79589e-05 298.308
12.8075 2.79426e-05 297.875
12.8224 2.79264e-05 297.443
12.8373 2.79101e-05 297.013
12.8523 2.78939e-05 296.583
12.8672 2.78778e-05 296.155
12.8821 2.78616e-05 295.727
12.897 2.78455e-05 295.301
12.9119 2.78294e-05 294.876
12.9268 2.78134e-05 294.452
12.9417 2.77973e-05 294.029
12.9567 2.77813e-05 293.607
12.9716 2.77654e-05 293.186
12.9865 2.77494e-05 292.767
13.0014 2.77335e-05 292.348
13.0163 2.77176e-05 291.931
13.0312 2.77017e-05 291.514
13.0461 2.76859e-05 291.099
13.0611 2.76701e-05 290.684
13.076 2.76543e-05 290.271
13.0909 2.76385e-05 289.859
13.1058 2.76228e-05 289.448
13.1207 2.76071e-05 289.038
13.1356 2.75914e-05 288.629
13.1506 2.75758e-05 288.221
13.1655 2.75602e-05 287.814
13.1804 2.75446e-05 287.408
13.1953 2.7529e-05 287.003
13.2102 2.75134e-05 286.599
13.2251 2.74979e-05 286.196
13.24 2.74824e-05 285.795
13.255 2.7467e-05 285.394
13.2699 2.74515e-05 284.994
13.2848 2.74361e-05 284.595
13.2997 2.74207e-05 284.198
13.3146 2.74054e-05 283.801
13.3295 2.739e-05 283.405
13.3444 2.73747e-05 283.01
13.3594 2.73594e-05 282.617
13.3743 2.73442e-05 282.224
13.3892 2.73289e-05 281.832
13.4041 2.73137e-05 281.441
13.419 2.72985e-05 281.052
13.4339 2.72834e-05 280.663
13.4488 2.72682e-05 280.275
13.4638 2.72531e-05 279.888
13.4787 2.72381e-05 279.502
13.4936 2.7223e-05 279.117
13.5085 2.7208e-05 278.733
13.5234 2.7193e-05 278.35
13.5383 2.7178e-05 277.968
13.5533 2.7163e-05 277.587
13.5682 2.71481e-05 277.207
13.5831 2.71332e-05 276.827
13.598 2.71183e-05 276.449
13.6129 2.71034e-05 276.072
13.6278 2.70886e-05 275.695
13.6427 2.70738e-05 275.32
13.6577 2.7059e-05 274.945
13.6726 2.70442e-05 274.571
13.6875 2.70295e-05 274.199
13.7024 2.70148e-05 273.827
13.7173 2.70001e-05 273.456
13.7322 2.69854e-05 273.086
13.7471 2.69708e-05 272.717
13.7621 2.69562e-05 272.348
13.777 2.69416e-05 271.981
13.7919 2.6927e-05 271.615
13.8068 2.69124e-05 271.249
13.8217 2.68979e-05 270.885
13.8366 2.68834e-05 270.521
13.8516 2.68689e-05 270.158
13.8665 2.68545e-05 269.796
13.8814 2.68401e-05 269.435
13.8963 2.68257e-05 269.075
13.9112 2.68113e-05 268.715
13.9261 2.67969e-05 268.357
13.941 2.67826e-05 267.999
13.956 2.67683e-05 267.642
13.9709 2.6754e-05 267.286
13.9858 2.67397e-05 266.931
14.0007 2.67254e-05 266.577
14.0156 2.67112e-05 266.224
14.0305 2.6697e-05 265.871
14.0454 2.66828e-05 265.52
14.0604 2.66687e-05 265.169
14.0753 2.66546e-05 264.819
14.0902 2.66404e-05 264.47
14.1051 2.66264e-05 264.121
14.12 2.66123e-05 263.774
14.1349 2.65982e-05 263.427
14.1498 2.65842e-05 263.081
14.1648 2.65702e-05 262.736
14.1797 2.65562e-05 262.392
14.1946 2.65423e-05 262.049
14.2095 2.65284e-05 261.706
14.2244 2.65144e-05 261.364
14.2393 2.65006e-05 261.024
14.2543 2.64867e-05 260.683
14.2692 2.64728e-05 260.344
14.2841 2.6459e-05 260.006
14.299 2.64452e-05 259.668
14.3139 2.64314e-05 259.331
14.3288 2.64177e-05 258.995
14.3437 2.64039e-05 258.659
14.3587 2.63902e-05 258.325
14.3736 2.63765e-05 257.991
14.3885 2.63628e-05 257.658
14.4034 2.63492e-05 257.326
14.4183 2.63356e-05 256.994
14.4332 2.63219e-05 256.664
14.4481 2.63084e-05 256.334
14.4631 2.62948e-05 256.004
14.478 2.62812e-05 255.676
14.4929 2.62677e-05 255.348
14.5078 2.62542e-05 255.022
14.5227 2.62407e-05 254.695
14.5376 2.62273e-05 254.37
14.5526 2.62138e-05 254.045
14.5675 2.62004e-05 253.722
14.5824 2.6187e-05 253.399
14.5973 2.61736e-05 253.076
14.6122 2.61602e-05 252.755
14.6271 2.61469e-05 252.434
14.642 2.61336e-05 252.114
14.657 2.61203e-05 251.794
14.6719 2.6107e-05 251.475
14.6868 2.60937e-05 251.158
14.7017 2.60805e-05 250.84
14.7166 2.60673e-05 250.524
14.7315 2.60541e-05 250.208
14.7464 2.60409e-05 249.893
14.7614 2.60278e-05 249.579
14.7763 2.60147e-05 249.265
14.7912 2.60016e-05 248.953
14.8061 2.59886e-05 248.641
14.821 2.59757e-05 248.331
14.8359 2.59629e-05 248.022
14.8509 2.59505e-05 247.716
14.8658 2.59383e-05 247.412
14.8807 2.59267e-05 247.113
14.8956 2.59158e-05 246.819
14.9105 2.59056e-05 246.533
14.9254 2.58964e-05 246.254
14.9403 2.58881e-05 245.983
14.9553 2.58807e-05 245.721
14.9702 2.58739e-05 245.468
14.9851 2.58677e-05 245.22
15 2.58616e-05 244.977
