0.1 0.00037292 12914.1
0.114915 0.00020146 42268.2
0.12983 0.000299794 28341.8
0.144745 0.000256941 28111.8
0.15966 0.000251749 25626.5
0.174575 0.000239355 24008.8
0.189489 0.000229871 22504.6
0.204404 0.000221322 21246.2
0.219319 0.000213646 20118.5
0.234234 0.000206718 19132.1
0.249149 0.000200435 18247.1
0.264064 0.000194681 17453.6
0.278979 0.000189402 16735.9
0.293894 0.000184528 16083.5
0.308809 0.000180013 15487.5
0.323724 0.000175814 14940.6
0.338639 0.000171895 14436.8
0.353554 0.000168228 13970.9
0.368468 0.000164786 13538.6
0.383383 0.000161546 13136.3
0.398298 0.000158491 12760.8
0.413213 0.000155602 12409.5
0.428128 0.000152866 12079.9
0.443043 0.000150267 11769.9
0.457958 0.000147784 11477.3
0.472873 0.000145361 11198.2
0.487788 0.000142808 10922.4
0.502703 0.000139497 10619
0.517618 0.00013372 10205.8
0.532533 0.000121817 9505.18
0.547447 0.000116097 6872.56
0.562362 0.00012775 2976.77
0.577277 0.000178861 997.74
0.592192 0.000112157 3496.28
0.607107 0.000151047 931.988
0.622022 0.000106369 3229.4
0.636937 0.000145446 886.68
0.651852 0.00010358 3053.04
0.666767 0.00014224 861.128
0.681682 0.000100758 2917.06
0.696597 0.000139579 836.491
0.711512 9.81098e-05 2790.78
0.726426 0.000137134 833.684
0.741341 9.56517e-05 2708.13
0.756256 0.000134851 831.563
0.771171 9.33435e-05 2631.87
0.786086 0.000132619 832.693
0.801001 9.11929e-05 2565.69
0.815916 0.000130495 834.486
0.830831 8.92318e-05 2505.48
0.845746 0.000128455 837.129
0.860661 8.73848e-05 2450.14
0.875576 0.000126522 840.425
0.89049 8.56436e-05 2398.99
0.905405 0.000124699 844.171
0.92032 8.39194e-05 2350.25
0.935235 0.000123001 849.021
0.95015 8.22225e-05 2304.78
0.965065 0.000121419 854.18
0.97998 8.06105e-05 2262.11
0.994895 0.000119901 859.432
1.00981 7.90841e-05 2221.85
1.02472 0.000118438 864.75
1.03964 7.764e-05 2183.81
1.05455 0.00011702 870.017
1.06947 7.62735e-05 2147.72
1.08438 0.000115644 875.26
1.0993 7.49818e-05 2113.49
1.11421 0.000114306 880.36
1.12913 7.37602e-05 2080.85
1.14404 0.000113002 885.383
1.15896 7.26055e-05 2049.81
1.17387 0.000111729 890.209
1.18879 7.15137e-05 2020.1
1.2037 0.000110486 894.927
1.21862 7.04814e-05 1991.77
1.23353 0.00010927 899.419
1.24845 6.95051e-05 1964.59
1.26336 0.000108078 903.784
1.27828 6.85818e-05 1938.59
1.29319 0.000106911 907.909
1.30811 6.77083e-05 1913.59
1.32302 0.000105766 911.899
1.33794 6.68816e-05 1889.63
1.35285 0.000104643 915.645
1.36777 6.60992e-05 1866.54
1.38268 0.00010354 919.252
1.3976 6.53582e-05 1844.37
1.41251 0.000102457 922.62
1.42743 6.46564e-05 1822.96
1.44234 0.000101393 925.85
1.45726 6.39912e-05 1802.37
1.47217 0.000100348 928.851
1.48709 6.33607e-05 1782.46
1.502 9.93194e-05 931.715
1.51692 6.27625e-05 1763.26
1.53183 9.83084e-05 934.364
1.54675 6.21952e-05 1744.67
1.56166 9.73136e-05 936.878
1.57658 6.16567e-05 1726.71
1.59149 9.63344e-05 939.191
1.60641 6.11457e-05 1709.28
1.62132 9.53692e-05 941.368
1.63624 6.06608e-05 1692.38
1.65115 9.44166e-05 943.352
1.66607 6.02016e-05 1675.92
1.68098 9.34728e-05 945.184
1.6959 5.97674e-05 1659.85
1.71081 9.25331e-05 946.811
1.72573 5.93597e-05 1644.03
1.74064 9.1588e-05 948.233
1.75556 5.89808e-05 1628.29
1.77047 9.06225e-05 949.371
1.78539 5.86373e-05 1612.29
1.8003 8.96106e-05 950.14
1.81522 5.83423e-05 1595.53
1.83013 8.85131e-05 950.365
1.84505 5.81249e-05 1577.19
1.85996 8.72734e-05 949.76
1.87487 5.80469e-05 1556.04
1.88979 8.58249e-05 947.876
1.9047 5.82377e-05 1530.48
1.91962 8.41012e-05 943.926
1.93453 5.8935e-05 1498.4
1.94945 8.20372e-05 936.811
1.96436 6.04663e-05 1456.76
1.97928 7.95467e-05 926.018
1.99419 6.29886e-05 1400.15
2.00911 7.66294e-05 916.008
2.02402 6.5966e-05 1322.22
2.03894 7.36573e-05 919.481
2.05385 6.82493e-05 1224.48
2.06877 7.1261e-05 947.42
2.08368 6.92145e-05 1118.35
2.0986 6.97012e-05 998.159
2.11351 6.88645e-05 1012.13
2.12843 6.88508e-05 956.389
2.14334 6.86503e-05 871.175
2.15826 6.83559e-05 779.25
2.17317 6.80475e-05 691.827
2.18809 6.77527e-05 613.567
2.203 6.74764e-05 545.818
2.21792 6.72165e-05 488.389
2.23283 6.69695e-05 440.425
2.24775 6.6732e-05 400.83
2.26266 6.65017e-05 368.452
2.27758 6.62769e-05 342.184
2.29249 6.60564e-05 321.002
2.30741 6.58395e-05 303.991
2.32232 6.56257e-05 290.355
2.33724 6.54145e-05 279.414
2.35215 6.52057e-05 270.603
2.36707 6.49992e-05 263.457
2.38198 6.47949e-05 257.604
2.3969 6.45926e-05 252.746
2.41181 6.43923e-05 248.651
2.42673 6.41939e-05 245.14
2.44164 6.39974e-05 242.074
2.45656 6.38027e-05 239.347
2.47147 6.36098e-05 236.879
2.48639 6.34186e-05 234.61
2.5013 6.32292e-05 232.494
2.51622 6.30415e-05 230.498
2.53113 6.28555e-05 228.596
2.54605 6.26711e-05 226.769
2.56096 6.24883e-05 225.003
2.57588 6.23071e-05 223.288
2.59079 6.21275e-05 221.615
2.60571 6.19494e-05 219.979
2.62062 6.17729e-05 218.375
2.63554 6.15979e-05 216.799
2.65045 6.14243e-05 215.25
2.66537 6.12522e-05 213.724
2.68028 6.10815e-05 212.221
2.6952 6.09123e-05 210.74
2.71011 6.07479e-05 209.284
2.72503 6.05728e-05 212.181
2.73994 6.04184e-05 208.562
2.75485 6.02426e-05 211.824
2.76977 6.00953e-05 206.982
2.78468 5.99153e-05 212.793
2.7996 5.97767e-05 206.069
2.81451 5.9595e-05 212.772
2.82943 5.94638e-05 204.7
2.84434 5.92783e-05 213.479
2.85926 5.91554e-05 203.7
2.87417 5.89675e-05 213.64
2.88909 5.88522e-05 202.46
2.904 5.86607e-05 214.2
2.91892 5.85534e-05 201.428
2.93383 5.83591e-05 214.458
2.94875 5.82595e-05 200.274
2.96366 5.80616e-05 214.934
2.97858 5.79699e-05 199.24
2.99349 5.77688e-05 215.242
3.00841 5.76847e-05 198.147
3.02332 5.748e-05 215.669
3.03824 5.74038e-05 197.126
3.05315 5.71957e-05 216.003
3.06807 5.71271e-05 196.079
3.08298 5.69152e-05 216.4
3.0979 5.68544e-05 195.078
3.11281 5.66389e-05 216.745
3.12773 5.65857e-05 194.069
3.14264 5.63663e-05 217.123
3.15756 5.63208e-05 193.092
3.17247 5.60976e-05 217.471
3.18739 5.60598e-05 192.117
3.2023 5.58326e-05 217.837
3.21722 5.58024e-05 191.164
3.23213 5.55712e-05 218.185
3.24705 5.55486e-05 190.219
3.26196 5.53134e-05 218.54
3.27688 5.52984e-05 189.292
3.29179 5.5059e-05 218.885
3.30671 5.50516e-05 188.374
3.32162 5.4808e-05 219.233
3.33654 5.48082e-05 187.471
3.35145 5.45603e-05 219.574
3.36637 5.45681e-05 186.579
3.38128 5.43158e-05 219.916
3.3962 5.43312e-05 185.701
3.41111 5.40745e-05 220.253
3.42603 5.40974e-05 184.833
3.44094 5.38363e-05 220.588
3.45586 5.38668e-05 183.977
3.47077 5.36011e-05 220.92
3.48569 5.36391e-05 183.133
3.5006 5.33689e-05 221.251
3.51552 5.34145e-05 182.299
3.53043 5.31396e-05 221.578
3.54535 5.31927e-05 181.477
3.56026 5.29131e-05 221.903
3.57518 5.29737e-05 180.665
3.59009 5.26894e-05 222.225
3.60501 5.27575e-05 179.863
3.61992 5.24684e-05 222.545
3.63483 5.25441e-05 179.072
3.64975 5.22501e-05 222.863
3.66466 5.23333e-05 178.291
3.67958 5.20343e-05 223.179
3.69449 5.21251e-05 177.519
3.70941 5.18212e-05 223.492
3.72432 5.19194e-05 176.757
3.73924 5.16105e-05 223.803
3.75415 5.17163e-05 176.004
3.76907 5.14023e-05 224.111
3.78398 5.15156e-05 175.261
3.7989 5.11966e-05 224.418
3.81381 5.13173e-05 174.526
3.82873 5.09931e-05 224.722
3.84364 5.11214e-05 173.8
3.85856 5.0792e-05 225.024
3.87347 5.09278e-05 173.083
3.88839 5.05932e-05 225.324
3.9033 5.07365e-05 172.375
3.91822 5.03966e-05 225.622
3.93313 5.05474e-05 171.674
3.94805 5.02021e-05 225.918
3.96296 5.03605e-05 170.982
3.97788 5.00099e-05 226.212
3.99279 5.01757e-05 170.298
4.00771 4.98197e-05 226.504
4.02262 5.00031e-05 169.638
4.03754 4.96152e-05 235.454
4.05245 4.98077e-05 172.131
4.06737 4.94611e-05 220.866
4.08228 4.96346e-05 165.981
4.0972 4.92546e-05 229.526
4.11211 4.94618e-05 168.437
4.12703 4.90739e-05 231.008
4.14194 4.92857e-05 168.22
4.15686 4.88972e-05 229.746
4.17177 4.91094e-05 167.009
4.18669 4.87232e-05 227.486
4.2016 4.89343e-05 165.448
4.21652 4.85514e-05 224.891
4.23143 4.87607e-05 163.777
4.24635 4.83814e-05 222.205
4.26126 4.85888e-05 162.083
4.27618 4.82133e-05 219.519
4.29109 4.84187e-05 160.4
4.30601 4.8047e-05 216.865
4.32092 4.82503e-05 158.74
4.33584 4.78824e-05 214.254
4.35075 4.80837e-05 157.105
4.36567 4.77194e-05 211.69
4.38058 4.79188e-05 155.498
4.3955 4.75624e-05 209.182
4.41041 4.77513e-05 157.285
4.42533 4.73958e-05 210.077
4.44024 4.75967e-05 153.602
4.45516 4.72509e-05 205.544
4.47007 4.74235e-05 160.09
4.48498 4.70764e-05 211.093
4.4999 4.72832e-05 152.696
4.51481 4.6943e-05 202.949
4.52973 4.71047e-05 161.795
4.54464 4.67643e-05 211.018
4.55956 4.69751e-05 151.42
4.57447 4.66425e-05 200.04
4.58939 4.67907e-05 163.96
4.6043 4.64579e-05 211.391
4.61922 4.66734e-05 150.329
4.63413 4.63476e-05 197.365
4.64905 4.64829e-05 165.93
4.66396 4.61576e-05 211.574
4.67888 4.63774e-05 149.196
4.69379 4.60587e-05 194.697
4.70871 4.61806e-05 167.98
4.72362 4.5863e-05 211.832
4.73854 4.60871e-05 148.112
4.75345 4.57753e-05 192.125
4.76837 4.58837e-05 169.994
4.78328 4.55739e-05 212.054
4.7982 4.58022e-05 147.038
4.81311 4.54974e-05 189.608
4.82803 4.55727e-05 171.984
4.84294 4.53492e-05 198.301
4.85786 4.54823e-05 160.31
4.87277 4.51828e-05 200.659
4.88769 4.53504e-05 156.915
4.9026 4.5055e-05 196.735
4.91752 4.52021e-05 160.978
4.93243 4.491e-05 199.761
4.94735 4.5075e-05 156.773
4.96226 4.47869e-05 195.126
4.97718 4.49268e-05 161.734
4.99209 4.46419e-05 198.962
5.00701 4.48047e-05 156.533
5.02192 4.45239e-05 193.458
5.03684 4.46559e-05 162.598
5.05175 4.43783e-05 198.28
5.06667 4.45396e-05 156.175
5.08158 4.4266e-05 191.713
5.0965 4.43893e-05 163.595
5.11141 4.4119e-05 197.733
5.12633 4.42794e-05 155.676
5.14124 4.40132e-05 189.871
5.15616 4.41266e-05 164.759
5.17107 4.38638e-05 197.348
5.18599 4.40243e-05 155.004
5.2009 4.37654e-05 187.907
5.21582 4.38677e-05 166.13
5.23073 4.36124e-05 197.155
5.24565 4.37742e-05 154.125
5.26056 4.35226e-05 185.79
5.27548 4.36123e-05 167.757
5.29039 4.33646e-05 197.192
5.30531 4.35292e-05 152.998
5.32022 4.3285e-05 183.486
5.33514 4.336e-05 169.704
5.35005 4.312e-05 197.508
5.36496 4.32893e-05 151.574
5.37988 4.30525e-05 180.954
5.39479 4.30922e-05 172.013
5.40971 4.29376e-05 185.045
5.42462 4.30111e-05 165.854
5.43954 4.27818e-05 192.176
5.45445 4.29132e-05 156.238
5.46937 4.2687e-05 183.184
5.48428 4.2771e-05 167.222
5.4992 4.25494e-05 192.048
5.51411 4.26805e-05 155.333
5.52903 4.24617e-05 181.166
5.54394 4.2534e-05 168.857
5.55886 4.23203e-05 192.15
5.57377 4.24523e-05 154.169
5.58869 4.22408e-05 178.955
5.6036 4.22971e-05 170.821
5.61852 4.21037e-05 182.54
5.63343 4.2221e-05 165.344
5.64835 4.20175e-05 187.341
5.66326 4.20708e-05 158.45
5.67818 4.18987e-05 180.841
5.69309 4.19845e-05 166.543
5.70801 4.1789e-05 187.105
5.72292 4.18632e-05 157.735
5.73784 4.16896e-05 179.074
5.75275 4.17522e-05 167.882
5.76767 4.15684e-05 187.001
5.78258 4.16543e-05 156.859
5.7975 4.14824e-05 177.195
5.81241 4.1525e-05 169.43
5.82733 4.1357e-05 187.087
5.84224 4.14443e-05 155.753
5.85716 4.12693e-05 175.129
5.87207 4.13107e-05 171.327
5.88699 4.11584e-05 176.557
5.9019 4.12229e-05 168.755
5.91682 4.10579e-05 184.791
5.93173 4.11073e-05 157.111
5.94665 4.09613e-05 174.615
5.96156 4.10027e-05 170.468
5.97648 4.08556e-05 176.233
5.99139 4.09024e-05 167.61
6.00631 4.07611e-05 182.154
6.02122 4.07926e-05 159.012
6.03614 4.06614e-05 174.567
6.05105 4.06933e-05 168.946
6.06597 4.05627e-05 182.116
6.08088 4.05905e-05 158.08
6.0958 4.0466e-05 172.742
6.11071 4.04901e-05 170.566
6.12563 4.03658e-05 173.409
6.14054 4.03914e-05 169.067
6.15546 4.02745e-05 180.57
6.17037 4.02847e-05 158.633
6.18529 4.01852e-05 171.65
6.2002 4.01805e-05 170.6
6.21512 4.0096e-05 171.838
6.23003 4.00746e-05 169.789
6.24494 4.0007e-05 179.567
6.25986 3.99787e-05 158.492
6.27477 3.99154e-05 170.039
6.28969 3.98705e-05 171.431
6.3046 3.98329e-05 169.121
6.31952 3.97755e-05 177.725
6.33443 3.97318e-05 159.746
6.34935 3.96902e-05 169.808
6.36426 3.96343e-05 177.478
6.37918 3.95941e-05 159.38
6.39409 3.95506e-05 168.772
6.40901 3.94966e-05 175.896
6.42392 3.94553e-05 160.825
6.43884 3.94123e-05 169.176
6.45375 3.93596e-05 175.447
6.46867 3.93187e-05 160.742
6.48358 3.9276e-05 168.38
6.4985 3.92244e-05 174.075
6.51341 3.91832e-05 161.942
6.52833 3.91407e-05 168.593
6.54324 3.90903e-05 173.495
6.55816 3.90494e-05 162.059
6.57307 3.9007e-05 167.965
6.58799 3.89578e-05 172.276
6.6029 3.89167e-05 163.084
6.61782 3.88745e-05 168.046
6.63273 3.88265e-05 171.611
6.64765 3.87856e-05 163.34
6.66256 3.87435e-05 167.536
6.67748 3.86966e-05 170.504
6.69239 3.86556e-05 164.241
6.70731 3.86151e-05 167.528
6.72222 3.85684e-05 169.79
6.73714 3.85214e-05 171.258
6.75205 3.84856e-05 162.26
6.76697 3.84458e-05 165.099
6.78188 3.84011e-05 167.024
6.7968 3.83561e-05 168.244
6.81171 3.83143e-05 168.933
6.82663 3.82727e-05 169.221
6.84154 3.82311e-05 169.207
6.85646 3.81896e-05 168.967
6.87137 3.81483e-05 168.559
6.88629 3.8107e-05 168.027
6.9012 3.80659e-05 167.403
6.91612 3.80248e-05 166.714
6.93103 3.79839e-05 165.976
6.94595 3.79432e-05 165.204
6.96086 3.79025e-05 164.409
6.97578 3.7862e-05 163.597
6.99069 3.78216e-05 162.776
7.00561 3.77813e-05 161.948
7.02052 3.77412e-05 161.118
7.03544 3.77011e-05 160.287
7.05035 3.76612e-05 159.457
7.06527 3.76215e-05 158.631
7.08018 3.75818e-05 157.808
7.0951 3.75423e-05 156.989
7.11001 3.75029e-05 156.175
7.12492 3.74636e-05 155.366
7.13984 3.74245e-05 154.563
7.15475 3.73855e-05 153.766
7.16967 3.73465e-05 152.974
7.18458 3.73078e-05 152.188
7.1995 3.72691e-05 151.409
7.21441 3.72306e-05 150.635
7.22933 3.71921e-05 149.867
7.24424 3.71538e-05 149.106
7.25916 3.71156e-05 148.351
7.27407 3.70776e-05 147.601
7.28899 3.70396e-05 146.858
7.3039 3.70018e-05 146.121
7.31882 3.69641e-05 145.39
7.33373 3.69264e-05 144.665
7.34865 3.6889e-05 143.946
7.36356 3.68516e-05 143.233
7.37848 3.68143e-05 142.527
7.39339 3.67772e-05 141.826
7.40831 3.67401e-05 141.131
7.42322 3.67032e-05 140.443
7.43814 3.66664e-05 139.761
7.45305 3.66297e-05 139.085
7.46797 3.65931e-05 138.415
7.48288 3.65566e-05 137.751
7.4978 3.65202e-05 137.093
7.51271 3.64839e-05 136.442
7.52763 3.64478e-05 135.797
7.54254 3.64117e-05 135.158
7.55746 3.63758e-05 134.526
7.57237 3.63399e-05 133.9
7.58729 3.63042e-05 133.281
7.6022 3.62686e-05 132.668
7.61712 3.6233e-05 132.062
7.63203 3.61976e-05 131.463
7.64695 3.61623e-05 130.87
7.66186 3.61271e-05 130.284
7.67678 3.6092e-05 129.706
7.69169 3.6057e-05 129.134
7.70661 3.60221e-05 128.57
7.72152 3.59873e-05 128.013
7.73644 3.59526e-05 127.464
7.75135 3.5918e-05 126.922
7.76627 3.58834e-05 126.388
7.78118 3.5849e-05 125.862
7.7961 3.58147e-05 125.345
7.81101 3.57805e-05 124.835
7.82593 3.57464e-05 124.335
7.84084 3.57124e-05 123.843
7.85576 3.56785e-05 123.36
7.87067 3.56447e-05 122.887
7.88559 3.56109e-05 122.423
7.9005 3.55773e-05 121.97
7.91542 3.55438e-05 121.526
7.93033 3.55103e-05 121.093
7.94525 3.5477e-05 120.671
7.96016 3.54438e-05 120.26
7.97508 3.54106e-05 119.861
7.98999 3.53775e-05 119.474
8.0049 3.53446e-05 119.099
8.01982 3.53117e-05 118.738
8.03473 3.52789e-05 118.39
8.04965 3.52462e-05 118.056
8.06456 3.52136e-05 117.737
8.07948 3.51811e-05 117.433
8.09439 3.51487e-05 117.145
8.10931 3.51163e-05 116.874
8.12422 3.50841e-05 116.619
8.13914 3.50519e-05 116.383
8.15405 3.50199e-05 116.166
8.16897 3.49879e-05 115.968
8.18388 3.4956e-05 115.792
8.1988 3.49242e-05 115.636
8.21371 3.48925e-05 115.503
8.22863 3.48609e-05 115.394
8.24354 3.48293e-05 115.31
8.25846 3.47979e-05 115.251
8.27337 3.47665e-05 115.22
8.28829 3.47352e-05 115.218
8.3032 3.4704e-05 115.245
8.31812 3.46729e-05 115.304
8.33303 3.46419e-05 115.396
8.34795 3.46109e-05 115.523
8.36286 3.45801e-05 115.686
8.37778 3.45493e-05 115.888
8.39269 3.45186e-05 116.13
8.40761 3.4488e-05 116.415
8.42252 3.44575e-05 116.744
8.43744 3.4427e-05 117.12
8.45235 3.43967e-05 117.546
8.46727 3.43664e-05 118.024
8.48218 3.43362e-05 118.557
8.4971 3.43061e-05 119.147
8.51201 3.42761e-05 119.798
8.52693 3.42461e-05 120.514
8.54184 3.42163e-05 121.297
8.55676 3.41865e-05 122.151
8.57167 3.41568e-05 123.08
8.58659 3.41272e-05 124.088
8.6015 3.40976e-05 125.179
8.61642 3.40682e-05 126.358
8.63133 3.40388e-05 127.629
8.64625 3.40096e-05 128.998
8.66116 3.39804e-05 130.47
8.67608 3.39512e-05 132.05
8.69099 3.39222e-05 133.745
8.70591 3.38933e-05 135.56
8.72082 3.38644e-05 137.502
8.73574 3.38357e-05 139.578
8.75065 3.3807e-05 141.795
8.76557 3.37784e-05 144.161
8.78048 3.37499e-05 146.685
8.7954 3.37215e-05 149.374
8.81031 3.36933e-05 152.237
8.82523 3.36651e-05 155.285
8.84014 3.3637e-05 158.527
8.85506 3.3609e-05 161.974
8.86997 3.35811e-05 165.637
8.88488 3.35515e-05 169.523
8.8998 3.34414e-05 173.438
8.91471 3.35987e-05 163.206
8.92963 3.34127e-05 171.015
8.94454 3.35039e-05 169.001
8.95946 3.32489e-05 177.879
8.97437 3.35774e-05 162.087
8.98929 3.32293e-05 175.207
9.0042 3.34729e-05 168.357
9.01912 3.30234e-05 182.831
9.03403 3.35942e-05 161.058
9.04895 3.30159e-05 180.048
9.06386 3.34772e-05 167.556
9.07878 3.27534e-05 188.218
9.09369 3.36613e-05 160.246
9.10861 3.27611e-05 185.613
9.12352 3.35289e-05 166.545
9.13844 3.24251e-05 193.915
9.15335 3.37927e-05 159.819
9.16827 3.24504e-05 191.998
9.18318 3.36433e-05 165.256
9.1981 3.20243e-05 199.747
9.21301 3.40031e-05 159.975
9.22793 3.2065e-05 199.319
9.24284 3.38367e-05 163.614
9.25776 3.15565e-05 205.563
9.27267 3.4289e-05 160.814
9.28759 3.15595e-05 207.515
9.3025 3.41758e-05 161.895
9.31742 3.1098e-05 211.767
9.33233 3.45547e-05 162.017
9.34725 3.09078e-05 216.121
9.36216 3.46688e-05 167.738
9.37708 3.05953e-05 225.836
9.39199 3.448e-05 174.988
9.40691 3.08843e-05 215.239
9.42182 3.44653e-05 174.816
9.43674 3.06824e-05 219.902
9.45165 3.42786e-05 180.36
9.46657 3.08719e-05 215.446
9.48148 3.41769e-05 182.451
9.4964 3.08241e-05 216.557
9.51131 3.39744e-05 186.649
9.52623 3.0982e-05 214.739
9.54114 3.38019e-05 189.711
9.55606 3.10402e-05 214.633
9.57097 3.35716e-05 193.381
9.58589 3.12002e-05 213.904
9.6008 3.33439e-05 196.791
9.61572 3.13288e-05 213.549
9.63063 3.30851e-05 200.274
9.64555 3.15028e-05 213.258
9.66046 3.28198e-05 203.749
9.67538 3.16721e-05 212.979
9.69029 3.25373e-05 207.14
9.70521 3.18424e-05 212.831
9.72012 3.22174e-05 210.421
9.73504 3.22017e-05 211.343
9.74995 3.21407e-05 213.764
9.76486 3.20905e-05 216.975
9.77978 3.20515e-05 220.625
9.79469 3.2019e-05 224.522
9.80961 3.19901e-05 228.557
9.82452 3.19631e-05 232.667
9.83944 3.1937e-05 236.815
9.85435 3.19113e-05 240.977
9.86927 3.18857e-05 245.137
9.88418 3.186e-05 249.283
9.8991 3.18343e-05 253.408
9.91401 3.18083e-05 257.502
9.92893 3.17821e-05 261.56
9.94384 3.17558e-05 265.575
9.95876 3.17292e-05 269.541
9.97367 3.17024e-05 273.453
9.98859 3.16754e-05 277.305
10.0035 3.16483e-05 281.093
10.0184 3.16211e-05 284.812
10.0333 3.15937e-05 288.456
10.0482 3.15663e-05 292.023
10.0632 3.15389e-05 295.507
10.0781 3.15114e-05 298.906
10.093 3.1484e-05 302.216
10.1079 3.14567e-05 305.435
10.1228 3.14294e-05 308.559
10.1377 3.14023e-05 311.587
10.1527 3.13753e-05 314.517
10.1676 3.13486e-05 317.347
10.1825 3.1322e-05 320.077
10.1974 3.12957e-05 322.705
10.2123 3.12696e-05 325.232
10.2272 3.12437e-05 327.656
10.2421 3.12182e-05 329.978
10.2571 3.11929e-05 332.199
10.272 3.11679e-05 334.32
10.2869 3.11433e-05 336.34
10.3018 3.11189e-05 338.262
10.3167 3.10948e-05 340.087
10.3316 3.1071e-05 341.816
10.3465 3.10474e-05 343.451
10.3615 3.10242e-05 344.994
10.3764 3.10012e-05 346.447
10.3913 3.09784e-05 347.812
10.4062 3.09559e-05 349.091
10.4211 3.09336e-05 350.287
10.436 3.09116e-05 351.402
10.451 3.08897e-05 352.439
10.4659 3.0868e-05 353.399
10.4808 3.08465e-05 354.286
10.4957 3.08252e-05 355.102
10.5106 3.0804e-05 355.85
10.5255 3.07829e-05 356.531
10.5404 3.0762e-05 357.15
10.5554 3.07411e-05 357.707
10.5703 3.07204e-05 358.205
10.5852 3.06998e-05 358.648
10.6001 3.06792e-05 359.037
10.615 3.06587e-05 359.375
10.6299 3.06383e-05 359.663
10.6448 3.0618e-05 359.905
10.6598 3.05976e-05 360.102
10.6747 3.05774e-05 360.256
10.6896 3.05571e-05 360.37
10.7045 3.0537e-05 360.445
10.7194 3.05168e-05 360.484
10.7343 3.04967e-05 360.488
10.7492 3.04765e-05 360.459
10.7642 3.04565e-05 360.398
10.7791 3.04364e-05 360.308
10.794 3.04163e-05 360.189
10.8089 3.03963e-05 360.044
10.8238 3.03763e-05 359.874
10.8387 3.03562e-05 359.68
10.8537 3.03362e-05 359.464
10.8686 3.03162e-05 359.226
10.8835 3.02963e-05 358.969
10.8984 3.02763e-05 358.693
10.9133 3.02563e-05 358.399
10.9282 3.02364e-05 358.088
10.9431 3.02165e-05 357.762
10.9581 3.01965e-05 357.421
10.973 3.01766e-05 357.066
10.9879 3.01567e-05 356.698
11.0028 3.01369e-05 356.318
11.0177 3.0117e-05 355.927
11.0326 3.00972e-05 355.525
11.0475 3.00773e-05 355.113
11.0625 3.00575e-05 354.692
11.0774 3.00377e-05 354.262
11.0923 3.00179e-05 353.824
11.1072 2.99982e-05 353.379
11.1221 2.99784e-05 352.926
11.137 2.99587e-05 352.467
11.152 2.9939e-05 352.002
11.1669 2.99193e-05 351.531
11.1818 2.98997e-05 351.055
11.1967 2.98801e-05 350.574
11.2116 2.98605e-05 350.089
11.2265 2.98409e-05 349.6
11.2414 2.98213e-05 349.107
11.2564 2.98018e-05 348.61
11.2713 2.97823e-05 348.111
11.2862 2.97628e-05 347.608
11.3011 2.97434e-05 347.103
11.316 2.9724e-05 346.595
11.3309 2.97046e-05 346.086
11.3458 2.96852e-05 345.574
11.3608 2.96659e-05 345.061
11.3757 2.96466e-05 344.546
11.3906 2.96273e-05 344.03
11.4055 2.9608e-05 343.512
11.4204 2.95888e-05 342.994
11.4353 2.95696e-05 342.475
11.4503 2.95505e-05 341.955
11.4652 2.95314e-05 341.434
11.4801 2.95123e-05 340.913
11.495 2.94932e-05 340.392
11.5099 2.94742e-05 339.87
11.5248 2.94552e-05 339.348
11.5397 2.94362e-05 338.827
11.5547 2.94173e-05 338.305
11.5696 2.93984e-05 337.783
11.5845 2.93796e-05 337.262
11.5994 2.93607e-05 336.74
11.6143 2.93419e-05 336.22
11.6292 2.93232e-05 335.699
11.6441 2.93044e-05 335.179
11.6591 2.92857e-05 334.66
11.674 2.92671e-05 334.141
11.6889 2.92484e-05 333.623
11.7038 2.92298e-05 333.106
11.7187 2.92113e-05 332.589
11.7336 2.91927e-05 332.073
11.7485 2.91742e-05 331.558
11.7635 2.91558e-05 331.043
11.7784 2.91373e-05 330.53
11.7933 2.91189e-05 330.018
11.8082 2.91005e-05 329.506
11.8231 2.90822e-05 328.995
11.838 2.90639e-05 328.486
11.853 2.90456e-05 327.977
11.8679 2.90274e-05 327.47
11.8828 2.90092e-05 326.963
11.8977 2.8991e-05 326.458
11.9126 2.89729e-05 325.953
11.9275 2.89548e-05 325.45
11.9424 2.89367e-05 324.948
11.9574 2.89187e-05 324.447
11.9723 2.89007e-05 323.947
11.9872 2.88827e-05 323.448
12.0021 2.88648e-05 322.951
12.017 2.88469e-05 322.454
12.0319 2.8829e-05 321.959
12.0468 2.88111e-05 321.465
12.0618 2.87933e-05 320.972
12.0767 2.87756e-05 320.48
12.0916 2.87578e-05 319.99
12.1065 2.87401e-05 319.501
12.1214 2.87224e-05 319.013
12.1363 2.87048e-05 318.526
12.1513 2.86872e-05 318.04
12.1662 2.86696e-05 317.556
12.1811 2.8652e-05 317.073
12.196 2.86345e-05 316.591
12.2109 2.8617e-05 316.11
12.2258 2.85996e-05 315.631
12.2407 2.85821e-05 315.153
12.2557 2.85648e-05 314.676
12.2706 2.85474e-05 314.2
12.2855 2.85301e-05 313.725
12.3004 2.85128e-05 313.252
12.3153 2.84955e-05 312.78
12.3302 2.84783e-05 312.309
12.3451 2.84611e-05 311.839
12.3601 2.84439e-05 311.371
12.375 2.84267e-05 310.904
12.3899 2.84096e-05 310.438
12.4048 2.83925e-05 309.973
12.4197 2.83755e-05 309.51
12.4346 2.83585e-05 309.047
12.4495 2.83415e-05 308.586
12.4645 2.83245e-05 308.126
12.4794 2.83076e-05 307.668
12.4943 2.82907e-05 307.21
12.5092 2.82738e-05 306.754
12.5241 2.8257e-05 306.299
12.539 2.82402e-05 305.845
12.554 2.82234e-05 305.392
12.5689 2.82066e-05 304.941
12.5838 2.81899e-05 304.49
12.5987 2.81732e-05 304.041
12.6136 2.81566e-05 303.593
12.6285 2.81399e-05 303.146
12.6434 2.81233e-05 302.701
12.6584 2.81068e-05 302.256
12.6733 2.80902e-05 301.813
12.6882 2.80737e-05 301.371
12.7031 2.80572e-05 300.93
12.718 2.80408e-05 300.49
12.7329 2.80243e-05 300.052
12.7478 2.80079e-05 299.614
12.7628 2.79916e-05 299.178
12.7777 2.79752e-05 298.742
12.7926 2.79589e-05 298.308
12.8075 2.79426e-05 297.875
12.8224 2.79264e-05 297.444
12.8373 2.79102e-05 297.013
12.8523 2.7894e-05 296.583
12.8672 2.78778e-05 296.155
12.8821 2.78616e-05 295.727
12.897 2.78455e-05 295.301
12.9119 2.78294e-05 294.876
12.9268 2.78134e-05 294.452
12.9417 2.77974e-05 294.029
12.9567 2.77813e-05 293.607
12.9716 2.77654e-05 293.186
12.9865 2.77494e-05 292.767
13.0014 2.77335e-05 292.348
13.0163 2.77176e-05 291.931
13.0312 2.77017e-05 291.514
13.0461 2.76859e-05 291.099
13.0611 2.76701e-05 290.685
13.076 2.76543e-05 290.271
13.0909 2.76385e-05 289.859
13.1058 2.76228e-05 289.448
13.1207 2.76071e-05 289.038
13.1356 2.75914e-05 288.629
13.1506 2.75758e-05 288.221
13.1655 2.75602e-05 287.814
13.1804 2.75446e-05 287.408
13.1953 2.7529e-05 287.003
13.2102 2.75134e-05 286.599
13.2251 2.74979e-05 286.197
13.24 2.74824e-05 285.795
13.255 2.7467e-05 285.394
13.2699 2.74515e-05 284.994
13.2848 2.74361e-05 284.595
13.2997 2.74207e-05 284.198
13.3146 2.74054e-05 283.801
13.3295 2.739e-05 283.405
13.3444 2.73747e-05 283.011
13.3594 2.73594e-05 282.617
13.3743 2.73442e-05 282.224
13.3892 2.73289e-05 281.832
13.4041 2.73137e-05 281.441
13.419 2.72985e-05 281.052
13.4339 2.72834e-05 280.663
13.4488 2.72683e-05 280.275
13.4638 2.72531e-05 279.888
13.4787 2.72381e-05 279.502
13.4936 2.7223e-05 279.117
13.5085 2.7208e-05 278.733
13.5234 2.7193e-05 278.35
13.5383 2.7178e-05 277.968
13.5533 2.7163e-05 277.587
13.5682 2.71481e-05 277.207
13.5831 2.71332e-05 276.827
13.598 2.71183e-05 276.449
13.6129 2.71034e-05 276.072
13.6278 2.70886e-05 275.695
13.6427 2.70738e-05 275.32
13.6577 2.7059e-05 274.945
13.6726 2.70442e-05 274.571
13.6875 2.70295e-05 274.199
13.7024 2.70148e-05 273.827
13.7173 2.70001e-05 273.456
13.7322 2.69854e-05 273.086
13.7471 2.69708e-05 272.717
13.7621 2.69562e-05 272.349
13.777 2.69416e-05 271.981
13.7919 2.6927e-05 271.615
13.8068 2.69125e-05 271.249
13.8217 2.68979e-05 270.885
13.8366 2.68834e-05 270.521
13.8516 2.68689e-05 270.158
13.8665 2.68545e-05 269.796
13.8814 2.68401e-05 269.435
13.8963 2.68257e-05 269.075
13.9112 2.68113e-05 268.715
13.9261 2.67969e-05 268.357
13.941 2.67826e-05 267.999
13.956 2.67683e-05 267.642
13.9709 2.6754e-05 267.286
13.9858 2.67397e-05 266.931
14.0007 2.67254e-05 266.577
14.0156 2.67112e-05 266.224
14.0305 2.6697e-05 265.871
14.0454 2.66828e-05 265.52
14.0604 2.66687e-05 265.169
14.0753 2.66546e-05 264.819
14.0902 2.66404e-05 264.47
14.1051 2.66264e-05 264.121
14.12 2.66123e-05 263.774
14.1349 2.65982e-05 263.427
14.1498 2.65842e-05 263.081
14.1648 2.65702e-05 262.736
14.1797 2.65562e-05 262.392
14.1946 2.65423e-05 262.049
14.2095 2.65284e-05 261.706
14.2244 2.65144e-05 261.365
14.2393 2.65006e-05 261.024
14.2543 2.64867e-05 260.683
14.2692 2.64728e-05 260.344
14.2841 2.6459e-05 260.006
14.299 2.64452e-05 259.668
14.3139 2.64314e-05 259.331
14.3288 2.64177e-05 258.995
14.3437 2.64039e-05 258.659
14.3587 2.63902e-05 258.325
14.3736 2.63765e-05 257.991
14.3885 2.63628e-05 257.658
14.4034 2.63492e-05 257.326
14.4183 2.63356e-05 256.994
14.4332 2.6322e-05 256.664
14.4481 2.63084e-05 256.334
14.4631 2.62948e-05 256.004
14.478 2.62812e-05 255.676
14.4929 2.62677e-05 255.348
14.5078 2.62542e-05 255.022
14.5227 2.62407e-05 254.695
14.5376 2.62273e-05 254.37
14.5526 2.62138e-05 254.046
14.5675 2.62004e-05 253.722
14.5824 2.6187e-05 253.399
14.5973 2.61736e-05 253.076
14.6122 2.61603e-05 252.755
14.6271 2.61469e-05 252.434
14.642 2.61336e-05 252.114
14.657 2.61203e-05 251.794
14.6719 2.6107e-05 251.475
14.6868 2.60938e-05 251.158
14.7017 2.60805e-05 250.84
14.7166 2.60673e-05 250.524
14.7315 2.60541e-05 250.208
14.7464 2.60409e-05 249.893
14.7614 2.60278e-05 249.579
14.7763 2.60146e-05 249.265
14.7912 2.60015e-05 248.952
14.8061 2.59884e-05 248.64
14.821 2.59753e-05 248.329
14.8359 2.59623e-05 248.018
14.8509 2.59494e-05 247.708
14.8658 2.59366e-05 247.4
14.8807 2.5924e-05 247.094
14.8956 2.5912e-05 246.792
14.9105 2.59007e-05 246.496
14.9254 2.58906e-05 246.207
14.9403 2.58819e-05 245.93
14.9553 2.58748e-05 245.667
14.9702 2.58694e-05 245.419
14.9851 2.58651e-05 245.183
15 2.58613e-05 244.957
