0.1 0.000374369 12939.8
0.114915 0.000199466 41905.9
0.12983 0.000298332 28360.4
0.144745 0.000257247 28128.8
0.15966 0.000251658 25611.3
0.174575 0.000239367 24017
0.189489 0.000229902 22502.9
0.204404 0.00022132 21246.8
0.219319 0.000213661 20119.3
0.234234 0.000206725 19132.2
0.249149 0.000200442 18247.6
0.264064 0.000194688 17453.9
0.278979 0.000189408 16736.2
0.293894 0.000184534 16083.7
0.308809 0.000180018 15487.7
0.323724 0.000175819 14940.8
0.338639 0.0001719 14436.9
0.353554 0.000168232 13971
0.368468 0.000164789 13538.7
0.383383 0.00016155 13136.4
0.398298 0.000158494 12761
0.413213 0.000155605 12409.6
0.428128 0.000152868 12080
0.443043 0.000150267 11769.9
0.457958 0.000147776 11476.9
0.472873 0.000145323 11196.3
0.487788 0.000142667 10915.5
0.502703 0.000139084 10599.1
0.517618 0.000132763 10160.7
0.532533 0.000120129 9426.65
0.547447 0.000115178 6688.23
0.562362 0.000129718 2790.97
0.577277 0.000182837 1083.27
0.592192 0.000107318 3562.83
0.607107 0.00015589 947.669
0.622022 0.000101781 3184.47
0.636937 0.00015 890.382
0.651852 9.91059e-05 2991.61
0.666767 0.000146657 861.98
0.681682 9.64015e-05 2853.65
0.696597 0.000143867 855.245
0.711512 9.38814e-05 2759.43
0.726426 0.000141298 852.741
0.741341 9.15191e-05 2678.06
0.756256 0.000138916 853.391
0.771171 8.93123e-05 2606.93
0.786086 0.000136583 855.169
0.801001 8.72569e-05 2542.26
0.815916 0.000134366 858.203
0.830831 8.53849e-05 2484.33
0.845746 0.000132236 861.282
0.860661 8.36286e-05 2430.07
0.875576 0.000130211 865.264
0.89049 8.19794e-05 2380.34
0.905405 0.000128288 869.211
0.92032 8.03627e-05 2332.54
0.935235 0.000126476 874.315
0.95015 7.87844e-05 2288.17
0.965065 0.000124774 879.397
0.97998 7.72936e-05 2246.25
0.994895 0.000123134 884.641
1.00981 7.58895e-05 2206.89
1.02472 0.000121548 889.707
1.03964 7.45678e-05 2169.5
1.05455 0.000120007 894.781
1.06947 7.33236e-05 2134.19
1.08438 0.00011851 899.628
1.0993 7.2153e-05 2100.54
1.11421 0.000117051 904.393
1.12913 7.10514e-05 2068.61
1.14404 0.000115629 908.905
1.15896 7.00149e-05 2038.1
1.17387 0.000114239 913.288
1.18879 6.90392e-05 2009.05
1.2037 0.000112881 917.405
1.21862 6.81207e-05 1981.21
1.23353 0.000111553 921.375
1.24845 6.72558e-05 1954.62
1.26336 0.000110252 925.072
1.27828 6.64408e-05 1929.09
1.29319 0.000108978 928.62
1.30811 6.56728e-05 1904.65
1.32302 0.00010773 931.894
1.33794 6.49484e-05 1881.11
1.35285 0.000106507 935.03
1.36777 6.42651e-05 1858.55
1.38268 0.000105307 937.892
1.3976 6.36198e-05 1836.77
1.41251 0.000104131 940.635
1.42743 6.30104e-05 1815.86
1.44234 0.000102976 943.109
1.45726 6.24341e-05 1795.61
1.47217 0.000101844 945.484
1.48709 6.1889e-05 1776.16
1.502 0.000100733 947.595
1.51692 6.13729e-05 1757.28
1.53183 9.96422e-05 949.631
1.54675 6.0884e-05 1739.11
1.56166 9.85713e-05 951.406
1.57658 6.04205e-05 1721.43
1.59149 9.75192e-05 953.129
1.60641 5.99809e-05 1704.38
1.62132 9.64848e-05 954.593
1.63624 5.95639e-05 1687.74
1.65115 9.54661e-05 956.02
1.66607 5.91687e-05 1671.62
1.68098 9.44601e-05 957.18
1.6959 5.87948e-05 1655.76
1.71081 9.34614e-05 958.301
1.72573 5.84424e-05 1640.24
1.74064 9.24615e-05 959.119
1.75556 5.81134e-05 1624.65
1.77047 9.1445e-05 959.842
1.78539 5.78119e-05 1608.86
1.8003 9.03882e-05 960.146
1.81522 5.75485e-05 1592.15
1.83013 8.92531e-05 960.165
1.84505 5.73465e-05 1573.87
1.85996 8.79895e-05 959.438
1.87487 5.72608e-05 1552.57
1.88979 8.65401e-05 957.883
1.9047 5.74106e-05 1526.84
1.91962 8.48574e-05 954.609
1.93453 5.80273e-05 1494.51
1.94945 8.28891e-05 948.722
1.96436 5.94571e-05 1453.1
1.97928 8.05183e-05 938.743
1.99419 6.19467e-05 1397.59
2.00911 7.7616e-05 927.605
2.02402 6.50917e-05 1321.48
2.03894 7.44348e-05 927.142
2.05385 6.77269e-05 1224.77
2.06877 7.16876e-05 950.777
2.08368 6.90389e-05 1118.89
2.0986 6.98234e-05 998.333
2.11351 6.8868e-05 1012.24
2.12843 6.88721e-05 956.59
2.14334 6.8677e-05 871.436
2.15826 6.83789e-05 779.498
2.17317 6.80648e-05 692.025
2.18809 6.77648e-05 613.71
2.203 6.74848e-05 545.915
2.21792 6.72222e-05 488.453
2.23283 6.69733e-05 440.467
2.24775 6.67346e-05 400.856
2.26266 6.65034e-05 368.469
2.27758 6.62781e-05 342.195
2.29249 6.60573e-05 321.009
2.30741 6.58401e-05 303.996
2.32232 6.56261e-05 290.358
2.33724 6.54148e-05 279.417
2.35215 6.52059e-05 270.605
2.36707 6.49994e-05 263.458
2.38198 6.4795e-05 257.604
2.3969 6.45927e-05 252.746
2.41181 6.43923e-05 248.652
2.42673 6.41939e-05 245.141
2.44164 6.39974e-05 242.074
2.45656 6.38027e-05 239.347
2.47147 6.36098e-05 236.879
2.48639 6.34187e-05 234.61
2.5013 6.32292e-05 232.494
2.51622 6.30415e-05 230.498
2.53113 6.28555e-05 228.596
2.54605 6.26711e-05 226.769
2.56096 6.24883e-05 225.003
2.57588 6.23071e-05 223.288
2.59079 6.21275e-05 221.615
2.60571 6.19494e-05 219.979
2.62062 6.17729e-05 218.375
2.63554 6.15979e-05 216.799
2.65045 6.14243e-05 215.25
2.66537 6.12522e-05 213.724
2.68028 6.10815e-05 212.221
2.6952 6.09123e-05 210.74
2.71011 6.07482e-05 209.284
2.72503 6.05724e-05 212.18
2.73994 6.04188e-05 208.562
2.75485 6.02421e-05 211.823
2.76977 6.0096e-05 206.983
2.78468 5.99145e-05 212.791
2.7996 5.97776e-05 206.069
2.81451 5.9594e-05 212.77
2.82943 5.94649e-05 204.7
2.84434 5.92771e-05 213.475
2.85926 5.91567e-05 203.7
2.87417 5.89661e-05 213.636
2.88909 5.88537e-05 202.461
2.904 5.86591e-05 214.195
2.91892 5.85552e-05 201.429
2.93383 5.83572e-05 214.453
2.94875 5.82615e-05 200.276
2.96366 5.80595e-05 214.928
2.97858 5.79721e-05 199.241
2.99349 5.77665e-05 215.236
3.00841 5.76872e-05 198.148
3.02332 5.74775e-05 215.662
3.03824 5.74064e-05 197.127
3.05315 5.71929e-05 215.995
3.06807 5.713e-05 196.081
3.08298 5.69122e-05 216.392
3.0979 5.68575e-05 195.079
3.11281 5.66356e-05 216.736
3.12773 5.6589e-05 194.071
3.14264 5.63628e-05 217.114
3.15756 5.63244e-05 193.094
3.17247 5.60939e-05 217.461
3.18739 5.60636e-05 192.119
3.2023 5.58287e-05 217.826
3.21722 5.58064e-05 191.166
3.23213 5.55671e-05 218.173
3.24705 5.55529e-05 190.221
3.26196 5.5309e-05 218.528
3.27688 5.53029e-05 189.294
3.29179 5.50544e-05 218.872
3.30671 5.50564e-05 188.376
3.32162 5.48031e-05 219.22
3.33654 5.48132e-05 187.474
3.35145 5.45552e-05 219.56
3.36637 5.45733e-05 186.582
3.38128 5.43105e-05 219.901
3.3962 5.43366e-05 185.703
3.41111 5.40689e-05 220.236
3.42603 5.41031e-05 184.836
3.44094 5.38305e-05 220.571
3.45586 5.38727e-05 183.98
3.47077 5.35951e-05 220.902
3.48569 5.36453e-05 183.136
3.5006 5.33626e-05 221.232
3.51552 5.34209e-05 182.303
3.53043 5.3133e-05 221.558
3.54535 5.31993e-05 181.48
3.56026 5.29063e-05 221.882
3.57518 5.29806e-05 180.668
3.59009 5.26823e-05 222.204
3.60501 5.27647e-05 179.867
3.61992 5.24611e-05 222.523
3.63483 5.25515e-05 179.076
3.64975 5.22425e-05 222.84
3.66466 5.23409e-05 178.295
3.67958 5.20266e-05 223.155
3.69449 5.2133e-05 177.523
3.70941 5.18132e-05 223.467
3.72432 5.19276e-05 176.761
3.73924 5.16023e-05 223.777
3.75415 5.17247e-05 176.008
3.76907 5.13938e-05 224.085
3.78398 5.15243e-05 175.265
3.7989 5.11878e-05 224.39
3.81381 5.13262e-05 174.531
3.82873 5.09841e-05 224.694
3.84364 5.11306e-05 173.805
3.85856 5.07827e-05 224.995
3.87347 5.09372e-05 173.088
3.88839 5.05836e-05 225.294
3.9033 5.07462e-05 172.379
3.91822 5.03868e-05 225.591
3.93313 5.05573e-05 171.679
3.94805 5.01921e-05 225.886
3.96296 5.03707e-05 170.987
3.97788 4.99996e-05 226.179
3.99279 5.01861e-05 170.303
4.00771 4.98092e-05 226.47
4.02262 5.00146e-05 169.645
4.03754 4.9603e-05 235.432
4.05245 4.98183e-05 172.141
4.06737 4.94513e-05 220.825
4.08228 4.96458e-05 165.984
4.0972 4.92427e-05 229.501
4.11211 4.94736e-05 168.448
4.12703 4.90618e-05 230.992
4.14194 4.92977e-05 168.234
4.15686 4.88852e-05 229.732
4.17177 4.91214e-05 167.025
4.18669 4.87113e-05 227.474
4.2016 4.89462e-05 165.464
4.21652 4.85395e-05 224.879
4.23143 4.87724e-05 163.792
4.24635 4.83697e-05 222.194
4.26126 4.86005e-05 162.098
4.27618 4.82017e-05 219.508
4.29109 4.84302e-05 160.415
4.30601 4.80355e-05 216.854
4.32092 4.82618e-05 158.754
4.33584 4.7871e-05 214.244
4.35075 4.8095e-05 157.12
4.36567 4.77082e-05 211.68
4.38058 4.793e-05 155.512
4.3955 4.75516e-05 209.173
4.41041 4.77621e-05 157.313
4.42533 4.73845e-05 210.08
4.44024 4.76079e-05 153.621
4.45516 4.72408e-05 205.541
4.47007 4.74335e-05 160.11
4.48498 4.7065e-05 211.087
4.4999 4.72946e-05 152.712
4.51481 4.69334e-05 202.944
4.52973 4.71142e-05 161.817
4.54464 4.67528e-05 211.013
4.55956 4.69866e-05 151.436
4.57447 4.66335e-05 200.037
4.58939 4.67996e-05 163.979
4.6043 4.64463e-05 211.383
4.61922 4.6685e-05 150.345
4.63413 4.63391e-05 197.363
4.64905 4.64912e-05 165.948
4.66396 4.61459e-05 211.564
4.67888 4.63891e-05 149.211
4.69379 4.60508e-05 194.696
4.70871 4.61883e-05 167.995
4.72362 4.58512e-05 211.82
4.73854 4.6099e-05 148.126
4.75345 4.5768e-05 192.124
4.76837 4.58903e-05 170.007
4.78328 4.55639e-05 203.187
4.7982 4.58127e-05 155.873
4.81311 4.54894e-05 198.064
4.82803 4.55802e-05 161.142
4.84294 4.53403e-05 202.256
4.85786 4.54919e-05 155.669
4.87277 4.51739e-05 196.271
4.88769 4.5359e-05 162.198
4.9026 4.50457e-05 201.657
4.91752 4.52116e-05 155.164
4.93243 4.49014e-05 194.312
4.94735 4.50832e-05 163.399
4.96226 4.47777e-05 201.254
4.97718 4.49362e-05 154.452
4.99209 4.46336e-05 192.194
5.00701 4.48125e-05 164.854
5.02192 4.45149e-05 201.093
5.03684 4.46652e-05 153.481
5.05175 4.43704e-05 189.872
5.06667 4.45469e-05 166.634
5.08158 4.42571e-05 201.235
5.0965 4.43986e-05 152.186
5.11141 4.41115e-05 187.292
5.12633 4.42862e-05 168.836
5.14124 4.40043e-05 201.756
5.15616 4.4136e-05 150.492
5.17107 4.38568e-05 184.384
5.18599 4.40297e-05 171.585
5.2009 4.37596e-05 190.302
5.21582 4.38746e-05 163.027
5.23073 4.36038e-05 194.369
5.24565 4.37827e-05 157.452
5.26056 4.35162e-05 188.772
5.27548 4.36187e-05 163.822
5.29039 4.3356e-05 193.696
5.30531 4.35377e-05 157.157
5.32022 4.3279e-05 187.197
5.33514 4.33659e-05 164.708
5.35005 4.31115e-05 193.116
5.36496 4.32978e-05 156.768
5.37988 4.3047e-05 185.569
5.39479 4.30968e-05 165.662
5.40971 4.2931e-05 192.741
5.42462 4.30186e-05 156.065
5.43954 4.27754e-05 183.598
5.45445 4.2919e-05 167.288
5.46937 4.268e-05 192.793
5.48428 4.27785e-05 154.929
5.4992 4.25434e-05 181.355
5.51411 4.26855e-05 169.235
5.52903 4.24561e-05 193.172
5.54394 4.25406e-05 153.42
5.55886 4.23137e-05 178.817
5.57377 4.24578e-05 171.686
5.58869 4.22366e-05 181.813
5.6036 4.23012e-05 166.826
5.61852 4.20981e-05 189.155
5.63343 4.22274e-05 156.785
5.64835 4.20118e-05 180.014
5.66326 4.2076e-05 168.205
5.67818 4.18928e-05 189.108
5.69309 4.19908e-05 155.785
5.70801 4.17836e-05 177.961
5.72292 4.18676e-05 170.021
5.73784 4.16853e-05 181.472
5.75275 4.17571e-05 164.582
5.76767 4.15625e-05 184.227
5.78258 4.16601e-05 160.416
5.7975 4.14779e-05 180.187
5.81241 4.15293e-05 165.246
5.82733 4.13519e-05 183.602
5.84224 4.14494e-05 160.205
5.85716 4.12648e-05 178.857
5.87207 4.13145e-05 166.017
5.88699 4.11554e-05 183.103
5.9019 4.12263e-05 159.813
5.91682 4.10534e-05 177.395
5.93173 4.11119e-05 167.022
5.94665 4.09573e-05 182.796
5.96156 4.10066e-05 159.186
5.97648 4.08519e-05 175.774
5.99139 4.09063e-05 168.274
6.00631 4.07565e-05 182.684
6.02122 4.07972e-05 158.331
6.03614 4.06577e-05 173.999
6.05105 4.06964e-05 169.778
6.06597 4.05598e-05 182.781
6.08088 4.05931e-05 157.226
6.0958 4.04641e-05 172.038
6.11071 4.04919e-05 171.616
6.12563 4.03635e-05 171.817
6.14054 4.03941e-05 171.425
6.15546 4.02719e-05 171.596
6.17037 4.02866e-05 171.216
6.18529 4.01839e-05 171.41
6.2002 4.01812e-05 170.958
6.21512 4.00959e-05 171.298
6.23003 4.00747e-05 170.592
6.24494 4.00063e-05 171.349
6.25986 3.99795e-05 170.008
6.27477 3.99151e-05 171.727
6.28969 3.98704e-05 168.914
6.3046 3.98333e-05 177.849
6.31952 3.97756e-05 159.809
6.33443 3.97303e-05 170.094
6.34935 3.96925e-05 170.36
6.36426 3.96335e-05 169.685
6.37918 3.95919e-05 177.132
6.39409 3.9554e-05 159.626
6.40901 3.94953e-05 168.701
6.42392 3.94533e-05 175.591
6.43884 3.94154e-05 161.021
6.45375 3.93585e-05 169.068
6.46867 3.93169e-05 175.116
6.48358 3.92788e-05 160.976
6.4985 3.92234e-05 168.305
6.51341 3.91817e-05 173.773
6.52833 3.91431e-05 162.142
6.54324 3.90894e-05 168.494
6.55816 3.9048e-05 173.177
6.57307 3.90092e-05 162.283
6.58799 3.8957e-05 167.889
6.6029 3.89155e-05 171.978
6.61782 3.88763e-05 163.284
6.63273 3.88258e-05 167.953
6.64765 3.87845e-05 171.303
6.66256 3.87451e-05 163.557
6.67748 3.86961e-05 167.46
6.69239 3.86548e-05 170.211
6.70731 3.86163e-05 164.443
6.72222 3.85683e-05 167.441
6.73714 3.85208e-05 169.478
6.75205 3.84847e-05 170.8
6.76697 3.84472e-05 162.697
6.78188 3.8401e-05 165.199
6.7968 3.8356e-05 166.865
6.81171 3.83143e-05 167.894
6.82663 3.82726e-05 168.44
6.84154 3.82311e-05 168.621
6.85646 3.81896e-05 168.528
6.87137 3.81483e-05 168.231
6.88629 3.8107e-05 167.782
6.9012 3.80659e-05 167.221
6.91612 3.80248e-05 166.577
6.93103 3.79839e-05 165.874
6.94595 3.79432e-05 165.128
6.96086 3.79025e-05 164.352
6.97578 3.7862e-05 163.555
6.99069 3.78216e-05 162.744
7.00561 3.77813e-05 161.924
7.02052 3.77412e-05 161.1
7.03544 3.77011e-05 160.274
7.05035 3.76612e-05 159.448
7.06527 3.76215e-05 158.623
7.08018 3.75818e-05 157.802
7.0951 3.75423e-05 156.985
7.11001 3.75029e-05 156.172
7.12492 3.74636e-05 155.364
7.13984 3.74245e-05 154.561
7.15475 3.73855e-05 153.764
7.16967 3.73465e-05 152.973
7.18458 3.73078e-05 152.188
7.1995 3.72691e-05 151.408
7.21441 3.72306e-05 150.635
7.22933 3.71921e-05 149.867
7.24424 3.71538e-05 149.106
7.25916 3.71156e-05 148.35
7.27407 3.70776e-05 147.601
7.28899 3.70396e-05 146.858
7.3039 3.70018e-05 146.121
7.31882 3.69641e-05 145.39
7.33373 3.69264e-05 144.665
7.34865 3.6889e-05 143.946
7.36356 3.68516e-05 143.233
7.37848 3.68143e-05 142.527
7.39339 3.67772e-05 141.826
7.40831 3.67401e-05 141.131
7.42322 3.67032e-05 140.443
7.43814 3.66664e-05 139.761
7.45305 3.66297e-05 139.085
7.46797 3.65931e-05 138.415
7.48288 3.65566e-05 137.751
7.4978 3.65202e-05 137.093
7.51271 3.64839e-05 136.442
7.52763 3.64478e-05 135.797
7.54254 3.64117e-05 135.158
7.55746 3.63758e-05 134.526
7.57237 3.63399e-05 133.9
7.58729 3.63042e-05 133.281
7.6022 3.62686e-05 132.668
7.61712 3.6233e-05 132.062
7.63203 3.61976e-05 131.463
7.64695 3.61623e-05 130.87
7.66186 3.61271e-05 130.284
7.67678 3.6092e-05 129.706
7.69169 3.6057e-05 129.134
7.70661 3.60221e-05 128.57
7.72152 3.59873e-05 128.013
7.73644 3.59526e-05 127.464
7.75135 3.5918e-05 126.922
7.76627 3.58834e-05 126.388
7.78118 3.5849e-05 125.862
7.7961 3.58147e-05 125.345
7.81101 3.57805e-05 124.835
7.82593 3.57464e-05 124.335
7.84084 3.57124e-05 123.843
7.85576 3.56785e-05 123.36
7.87067 3.56447e-05 122.887
7.88559 3.56109e-05 122.423
7.9005 3.55773e-05 121.97
7.91542 3.55438e-05 121.526
7.93033 3.55104e-05 121.093
7.94525 3.5477e-05 120.671
7.96016 3.54438e-05 120.26
7.97508 3.54106e-05 119.861
7.98999 3.53775e-05 119.474
8.0049 3.53446e-05 119.099
8.01982 3.53117e-05 118.738
8.03473 3.52789e-05 118.39
8.04965 3.52462e-05 118.056
8.06456 3.52136e-05 117.737
8.07948 3.51811e-05 117.433
8.09439 3.51487e-05 117.145
8.10931 3.51163e-05 116.874
8.12422 3.50841e-05 116.619
8.13914 3.50519e-05 116.383
8.15405 3.50199e-05 116.166
8.16897 3.49879e-05 115.969
8.18388 3.4956e-05 115.792
8.1988 3.49242e-05 115.636
8.21371 3.48925e-05 115.503
8.22863 3.48609e-05 115.394
8.24354 3.48293e-05 115.31
8.25846 3.47979e-05 115.252
8.27337 3.47665e-05 115.22
8.28829 3.47352e-05 115.218
8.3032 3.4704e-05 115.245
8.31812 3.46729e-05 115.304
8.33303 3.46419e-05 115.396
8.34795 3.4611e-05 115.523
8.36286 3.45801e-05 115.686
8.37778 3.45493e-05 115.888
8.39269 3.45186e-05 116.13
8.40761 3.4488e-05 116.415
8.42252 3.44575e-05 116.744
8.43744 3.44271e-05 117.12
8.45235 3.43967e-05 117.546
8.46727 3.43664e-05 118.024
8.48218 3.43363e-05 118.557
8.4971 3.43061e-05 119.147
8.51201 3.42761e-05 119.799
8.52693 3.42462e-05 120.514
8.54184 3.42163e-05 121.297
8.55676 3.41865e-05 122.151
8.57167 3.41569e-05 123.08
8.58659 3.41272e-05 124.088
8.6015 3.40977e-05 125.179
8.61642 3.40683e-05 126.358
8.63133 3.40389e-05 127.63
8.64625 3.40096e-05 128.999
8.66116 3.39805e-05 130.471
8.67608 3.39514e-05 132.051
8.69099 3.39223e-05 133.745
8.70591 3.38934e-05 135.561
8.72082 3.38646e-05 137.503
8.73574 3.38358e-05 139.579
8.75065 3.38072e-05 141.796
8.76557 3.37786e-05 144.162
8.78048 3.37501e-05 146.686
8.7954 3.37218e-05 149.375
8.81031 3.36935e-05 152.239
8.82523 3.36653e-05 155.287
8.84014 3.36373e-05 158.529
8.85506 3.36093e-05 161.976
8.86997 3.35814e-05 165.639
8.88488 3.35516e-05 169.525
8.8998 3.34355e-05 173.425
8.91471 3.36066e-05 163.244
8.92963 3.34088e-05 171.035
8.94454 3.35089e-05 168.984
8.95946 3.32375e-05 177.835
8.97437 3.35917e-05 162.182
8.98929 3.32199e-05 175.258
9.0042 3.34839e-05 168.311
9.01912 3.30044e-05 182.74
9.03403 3.36169e-05 161.232
9.04895 3.29987e-05 180.147
9.06386 3.34966e-05 167.467
9.07878 3.27243e-05 188.059
9.09369 3.3695e-05 160.529
9.10861 3.27331e-05 185.778
9.12352 3.356e-05 166.4
9.13844 3.23836e-05 193.664
9.15335 3.38401e-05 160.242
9.16827 3.24075e-05 192.25
9.18318 3.369e-05 165.046
9.1981 3.19681e-05 199.382
9.21301 3.40665e-05 160.563
9.22793 3.20023e-05 199.672
9.24284 3.39042e-05 163.346
9.25776 3.14838e-05 205.072
9.27267 3.43699e-05 161.579
9.28759 3.14727e-05 207.967
9.3025 3.42697e-05 161.594
9.31742 3.1004e-05 211.149
9.33233 3.46572e-05 162.023
9.34725 3.08091e-05 215.778
9.36216 3.47765e-05 167.867
9.37708 3.04848e-05 225.554
9.39199 3.45689e-05 175.106
9.40691 3.08085e-05 214.754
9.42182 3.45555e-05 174.85
9.43674 3.05952e-05 219.522
9.45165 3.43545e-05 180.406
9.46657 3.08062e-05 215.131
9.48148 3.42469e-05 182.507
9.4964 3.07612e-05 216.234
9.51131 3.40327e-05 186.673
9.52623 3.09328e-05 214.526
9.54114 3.38511e-05 189.757
9.55606 3.09998e-05 214.412
9.57097 3.36109e-05 193.397
9.58589 3.11696e-05 213.77
9.6008 3.33739e-05 196.82
9.61572 3.13077e-05 213.428
9.63063 3.31071e-05 200.286
9.64555 3.14886e-05 213.191
9.66046 3.28344e-05 203.763
9.67538 3.16652e-05 212.933
9.69029 3.2546e-05 207.146
9.70521 3.18392e-05 212.81
9.72012 3.22239e-05 210.433
9.73504 3.22117e-05 211.381
9.74995 3.21495e-05 213.813
9.76486 3.20978e-05 217.024
9.77978 3.20577e-05 220.671
9.79469 3.20245e-05 224.565
9.80961 3.19952e-05 228.597
9.82452 3.19679e-05 232.705
9.83944 3.19416e-05 236.852
9.85435 3.19158e-05 241.012
9.86927 3.18901e-05 245.172
9.88418 3.18643e-05 249.317
9.8991 3.18384e-05 253.441
9.91401 3.18122e-05 257.535
9.92893 3.17859e-05 261.592
9.94384 3.17593e-05 265.605
9.95876 3.17324e-05 269.57
9.97367 3.17054e-05 273.481
9.98859 3.16782e-05 277.331
10.0035 3.16508e-05 281.117
10.0184 3.16232e-05 284.833
10.0333 3.15956e-05 288.476
10.0482 3.15678e-05 292.039
10.0632 3.15401e-05 295.521
10.0781 3.15123e-05 298.917
10.093 3.14846e-05 302.224
10.1079 3.14569e-05 305.44
10.1228 3.14293e-05 308.561
10.1377 3.14019e-05 311.586
10.1527 3.13746e-05 314.513
10.1676 3.13475e-05 317.34
10.1825 3.13207e-05 320.067
10.1974 3.12941e-05 322.692
10.2123 3.12677e-05 325.215
10.2272 3.12417e-05 327.637
10.2421 3.12159e-05 329.957
10.2571 3.11904e-05 332.175
10.272 3.11653e-05 334.293
10.2869 3.11404e-05 336.312
10.3018 3.11159e-05 338.232
10.3167 3.10917e-05 340.054
10.3316 3.10677e-05 341.782
10.3465 3.10441e-05 343.416
10.3615 3.10208e-05 344.957
10.3764 3.09977e-05 346.409
10.3913 3.0975e-05 347.774
10.4062 3.09524e-05 349.052
10.4211 3.09301e-05 350.248
10.436 3.09081e-05 351.363
10.451 3.08862e-05 352.399
10.4659 3.08646e-05 353.36
10.4808 3.08431e-05 354.247
10.4957 3.08218e-05 355.063
10.5106 3.08007e-05 355.811
10.5255 3.07797e-05 356.493
10.5404 3.07588e-05 357.112
10.5554 3.0738e-05 357.67
10.5703 3.07174e-05 358.17
10.5852 3.06968e-05 358.613
10.6001 3.06764e-05 359.003
10.615 3.0656e-05 359.342
10.6299 3.06356e-05 359.631
10.6448 3.06154e-05 359.874
10.6598 3.05951e-05 360.072
10.6747 3.0575e-05 360.227
10.6896 3.05548e-05 360.342
10.7045 3.05347e-05 360.418
10.7194 3.05147e-05 360.458
10.7343 3.04946e-05 360.463
10.7492 3.04746e-05 360.434
10.7642 3.04546e-05 360.375
10.7791 3.04346e-05 360.286
10.794 3.04146e-05 360.168
10.8089 3.03946e-05 360.024
10.8238 3.03747e-05 359.855
10.8387 3.03547e-05 359.662
10.8537 3.03348e-05 359.446
10.8686 3.03149e-05 359.21
10.8835 3.0295e-05 358.953
10.8984 3.02751e-05 358.677
10.9133 3.02552e-05 358.384
10.9282 3.02353e-05 358.074
10.9431 3.02154e-05 357.749
10.9581 3.01955e-05 357.408
10.973 3.01757e-05 357.054
10.9879 3.01558e-05 356.687
11.0028 3.0136e-05 356.308
11.0177 3.01162e-05 355.917
11.0326 3.00964e-05 355.516
11.0475 3.00766e-05 355.104
11.0625 3.00568e-05 354.684
11.0774 3.00371e-05 354.254
11.0923 3.00173e-05 353.817
11.1072 2.99976e-05 353.371
11.1221 2.99779e-05 352.919
11.137 2.99582e-05 352.461
11.152 2.99385e-05 351.996
11.1669 2.99189e-05 351.525
11.1818 2.98993e-05 351.05
11.1967 2.98797e-05 350.569
11.2116 2.98601e-05 350.084
11.2265 2.98405e-05 349.595
11.2414 2.9821e-05 349.103
11.2564 2.98015e-05 348.606
11.2713 2.9782e-05 348.107
11.2862 2.97625e-05 347.605
11.3011 2.97431e-05 347.1
11.316 2.97237e-05 346.592
11.3309 2.97043e-05 346.083
11.3458 2.9685e-05 345.571
11.3608 2.96656e-05 345.058
11.3757 2.96464e-05 344.543
11.3906 2.96271e-05 344.027
11.4055 2.96079e-05 343.51
11.4204 2.95887e-05 342.992
11.4353 2.95695e-05 342.473
11.4503 2.95503e-05 341.953
11.4652 2.95312e-05 341.432
11.4801 2.95121e-05 340.912
11.495 2.94931e-05 340.39
11.5099 2.94741e-05 339.869
11.5248 2.94551e-05 339.347
11.5397 2.94361e-05 338.825
11.5547 2.94172e-05 338.304
11.5696 2.93983e-05 337.782
11.5845 2.93795e-05 337.261
11.5994 2.93606e-05 336.739
11.6143 2.93418e-05 336.219
11.6292 2.93231e-05 335.698
11.6441 2.93044e-05 335.178
11.6591 2.92857e-05 334.659
11.674 2.9267e-05 334.14
11.6889 2.92484e-05 333.622
11.7038 2.92298e-05 333.105
11.7187 2.92112e-05 332.588
11.7336 2.91927e-05 332.072
11.7485 2.91742e-05 331.557
11.7635 2.91557e-05 331.043
11.7784 2.91373e-05 330.53
11.7933 2.91189e-05 330.017
11.8082 2.91005e-05 329.506
11.8231 2.90822e-05 328.995
11.838 2.90639e-05 328.485
11.853 2.90456e-05 327.977
11.8679 2.90274e-05 327.469
11.8828 2.90092e-05 326.963
11.8977 2.8991e-05 326.457
11.9126 2.89729e-05 325.953
11.9275 2.89548e-05 325.45
11.9424 2.89367e-05 324.947
11.9574 2.89187e-05 324.446
11.9723 2.89007e-05 323.947
11.9872 2.88827e-05 323.448
12.0021 2.88648e-05 322.95
12.017 2.88468e-05 322.454
12.0319 2.8829e-05 321.959
12.0468 2.88111e-05 321.465
12.0618 2.87933e-05 320.972
12.0767 2.87755e-05 320.48
12.0916 2.87578e-05 319.99
12.1065 2.87401e-05 319.501
12.1214 2.87224e-05 319.013
12.1363 2.87048e-05 318.526
12.1513 2.86872e-05 318.04
12.1662 2.86696e-05 317.556
12.1811 2.8652e-05 317.073
12.196 2.86345e-05 316.591
12.2109 2.8617e-05 316.11
12.2258 2.85996e-05 315.631
12.2407 2.85821e-05 315.152
12.2557 2.85647e-05 314.675
12.2706 2.85474e-05 314.2
12.2855 2.85301e-05 313.725
12.3004 2.85128e-05 313.252
12.3153 2.84955e-05 312.78
12.3302 2.84783e-05 312.309
12.3451 2.8461e-05 311.839
12.3601 2.84439e-05 311.371
12.375 2.84267e-05 310.904
12.3899 2.84096e-05 310.438
12.4048 2.83925e-05 309.973
12.4197 2.83755e-05 309.509
12.4346 2.83585e-05 309.047
12.4495 2.83415e-05 308.586
12.4645 2.83245e-05 308.126
12.4794 2.83076e-05 307.668
12.4943 2.82907e-05 307.21
12.5092 2.82738e-05 306.754
12.5241 2.8257e-05 306.299
12.539 2.82402e-05 305.845
12.554 2.82234e-05 305.392
12.5689 2.82066e-05 304.941
12.5838 2.81899e-05 304.49
12.5987 2.81732e-05 304.041
12.6136 2.81566e-05 303.593
12.6285 2.81399e-05 303.146
12.6434 2.81233e-05 302.701
12.6584 2.81068e-05 302.256
12.6733 2.80902e-05 301.813
12.6882 2.80737e-05 301.371
12.7031 2.80572e-05 300.93
12.718 2.80408e-05 300.49
12.7329 2.80243e-05 300.052
12.7478 2.80079e-05 299.614
12.7628 2.79916e-05 299.178
12.7777 2.79752e-05 298.742
12.7926 2.79589e-05 298.308
12.8075 2.79426e-05 297.875
12.8224 2.79264e-05 297.444
12.8373 2.79102e-05 297.013
12.8523 2.7894e-05 296.583
12.8672 2.78778e-05 296.155
12.8821 2.78616e-05 295.727
12.897 2.78455e-05 295.301
12.9119 2.78294e-05 294.876
12.9268 2.78134e-05 294.452
12.9417 2.77974e-05 294.029
12.9567 2.77813e-05 293.607
12.9716 2.77654e-05 293.186
12.9865 2.77494e-05 292.767
13.0014 2.77335e-05 292.348
13.0163 2.77176e-05 291.931
13.0312 2.77017e-05 291.514
13.0461 2.76859e-05 291.099
13.0611 2.76701e-05 290.685
13.076 2.76543e-05 290.271
13.0909 2.76385e-05 289.859
13.1058 2.76228e-05 289.448
13.1207 2.76071e-05 289.038
13.1356 2.75914e-05 288.629
13.1506 2.75758e-05 288.221
13.1655 2.75602e-05 287.814
13.1804 2.75446e-05 287.408
13.1953 2.7529e-05 287.003
13.2102 2.75134e-05 286.599
13.2251 2.74979e-05 286.197
13.24 2.74824e-05 285.795
13.255 2.7467e-05 285.394
13.2699 2.74515e-05 284.994
13.2848 2.74361e-05 284.595
13.2997 2.74207e-05 284.198
13.3146 2.74054e-05 283.801
13.3295 2.739e-05 283.405
13.3444 2.73747e-05 283.011
13.3594 2.73594e-05 282.617
13.3743 2.73442e-05 282.224
13.3892 2.73289e-05 281.832
13.4041 2.73137e-05 281.441
13.419 2.72985e-05 281.052
13.4339 2.72834e-05 280.663
13.4488 2.72683e-05 280.275
13.4638 2.72531e-05 279.888
13.4787 2.72381e-05 279.502
13.4936 2.7223e-05 279.117
13.5085 2.7208e-05 278.733
13.5234 2.7193e-05 278.35
13.5383 2.7178e-05 277.968
13.5533 2.7163e-05 277.587
13.5682 2.71481e-05 277.207
13.5831 2.71332e-05 276.827
13.598 2.71183e-05 276.449
13.6129 2.71034e-05 276.072
13.6278 2.70886e-05 275.695
13.6427 2.70738e-05 275.32
13.6577 2.7059e-05 274.945
13.6726 2.70442e-05 274.571
13.6875 2.70295e-05 274.199
13.7024 2.70148e-05 273.827
13.7173 2.70001e-05 273.456
13.7322 2.69854e-05 273.086
13.7471 2.69708e-05 272.717
13.7621 2.69562e-05 272.349
13.777 2.69416e-05 271.981
13.7919 2.6927e-05 271.615
13.8068 2.69125e-05 271.249
13.8217 2.68979e-05 270.885
13.8366 2.68834e-05 270.521
13.8516 2.68689e-05 270.158
13.8665 2.68545e-05 269.796
13.8814 2.68401e-05 269.435
13.8963 2.68257e-05 269.075
13.9112 2.68113e-05 268.715
13.9261 2.67969e-05 268.357
13.941 2.67826e-05 267.999
13.956 2.67683e-05 267.642
13.9709 2.6754e-05 267.286
13.9858 2.67397e-05 266.931
14.0007 2.67254e-05 266.577
14.0156 2.67112e-05 266.224
14.0305 2.6697e-05 265.871
14.0454 2.66828e-05 265.52
14.0604 2.66687e-05 265.169
14.0753 2.66546e-05 264.819
14.0902 2.66404e-05 264.47
14.1051 2.66264e-05 264.121
14.12 2.66123e-05 263.774
14.1349 2.65982e-05 263.427
14.1498 2.65842e-05 263.081
14.1648 2.65702e-05 262.736
14.1797 2.65562e-05 262.392
14.1946 2.65423e-05 262.049
14.2095 2.65284e-05 261.706
14.2244 2.65144e-05 261.365
14.2393 2.65006e-05 261.024
14.2543 2.64867e-05 260.683
14.2692 2.64728e-05 260.344
14.2841 2.6459e-05 260.006
14.299 2.64452e-05 259.668
14.3139 2.64314e-05 259.331
14.3288 2.64177e-05 258.995
14.3437 2.64039e-05 258.659
14.3587 2.63902e-05 258.325
14.3736 2.63765e-05 257.991
14.3885 2.63628e-05 257.658
14.4034 2.63492e-05 257.326
14.4183 2.63356e-05 256.994
14.4332 2.6322e-05 256.664
14.4481 2.63084e-05 256.334
14.4631 2.62948e-05 256.004
14.478 2.62812e-05 255.676
14.4929 2.62677e-05 255.348
14.5078 2.62542e-05 255.022
14.5227 2.62407e-05 254.695
14.5376 2.62273e-05 254.37
14.5526 2.62138e-05 254.046
14.5675 2.62004e-05 253.722
14.5824 2.6187e-05 253.399
14.5973 2.61736e-05 253.076
14.6122 2.61603e-05 252.755
14.6271 2.61469e-05 252.434
14.642 2.61336e-05 252.114
14.657 2.61203e-05 251.794
14.6719 2.6107e-05 251.475
14.6868 2.60938e-05 251.158
14.7017 2.60805e-05 250.84
14.7166 2.60673e-05 250.524
14.7315 2.60541e-05 250.208
14.7464 2.60409e-05 249.893
14.7614 2.60278e-05 249.579
14.7763 2.60146e-05 249.265
14.7912 2.60015e-05 248.952
14.8061 2.59884e-05 248.64
14.821 2.59754e-05 248.329
14.8359 2.59623e-05 248.018
14.8509 2.59494e-05 247.709
14.8658 2.59367e-05 247.401
14.8807 2.59243e-05 247.096
14.8956 2.59124e-05 246.795
14.9105 2.59014e-05 246.5
14.9254 2.58914e-05 246.214
14.9403 2.58829e-05 245.938
14.9553 2.58758e-05 245.676
14.9702 2.58702e-05 245.427
14.9851 2.58655e-05 245.19
15 2.58614e-05 244.961
