0.1 0.000377044 12987.1
0.114915 0.000195681 41221.7
0.12983 0.000294889 28347
0.144745 0.00025765 28171
0.15966 0.000251567 25584.4
0.174575 0.000239353 24028.9
0.189489 0.000229975 22502.8
0.204404 0.000221323 21247
0.219319 0.000213689 20121.2
0.234234 0.000206743 19132.5
0.249149 0.000200458 18248.6
0.264064 0.000194704 17454.5
0.278979 0.000189422 16736.8
0.293894 0.000184547 16084.3
0.308809 0.00018003 15488.2
0.323724 0.000175829 14941.2
0.338639 0.00017191 14437.3
0.353554 0.000168241 13971.4
0.368468 0.000164798 13539.1
0.383383 0.000161558 13136.7
0.398298 0.000158501 12761.2
0.413213 0.000155612 12409.9
0.428128 0.000152873 12080.1
0.443043 0.000150264 11769.7
0.457958 0.000147744 11475.2
0.472873 0.000145188 11189.6
0.487788 0.000142238 10894.7
0.502703 0.000137966 10546.4
0.517618 0.00012992 10032.8
0.532533 0.000116969 8105.57
0.547447 0.000114395 4422.5
0.562362 0.000140024 1068.04
0.577277 0.000177894 4614.4
0.592192 0.000108974 998.141
0.607107 0.000154752 4079.54
0.622022 0.000102635 865.963
0.636937 0.000149003 3659.65
0.651852 9.97611e-05 834.168
0.666767 0.000145425 3487.07
0.681682 9.72642e-05 818.99
0.696597 0.000142366 3362.36
0.711512 9.49829e-05 808.7
0.726426 0.000139542 3255.77
0.741341 9.28809e-05 801.532
0.756256 0.000136889 3161.89
0.771171 9.09315e-05 796.627
0.786086 0.000134299 3076.98
0.801001 8.9132e-05 793.442
0.815916 0.000131827 3000.02
0.830831 8.75002e-05 791.525
0.845746 0.000129389 2928.97
0.860661 8.59654e-05 694.419
0.875576 0.000127527 2687.28
0.89049 8.42669e-05 646.785
0.905405 0.000125653 2541.57
0.92032 8.2718e-05 639.162
0.935235 0.000123664 2476.07
0.95015 8.13539e-05 634.52
0.965065 0.00012172 2418.87
0.97998 8.01117e-05 631.691
0.994895 0.000119838 2367.54
1.00981 7.89547e-05 630.053
1.02472 0.00011801 2320.51
1.03964 7.78788e-05 629.36
1.05455 0.000116232 2277.07
1.06947 7.68753e-05 629.368
1.08438 0.000114502 2236.59
1.0993 7.59396e-05 629.955
1.11421 0.000112816 2198.67
1.12913 7.50656e-05 631.004
1.14404 0.000111175 2162.96
1.15896 7.42487e-05 632.442
1.17387 0.000109576 2129.21
1.18879 7.3484e-05 634.205
1.2037 0.000108017 2097.2
1.21862 7.27674e-05 636.245
1.23353 0.000106496 2066.75
1.24845 7.20949e-05 638.522
1.26336 0.000105013 2037.73
1.27828 7.14629e-05 641.003
1.29319 0.000103567 2009.99
1.30811 7.08681e-05 643.661
1.32302 0.000102156 1983.44
1.33794 7.03073e-05 646.472
1.35285 0.00010078 1957.98
1.36777 6.97779e-05 649.416
1.38268 9.94374e-05 1933.52
1.3976 6.92769e-05 652.476
1.41251 9.81274e-05 1910
1.42743 6.88022e-05 655.636
1.44234 9.68491e-05 1887.34
1.45726 6.83514e-05 658.884
1.47217 9.56019e-05 1865.49
1.48709 6.79227e-05 662.206
1.502 9.43849e-05 1844.39
1.51692 6.75138e-05 665.594
1.53183 9.31974e-05 1823.99
1.54675 6.71233e-05 669.037
1.56166 9.20384e-05 1804.25
1.57658 6.67492e-05 672.53
1.59149 9.09074e-05 1785.12
1.60641 6.639e-05 676.063
1.62132 8.98029e-05 1766.53
1.63624 6.60435e-05 679.635
1.65115 8.87243e-05 1748.44
1.66607 6.57079e-05 683.242
1.68098 8.76694e-05 1730.76
1.6959 6.53797e-05 686.889
1.71081 8.66365e-05 1713.36
1.72573 6.50549e-05 690.583
1.74064 8.56218e-05 1696.04
1.75556 6.47259e-05 694.352
1.77047 8.46209e-05 1678.48
1.78539 6.43824e-05 698.238
1.8003 8.36265e-05 1660.14
1.81522 6.40082e-05 702.349
1.83013 8.26323e-05 1640.16
1.84505 6.35865e-05 706.88
1.85996 8.16365e-05 1617.19
1.87487 6.31114e-05 712.267
1.88979 8.06585e-05 1589.35
1.9047 6.26284e-05 719.374
1.91962 7.97458e-05 1554.16
1.93453 6.22973e-05 730.008
1.94945 7.89312e-05 1508.49
1.96436 6.24573e-05 747.656
1.97928 7.80555e-05 1448.39
1.99419 6.35391e-05 778.053
2.00911 7.66495e-05 1370.46
2.02402 6.55803e-05 825.958
2.03894 7.44246e-05 1275.62
2.05385 6.77362e-05 888.9
2.06877 7.19342e-05 1170.72
2.08368 6.90253e-05 959.335
2.0986 6.99537e-05 1064.68
2.11351 6.88993e-05 1029.08
2.12843 6.89236e-05 964.869
2.14334 6.87399e-05 875.597
2.15826 6.84329e-05 781.663
2.17317 6.81052e-05 693.191
2.18809 6.77933e-05 614.355
2.203 6.75043e-05 546.281
2.21792 6.72354e-05 488.664
2.23283 6.69822e-05 440.591
2.24775 6.67406e-05 400.931
2.26266 6.65076e-05 368.515
2.27758 6.6281e-05 342.224
2.29249 6.60593e-05 321.027
2.30741 6.58415e-05 304.008
2.32232 6.56271e-05 290.366
2.33724 6.54155e-05 279.422
2.35215 6.52065e-05 270.608
2.36707 6.49998e-05 263.461
2.38198 6.47953e-05 257.606
2.3969 6.45929e-05 252.748
2.41181 6.43925e-05 248.653
2.42673 6.4194e-05 245.141
2.44164 6.39975e-05 242.075
2.45656 6.38028e-05 239.347
2.47147 6.36098e-05 236.879
2.48639 6.34187e-05 234.61
2.5013 6.32293e-05 232.494
2.51622 6.30415e-05 230.498
2.53113 6.28555e-05 228.596
2.54605 6.26711e-05 226.769
2.56096 6.24883e-05 225.004
2.57588 6.23071e-05 223.288
2.59079 6.21275e-05 221.615
2.60571 6.19495e-05 219.979
2.62062 6.17729e-05 218.375
2.63554 6.15979e-05 216.799
2.65045 6.14243e-05 215.25
2.66537 6.12522e-05 213.724
2.68028 6.10815e-05 212.221
2.6952 6.09123e-05 210.74
2.71011 6.07488e-05 209.286
2.72503 6.05714e-05 212.176
2.73994 6.04199e-05 208.562
2.75485 6.02408e-05 211.82
2.76977 6.00976e-05 206.984
2.78468 5.99126e-05 212.785
2.7996 5.97796e-05 206.07
2.81451 5.95917e-05 212.765
2.82943 5.94675e-05 204.702
2.84434 5.92742e-05 213.467
2.85926 5.91598e-05 203.701
2.87417 5.89628e-05 213.628
2.88909 5.88573e-05 202.464
2.904 5.86552e-05 214.184
2.91892 5.85593e-05 201.431
2.93383 5.83529e-05 214.442
2.94875 5.82661e-05 200.278
2.96366 5.80546e-05 214.914
2.97858 5.79772e-05 199.244
2.99349 5.77611e-05 215.222
3.00841 5.76929e-05 198.152
3.02332 5.74715e-05 215.646
3.03824 5.74127e-05 197.13
3.05315 5.71864e-05 215.978
3.06807 5.71367e-05 196.084
3.08298 5.69052e-05 216.372
3.0979 5.68648e-05 195.083
3.11281 5.66281e-05 216.715
3.12773 5.65968e-05 194.075
3.14264 5.63548e-05 217.091
3.15756 5.63327e-05 193.098
3.17247 5.60853e-05 217.437
3.18739 5.60724e-05 192.123
3.2023 5.58195e-05 217.8
3.21722 5.58158e-05 191.171
3.23213 5.55574e-05 218.146
3.24705 5.55629e-05 190.226
3.26196 5.52987e-05 218.499
3.27688 5.53134e-05 189.299
3.29179 5.50436e-05 218.841
3.30671 5.50674e-05 188.382
3.32162 5.47918e-05 219.187
3.33654 5.48248e-05 187.48
3.35145 5.45433e-05 219.525
3.36637 5.45855e-05 186.588
3.38128 5.4298e-05 219.864
3.3962 5.43494e-05 185.71
3.41111 5.4056e-05 220.198
3.42603 5.41164e-05 184.842
3.44094 5.38169e-05 220.531
3.45586 5.38866e-05 183.987
3.47077 5.3581e-05 220.861
3.48569 5.36597e-05 183.143
3.5006 5.33479e-05 221.188
3.51552 5.34358e-05 182.31
3.53043 5.31178e-05 221.513
3.54535 5.32149e-05 181.488
3.56026 5.28905e-05 221.835
3.57518 5.29967e-05 180.677
3.59009 5.2666e-05 222.154
3.60501 5.27814e-05 179.875
3.61992 5.24441e-05 222.472
3.63483 5.25687e-05 179.084
3.64975 5.2225e-05 222.787
3.66466 5.23587e-05 178.303
3.67958 5.20085e-05 223.099
3.69449 5.21514e-05 177.532
3.70941 5.17945e-05 223.409
3.72432 5.19465e-05 176.771
3.73924 5.1583e-05 223.717
3.75415 5.17442e-05 176.018
3.76907 5.1374e-05 224.023
3.78398 5.15444e-05 175.275
3.7989 5.11674e-05 224.326
3.81381 5.13469e-05 174.541
3.82873 5.09631e-05 224.628
3.84364 5.11519e-05 173.816
3.85856 5.07611e-05 224.927
3.87347 5.09591e-05 173.099
3.88839 5.05615e-05 225.223
3.9033 5.07686e-05 172.391
3.91822 5.0364e-05 225.518
3.93313 5.05804e-05 171.691
3.94805 5.01687e-05 225.811
3.96296 5.03943e-05 170.999
3.97788 4.99756e-05 226.101
3.99279 5.02104e-05 170.315
4.00771 4.97846e-05 226.39
4.02262 5.00414e-05 169.661
4.03754 4.95747e-05 235.381
4.05245 4.98428e-05 172.165
4.06737 4.94285e-05 220.728
4.08228 4.96721e-05 165.992
4.0972 4.92151e-05 229.445
4.11211 4.95012e-05 168.474
4.12703 4.90338e-05 230.952
4.14194 4.93256e-05 168.267
4.15686 4.88572e-05 229.701
4.17177 4.91492e-05 167.06
4.18669 4.86835e-05 227.446
4.2016 4.89738e-05 165.5
4.21652 4.8512e-05 224.853
4.23143 4.87998e-05 163.828
4.24635 4.83425e-05 222.168
4.26126 4.86276e-05 162.134
4.27618 4.81747e-05 219.483
4.29109 4.84571e-05 160.45
4.30601 4.80088e-05 216.829
4.32092 4.82883e-05 158.789
4.33584 4.78445e-05 214.219
4.35075 4.81213e-05 157.154
4.36567 4.7682e-05 211.656
4.38058 4.79561e-05 155.545
4.3955 4.75265e-05 209.152
4.41041 4.77871e-05 157.378
4.42533 4.73583e-05 210.087
4.44024 4.7634e-05 153.665
4.45516 4.72173e-05 205.534
4.47007 4.74568e-05 160.156
4.48498 4.70384e-05 211.074
4.4999 4.73211e-05 152.75
4.51481 4.69111e-05 202.934
4.52973 4.71363e-05 161.868
4.54464 4.6726e-05 211.002
4.55956 4.70133e-05 151.475
4.57447 4.66126e-05 200.031
4.58939 4.68202e-05 164.022
4.6043 4.64193e-05 211.364
4.61922 4.67121e-05 150.382
4.63413 4.63195e-05 197.357
4.64905 4.65105e-05 165.99
4.66396 4.61186e-05 211.542
4.67888 4.64164e-05 149.247
4.69379 4.60326e-05 194.692
4.70871 4.62062e-05 168.033
4.72362 4.58237e-05 211.791
4.73854 4.61266e-05 148.161
4.75345 4.57511e-05 192.122
4.76837 4.59044e-05 170.036
4.78328 4.55432e-05 203.089
4.7982 4.58359e-05 156.024
4.81311 4.54688e-05 198.163
4.82803 4.56007e-05 161.058
4.84294 4.53172e-05 202.126
4.85786 4.55148e-05 155.858
4.87277 4.51543e-05 196.407
4.88769 4.53784e-05 162.065
4.9026 4.5023e-05 201.482
4.91752 4.52343e-05 155.404
4.93243 4.48828e-05 194.496
4.94735 4.51016e-05 163.201
4.96226 4.47551e-05 201.019
4.97718 4.49589e-05 154.76
4.99209 4.46161e-05 192.443
5.00701 4.48297e-05 164.566
5.02192 4.44922e-05 200.779
5.03684 4.4688e-05 153.878
5.05175 4.43542e-05 190.206
5.06667 4.45627e-05 166.226
5.08158 4.42342e-05 200.814
5.0965 4.44217e-05 152.702
5.11141 4.40968e-05 187.735
5.12633 4.43005e-05 168.266
5.14124 4.3981e-05 201.192
5.15616 4.41596e-05 151.162
5.17107 4.38438e-05 184.971
5.18599 4.40387e-05 170.788
5.2009 4.37461e-05 191.603
5.21582 4.38916e-05 161.405
5.23073 4.3585e-05 192.877
5.24565 4.38014e-05 159.309
5.26056 4.34997e-05 190.402
5.27548 4.36349e-05 161.76
5.29039 4.33377e-05 191.826
5.30531 4.3556e-05 159.486
5.32022 4.32633e-05 189.238
5.33514 4.33813e-05 162.088
5.35005 4.30936e-05 190.77
5.36496 4.33157e-05 159.69
5.37988 4.30321e-05 188.123
5.39479 4.31117e-05 162.338
5.40971 4.29132e-05 189.797
5.42462 4.30363e-05 159.73
5.43954 4.27616e-05 186.79
5.45445 4.29326e-05 163.057
5.46937 4.26624e-05 189.088
5.48428 4.2796e-05 159.521
5.4992 4.25308e-05 185.34
5.51411 4.26978e-05 163.845
5.52903 4.24385e-05 188.503
5.54394 4.25583e-05 159.167
5.55886 4.23025e-05 183.787
5.57377 4.24678e-05 164.804
5.58869 4.22212e-05 188.084
5.6036 4.23179e-05 158.607
5.61852 4.20865e-05 182.102
5.63343 4.22372e-05 165.972
5.64835 4.19989e-05 187.832
5.66326 4.20905e-05 157.868
5.67818 4.188e-05 180.303
5.69309 4.2002e-05 167.322
5.70801 4.17725e-05 187.723
5.72292 4.18795e-05 156.989
5.73784 4.16724e-05 178.402
5.75275 4.17694e-05 168.863
5.76767 4.15524e-05 187.783
5.78258 4.167e-05 155.912
5.7975 4.1466e-05 176.358
5.81241 4.15413e-05 170.669
5.82733 4.13422e-05 178.655
5.84224 4.14583e-05 166.906
5.85716 4.12537e-05 184.409
5.87207 4.13266e-05 158.618
5.88699 4.11447e-05 176.931
5.9019 4.12357e-05 168.248
5.91682 4.1044e-05 184.343
5.93173 4.11222e-05 157.71
5.94665 4.0946e-05 175.081
5.96156 4.10167e-05 169.818
5.97648 4.0845e-05 184.483
5.99139 4.09128e-05 156.54
6.00631 4.07479e-05 173.034
6.02122 4.08058e-05 171.746
6.03614 4.06514e-05 173.189
6.05105 4.07026e-05 170.98
6.06597 4.05514e-05 173.815
6.08088 4.06016e-05 169.535
6.0958 4.04572e-05 182.019
6.11071 4.04977e-05 157.736
6.12563 4.03586e-05 171.915
6.14054 4.03985e-05 171.287
6.15546 4.02673e-05 171.794
6.17037 4.02912e-05 170.929
6.18529 4.01799e-05 171.832
6.2002 4.01848e-05 170.339
6.21512 4.00926e-05 172.226
6.23003 4.00774e-05 169.223
6.24494 4.00038e-05 179.112
6.25986 3.99829e-05 159.103
6.27477 3.99109e-05 170.521
6.28969 3.98728e-05 170.712
6.3046 3.98344e-05 170.192
6.31952 3.97733e-05 170.689
6.33443 3.97312e-05 169.704
6.34935 3.96922e-05 177.684
6.36426 3.96338e-05 159.324
6.37918 3.95927e-05 168.965
6.39409 3.95517e-05 176.324
6.40901 3.94976e-05 160.467
6.42392 3.94533e-05 169.129
6.43884 3.94134e-05 175.683
6.45375 3.93604e-05 160.644
6.46867 3.93169e-05 168.536
6.48358 3.92769e-05 174.463
6.4985 3.92252e-05 161.629
6.51341 3.91817e-05 168.581
6.52833 3.91415e-05 173.748
6.54324 3.90909e-05 161.929
6.55816 3.9048e-05 168.096
6.57307 3.90077e-05 172.634
6.58799 3.89584e-05 162.803
6.6029 3.89155e-05 168.059
6.61782 3.88751e-05 171.874
6.63273 3.88269e-05 163.19
6.64765 3.87846e-05 167.65
6.66256 3.8744e-05 170.839
6.67748 3.86971e-05 163.984
6.69239 3.86548e-05 167.557
6.70731 3.86164e-05 170.059
6.72222 3.85671e-05 164.421
6.73714 3.85213e-05 167.184
6.75205 3.84848e-05 169.064
6.76697 3.84474e-05 170.264
6.78188 3.84013e-05 163.232
6.7968 3.83558e-05 165.373
6.81171 3.83142e-05 166.768
6.82663 3.82725e-05 167.593
6.84154 3.8231e-05 167.985
6.85646 3.81896e-05 168.052
6.87137 3.81482e-05 167.874
6.88629 3.8107e-05 167.515
6.9012 3.80658e-05 167.021
6.91612 3.80248e-05 166.428
6.93103 3.79839e-05 165.763
6.94595 3.79431e-05 165.045
6.96086 3.79025e-05 164.29
6.97578 3.7862e-05 163.509
6.99069 3.78216e-05 162.71
7.00561 3.77813e-05 161.899
7.02052 3.77412e-05 161.081
7.03544 3.77011e-05 160.259
7.05035 3.76612e-05 159.437
7.06527 3.76215e-05 158.616
7.08018 3.75818e-05 157.796
7.0951 3.75423e-05 156.98
7.11001 3.75029e-05 156.169
7.12492 3.74636e-05 155.362
7.13984 3.74245e-05 154.56
7.15475 3.73855e-05 153.763
7.16967 3.73465e-05 152.972
7.18458 3.73078e-05 152.187
7.1995 3.72691e-05 151.408
7.21441 3.72306e-05 150.634
7.22933 3.71921e-05 149.867
7.24424 3.71538e-05 149.106
7.25916 3.71156e-05 148.35
7.27407 3.70776e-05 147.601
7.28899 3.70396e-05 146.858
7.3039 3.70018e-05 146.121
7.31882 3.69641e-05 145.39
7.33373 3.69264e-05 144.665
7.34865 3.6889e-05 143.946
7.36356 3.68516e-05 143.233
7.37848 3.68143e-05 142.527
7.39339 3.67772e-05 141.826
7.40831 3.67401e-05 141.131
7.42322 3.67032e-05 140.443
7.43814 3.66664e-05 139.761
7.45305 3.66297e-05 139.085
7.46797 3.65931e-05 138.415
7.48288 3.65566e-05 137.751
7.4978 3.65202e-05 137.093
7.51271 3.64839e-05 136.442
7.52763 3.64478e-05 135.797
7.54254 3.64117e-05 135.158
7.55746 3.63758e-05 134.526
7.57237 3.63399e-05 133.9
7.58729 3.63042e-05 133.281
7.6022 3.62686e-05 132.668
7.61712 3.62331e-05 132.062
7.63203 3.61976e-05 131.463
7.64695 3.61623e-05 130.87
7.66186 3.61271e-05 130.284
7.67678 3.6092e-05 129.706
7.69169 3.6057e-05 129.134
7.70661 3.60221e-05 128.57
7.72152 3.59873e-05 128.013
7.73644 3.59526e-05 127.464
7.75135 3.5918e-05 126.922
7.76627 3.58835e-05 126.388
7.78118 3.5849e-05 125.862
7.7961 3.58147e-05 125.345
7.81101 3.57805e-05 124.836
7.82593 3.57464e-05 124.335
7.84084 3.57124e-05 123.843
7.85576 3.56785e-05 123.36
7.87067 3.56447e-05 122.887
7.88559 3.5611e-05 122.423
7.9005 3.55773e-05 121.97
7.91542 3.55438e-05 121.526
7.93033 3.55104e-05 121.093
7.94525 3.5477e-05 120.671
7.96016 3.54438e-05 120.26
7.97508 3.54106e-05 119.861
7.98999 3.53776e-05 119.474
8.0049 3.53446e-05 119.099
8.01982 3.53117e-05 118.738
8.03473 3.52789e-05 118.39
8.04965 3.52462e-05 118.056
8.06456 3.52136e-05 117.737
8.07948 3.51811e-05 117.433
8.09439 3.51487e-05 117.145
8.10931 3.51164e-05 116.874
8.12422 3.50841e-05 116.62
8.13914 3.5052e-05 116.383
8.15405 3.50199e-05 116.166
8.16897 3.49879e-05 115.969
8.18388 3.4956e-05 115.792
8.1988 3.49242e-05 115.636
8.21371 3.48925e-05 115.504
8.22863 3.48609e-05 115.394
8.24354 3.48294e-05 115.31
8.25846 3.47979e-05 115.252
8.27337 3.47666e-05 115.221
8.28829 3.47353e-05 115.218
8.3032 3.47041e-05 115.245
8.31812 3.4673e-05 115.304
8.33303 3.46419e-05 115.396
8.34795 3.4611e-05 115.523
8.36286 3.45802e-05 115.687
8.37778 3.45494e-05 115.888
8.39269 3.45187e-05 116.131
8.40761 3.44881e-05 116.415
8.42252 3.44576e-05 116.744
8.43744 3.44271e-05 117.121
8.45235 3.43968e-05 117.547
8.46727 3.43665e-05 118.025
8.48218 3.43363e-05 118.557
8.4971 3.43062e-05 119.148
8.51201 3.42762e-05 119.799
8.52693 3.42463e-05 120.515
8.54184 3.42164e-05 121.298
8.55676 3.41867e-05 122.152
8.57167 3.4157e-05 123.081
8.58659 3.41274e-05 124.089
8.6015 3.40979e-05 125.18
8.61642 3.40685e-05 126.359
8.63133 3.40391e-05 127.631
8.64625 3.40099e-05 129
8.66116 3.39807e-05 130.472
8.67608 3.39516e-05 132.053
8.69099 3.39226e-05 133.747
8.70591 3.38937e-05 135.562
8.72082 3.38649e-05 137.505
8.73574 3.38362e-05 139.581
8.75065 3.38076e-05 141.799
8.76557 3.3779e-05 144.165
8.78048 3.37506e-05 146.689
8.7954 3.37223e-05 149.379
8.81031 3.36941e-05 152.243
8.82523 3.36659e-05 155.292
8.84014 3.36379e-05 158.534
8.85506 3.361e-05 161.982
8.86997 3.35822e-05 165.646
8.88488 3.35517e-05 169.53
8.8998 3.34221e-05 173.394
8.91471 3.36248e-05 163.331
8.92963 3.33998e-05 171.081
8.94454 3.35203e-05 168.945
8.95946 3.32115e-05 177.735
8.97437 3.3624e-05 162.397
8.98929 3.31983e-05 175.375
9.0042 3.35091e-05 168.206
9.01912 3.29616e-05 182.536
9.03403 3.3668e-05 161.625
9.04895 3.29593e-05 180.368
9.06386 3.35411e-05 167.272
9.07878 3.26598e-05 187.709
9.09369 3.37701e-05 161.157
9.10861 3.2669e-05 186.14
9.12352 3.36308e-05 166.093
9.13844 3.22923e-05 193.121
9.15335 3.39445e-05 161.163
9.16827 3.23099e-05 192.787
9.18318 3.37961e-05 164.62
9.1981 3.18464e-05 198.614
9.21301 3.42041e-05 161.817
9.22793 3.18606e-05 200.393
9.24284 3.40565e-05 162.834
9.25776 3.13292e-05 204.084
9.27267 3.45417e-05 163.155
9.28759 3.12787e-05 208.836
9.3025 3.44791e-05 161.085
9.31742 3.08022e-05 209.959
9.33233 3.48758e-05 164.413
9.34725 3.05984e-05 217.407
9.36216 3.5005e-05 169.054
9.37708 3.02502e-05 225.867
9.39199 3.4753e-05 175.698
9.40691 3.06553e-05 213.133
9.42182 3.47421e-05 174.665
9.43674 3.04156e-05 219.218
9.45165 3.45085e-05 180.69
9.46657 3.06753e-05 214.162
9.48148 3.43873e-05 182.474
9.4964 3.0637e-05 215.849
9.51131 3.4148e-05 186.827
9.52623 3.08378e-05 213.925
9.54114 3.39464e-05 189.763
9.55606 3.0924e-05 214.136
9.57097 3.3686e-05 193.492
9.58589 3.11132e-05 213.416
9.6008 3.34299e-05 196.825
9.61572 3.12707e-05 213.291
9.63063 3.3148e-05 200.347
9.64555 3.14647e-05 213.009
9.66046 3.28611e-05 203.761
9.67538 3.16549e-05 212.899
9.69029 3.25619e-05 207.182
9.70521 3.18355e-05 212.742
9.72012 3.22384e-05 210.446
9.73504 3.22341e-05 211.462
9.74995 3.21699e-05 213.921
9.76486 3.21147e-05 217.136
9.77978 3.20721e-05 220.777
9.79469 3.20374e-05 224.663
9.80961 3.20072e-05 228.69
9.82452 3.19793e-05 232.793
9.83944 3.19526e-05 236.937
9.85435 3.19264e-05 241.095
9.86927 3.19003e-05 245.253
9.88418 3.18742e-05 249.397
9.8991 3.18479e-05 253.519
9.91401 3.18213e-05 257.611
9.92893 3.17945e-05 261.666
9.94384 3.17674e-05 265.677
9.95876 3.174e-05 269.639
9.97367 3.17124e-05 273.546
9.98859 3.16846e-05 277.392
10.0035 3.16565e-05 281.173
10.0184 3.16282e-05 284.884
10.0333 3.15999e-05 288.521
10.0482 3.15714e-05 292.079
10.0632 3.15428e-05 295.554
10.0781 3.15143e-05 298.943
10.093 3.14858e-05 302.243
10.1079 3.14574e-05 305.452
10.1228 3.1429e-05 308.566
10.1377 3.14009e-05 311.583
10.1527 3.13729e-05 314.503
10.1676 3.13451e-05 317.323
10.1825 3.13176e-05 320.042
10.1974 3.12904e-05 322.661
10.2123 3.12634e-05 325.177
10.2272 3.12368e-05 327.592
10.2421 3.12105e-05 329.906
10.2571 3.11846e-05 332.119
10.272 3.1159e-05 334.232
10.2869 3.11338e-05 336.245
10.3018 3.1109e-05 338.161
10.3167 3.10844e-05 339.98
10.3316 3.10603e-05 341.703
10.3465 3.10365e-05 343.334
10.3615 3.1013e-05 344.873
10.3764 3.09898e-05 346.323
10.3913 3.09669e-05 347.685
10.4062 3.09443e-05 348.963
10.4211 3.0922e-05 350.157
10.436 3.09e-05 351.271
10.451 3.08782e-05 352.308
10.4659 3.08566e-05 353.268
10.4808 3.08352e-05 354.156
10.4957 3.0814e-05 354.973
10.5106 3.0793e-05 355.722
10.5255 3.07721e-05 356.405
10.5404 3.07514e-05 357.025
10.5554 3.07308e-05 357.585
10.5703 3.07104e-05 358.086
10.5852 3.069e-05 358.532
10.6001 3.06697e-05 358.924
10.615 3.06495e-05 359.264
10.6299 3.06294e-05 359.556
10.6448 3.06093e-05 359.801
10.6598 3.05893e-05 360.001
10.6747 3.05694e-05 360.159
10.6896 3.05494e-05 360.276
10.7045 3.05295e-05 360.355
10.7194 3.05097e-05 360.397
10.7343 3.04898e-05 360.404
10.7492 3.047e-05 360.378
10.7642 3.04502e-05 360.321
10.7791 3.04304e-05 360.234
10.794 3.04106e-05 360.119
10.8089 3.03908e-05 359.977
10.8238 3.0371e-05 359.81
10.8387 3.03513e-05 359.619
10.8537 3.03315e-05 359.405
10.8686 3.03117e-05 359.17
10.8835 3.0292e-05 358.915
10.8984 3.02722e-05 358.642
10.9133 3.02524e-05 358.35
10.9282 3.02327e-05 358.042
10.9431 3.02129e-05 357.718
10.9581 3.01932e-05 357.379
10.973 3.01735e-05 357.027
10.9879 3.01537e-05 356.661
11.0028 3.0134e-05 356.283
11.0177 3.01143e-05 355.894
11.0326 3.00946e-05 355.493
11.0475 3.00749e-05 355.083
11.0625 3.00552e-05 354.664
11.0774 3.00355e-05 354.235
11.0923 3.00159e-05 353.799
11.1072 2.99962e-05 353.355
11.1221 2.99766e-05 352.903
11.137 2.9957e-05 352.445
11.152 2.99374e-05 351.982
11.1669 2.99178e-05 351.512
11.1818 2.98982e-05 351.037
11.1967 2.98787e-05 350.557
11.2116 2.98592e-05 350.073
11.2265 2.98396e-05 349.585
11.2414 2.98202e-05 349.092
11.2564 2.98007e-05 348.597
11.2713 2.97813e-05 348.098
11.2862 2.97618e-05 347.596
11.3011 2.97424e-05 347.092
11.316 2.97231e-05 346.585
11.3309 2.97037e-05 346.076
11.3458 2.96844e-05 345.565
11.3608 2.96651e-05 345.052
11.3757 2.96459e-05 344.538
11.3906 2.96266e-05 344.022
11.4055 2.96074e-05 343.505
11.4204 2.95883e-05 342.987
11.4353 2.95691e-05 342.468
11.4503 2.955e-05 341.949
11.4652 2.95309e-05 341.428
11.4801 2.95118e-05 340.908
11.495 2.94928e-05 340.387
11.5099 2.94738e-05 339.865
11.5248 2.94548e-05 339.344
11.5397 2.94359e-05 338.822
11.5547 2.9417e-05 338.301
11.5696 2.93981e-05 337.779
11.5845 2.93792e-05 337.258
11.5994 2.93604e-05 336.737
11.6143 2.93417e-05 336.216
11.6292 2.93229e-05 335.696
11.6441 2.93042e-05 335.176
11.6591 2.92855e-05 334.657
11.674 2.92668e-05 334.139
11.6889 2.92482e-05 333.621
11.7038 2.92296e-05 333.103
11.7187 2.92111e-05 332.587
11.7336 2.91926e-05 332.071
11.7485 2.91741e-05 331.556
11.7635 2.91556e-05 331.042
11.7784 2.91372e-05 330.528
11.7933 2.91188e-05 330.016
11.8082 2.91004e-05 329.504
11.8231 2.90821e-05 328.994
11.838 2.90638e-05 328.484
11.853 2.90455e-05 327.976
11.8679 2.90273e-05 327.468
11.8828 2.90091e-05 326.962
11.8977 2.89909e-05 326.456
11.9126 2.89728e-05 325.952
11.9275 2.89547e-05 325.449
11.9424 2.89366e-05 324.947
11.9574 2.89186e-05 324.446
11.9723 2.89006e-05 323.946
11.9872 2.88826e-05 323.447
12.0021 2.88647e-05 322.95
12.017 2.88468e-05 322.453
12.0319 2.88289e-05 321.958
12.0468 2.88111e-05 321.464
12.0618 2.87933e-05 320.971
12.0767 2.87755e-05 320.48
12.0916 2.87578e-05 319.989
12.1065 2.87401e-05 319.5
12.1214 2.87224e-05 319.012
12.1363 2.87047e-05 318.525
12.1513 2.86871e-05 318.04
12.1662 2.86696e-05 317.556
12.1811 2.8652e-05 317.072
12.196 2.86345e-05 316.591
12.2109 2.8617e-05 316.11
12.2258 2.85995e-05 315.63
12.2407 2.85821e-05 315.152
12.2557 2.85647e-05 314.675
12.2706 2.85474e-05 314.2
12.2855 2.853e-05 313.725
12.3004 2.85127e-05 313.252
12.3153 2.84955e-05 312.78
12.3302 2.84782e-05 312.309
12.3451 2.8461e-05 311.839
12.3601 2.84439e-05 311.371
12.375 2.84267e-05 310.904
12.3899 2.84096e-05 310.438
12.4048 2.83925e-05 309.973
12.4197 2.83755e-05 309.509
12.4346 2.83585e-05 309.047
12.4495 2.83415e-05 308.586
12.4645 2.83245e-05 308.126
12.4794 2.83076e-05 307.667
12.4943 2.82907e-05 307.21
12.5092 2.82738e-05 306.754
12.5241 2.8257e-05 306.299
12.539 2.82402e-05 305.845
12.554 2.82234e-05 305.392
12.5689 2.82066e-05 304.941
12.5838 2.81899e-05 304.49
12.5987 2.81732e-05 304.041
12.6136 2.81566e-05 303.593
12.6285 2.81399e-05 303.146
12.6434 2.81233e-05 302.701
12.6584 2.81068e-05 302.256
12.6733 2.80902e-05 301.813
12.6882 2.80737e-05 301.371
12.7031 2.80572e-05 300.93
12.718 2.80408e-05 300.49
12.7329 2.80243e-05 300.051
12.7478 2.80079e-05 299.614
12.7628 2.79916e-05 299.178
12.7777 2.79752e-05 298.742
12.7926 2.79589e-05 298.308
12.8075 2.79426e-05 297.875
12.8224 2.79264e-05 297.443
12.8373 2.79102e-05 297.013
12.8523 2.7894e-05 296.583
12.8672 2.78778e-05 296.155
12.8821 2.78616e-05 295.727
12.897 2.78455e-05 295.301
12.9119 2.78294e-05 294.876
12.9268 2.78134e-05 294.452
12.9417 2.77973e-05 294.029
12.9567 2.77813e-05 293.607
12.9716 2.77654e-05 293.186
12.9865 2.77494e-05 292.767
13.0014 2.77335e-05 292.348
13.0163 2.77176e-05 291.931
13.0312 2.77017e-05 291.514
13.0461 2.76859e-05 291.099
13.0611 2.76701e-05 290.684
13.076 2.76543e-05 290.271
13.0909 2.76385e-05 289.859
13.1058 2.76228e-05 289.448
13.1207 2.76071e-05 289.038
13.1356 2.75914e-05 288.629
13.1506 2.75758e-05 288.221
13.1655 2.75602e-05 287.814
13.1804 2.75446e-05 287.408
13.1953 2.7529e-05 287.003
13.2102 2.75134e-05 286.599
13.2251 2.74979e-05 286.197
13.24 2.74824e-05 285.795
13.255 2.7467e-05 285.394
13.2699 2.74515e-05 284.994
13.2848 2.74361e-05 284.595
13.2997 2.74207e-05 284.198
13.3146 2.74054e-05 283.801
13.3295 2.739e-05 283.405
13.3444 2.73747e-05 283.011
13.3594 2.73594e-05 282.617
13.3743 2.73442e-05 282.224
13.3892 2.73289e-05 281.832
13.4041 2.73137e-05 281.441
13.419 2.72985e-05 281.052
13.4339 2.72834e-05 280.663
13.4488 2.72683e-05 280.275
13.4638 2.72531e-05 279.888
13.4787 2.72381e-05 279.502
13.4936 2.7223e-05 279.117
13.5085 2.7208e-05 278.733
13.5234 2.7193e-05 278.35
13.5383 2.7178e-05 277.968
13.5533 2.7163e-05 277.587
13.5682 2.71481e-05 277.207
13.5831 2.71332e-05 276.827
13.598 2.71183e-05 276.449
13.6129 2.71034e-05 276.072
13.6278 2.70886e-05 275.695
13.6427 2.70738e-05 275.32
13.6577 2.7059e-05 274.945
13.6726 2.70442e-05 274.571
13.6875 2.70295e-05 274.199
13.7024 2.70148e-05 273.827
13.7173 2.70001e-05 273.456
13.7322 2.69854e-05 273.086
13.7471 2.69708e-05 272.717
13.7621 2.69562e-05 272.349
13.777 2.69416e-05 271.981
13.7919 2.6927e-05 271.615
13.8068 2.69125e-05 271.249
13.8217 2.68979e-05 270.885
13.8366 2.68834e-05 270.521
13.8516 2.68689e-05 270.158
13.8665 2.68545e-05 269.796
13.8814 2.68401e-05 269.435
13.8963 2.68257e-05 269.075
13.9112 2.68113e-05 268.715
13.9261 2.67969e-05 268.357
13.941 2.67826e-05 267.999
13.956 2.67683e-05 267.642
13.9709 2.6754e-05 267.286
13.9858 2.67397e-05 266.931
14.0007 2.67254e-05 266.577
14.0156 2.67112e-05 266.224
14.0305 2.6697e-05 265.871
14.0454 2.66828e-05 265.52
14.0604 2.66687e-05 265.169
14.0753 2.66546e-05 264.819
14.0902 2.66404e-05 264.47
14.1051 2.66264e-05 264.121
14.12 2.66123e-05 263.774
14.1349 2.65982e-05 263.427
14.1498 2.65842e-05 263.081
14.1648 2.65702e-05 262.736
14.1797 2.65562e-05 262.392
14.1946 2.65423e-05 262.049
14.2095 2.65284e-05 261.706
14.2244 2.65144e-05 261.365
14.2393 2.65006e-05 261.024
14.2543 2.64867e-05 260.683
14.2692 2.64728e-05 260.344
14.2841 2.6459e-05 260.006
14.299 2.64452e-05 259.668
14.3139 2.64314e-05 259.331
14.3288 2.64177e-05 258.995
14.3437 2.64039e-05 258.659
14.3587 2.63902e-05 258.325
14.3736 2.63765e-05 257.991
14.3885 2.63628e-05 257.658
14.4034 2.63492e-05 257.326
14.4183 2.63356e-05 256.994
14.4332 2.6322e-05 256.664
14.4481 2.63084e-05 256.334
14.4631 2.62948e-05 256.004
14.478 2.62812e-05 255.676
14.4929 2.62677e-05 255.348
14.5078 2.62542e-05 255.022
14.5227 2.62407e-05 254.695
14.5376 2.62273e-05 254.37
14.5526 2.62138e-05 254.046
14.5675 2.62004e-05 253.722
14.5824 2.6187e-05 253.399
14.5973 2.61736e-05 253.076
14.6122 2.61603e-05 252.755
14.6271 2.61469e-05 252.434
14.642 2.61336e-05 252.114
14.657 2.61203e-05 251.794
14.6719 2.6107e-05 251.475
14.6868 2.60937e-05 251.158
14.7017 2.60805e-05 250.84
14.7166 2.60673e-05 250.524
14.7315 2.60541e-05 250.208
14.7464 2.60409e-05 249.893
14.7614 2.60278e-05 249.579
14.7763 2.60146e-05 249.265
14.7912 2.60015e-05 248.952
14.8061 2.59884e-05 248.64
14.821 2.59754e-05 248.329
14.8359 2.59625e-05 248.019
14.8509 2.59497e-05 247.71
14.8658 2.59372e-05 247.404
14.8807 2.5925e-05 247.101
14.8956 2.59135e-05 246.803
14.9105 2.59029e-05 246.511
14.9254 2.58933e-05 246.228
14.9403 2.58849e-05 245.955
14.9553 2.58778e-05 245.694
14.9702 2.58717e-05 245.443
14.9851 2.58665e-05 245.202
15 2.58615e-05 244.968
