0.1 0.000381376 13064.8
0.114915 0.000182237 38939.3
0.12983 0.000275198 27685.7
0.144745 0.000253297 28149.9
0.15966 0.000250983 25550.5
0.174575 0.000239181 24031.8
0.189489 0.000230189 22517.4
0.204404 0.000221502 21252.9
0.219319 0.000213846 20129.4
0.234234 0.000206892 19139
0.249149 0.000200587 18254.2
0.264064 0.000194822 17459.7
0.278979 0.000189528 16741.3
0.293894 0.000184644 16088.4
0.308809 0.000180119 15491.9
0.323724 0.000175911 14944.6
0.338639 0.000171985 14440.4
0.353554 0.00016831 13974.2
0.368468 0.000164861 13541.6
0.383383 0.00016161 13138.7
0.398298 0.000158528 12761.9
0.413213 0.000155568 12407.1
0.428128 0.000152636 12067.9
0.443043 0.000149528 11733.4
0.457958 0.000145807 11381.9
0.472873 0.000140574 10970.6
0.487788 0.000132071 10414.8
0.502703 0.000117185 9553.3
0.517618 0.000107497 6853.76
0.532533 0.00011795 2900.22
0.547447 0.000182492 1061.82
0.562362 0.000125435 3892.03
0.577277 0.000169522 1040.75
0.592192 0.000114255 3604.92
0.607107 0.000151424 942.56
0.622022 0.000107925 3271.67
0.636937 0.000144495 887.747
0.651852 0.000103623 3055.58
0.666767 0.000141419 860.384
0.681682 0.00010035 2909.87
0.696597 0.00013875 835.401
0.711512 9.76198e-05 2781.95
0.726426 0.000136312 833.494
0.741341 9.51084e-05 2700.07
0.756256 0.000134044 831.614
0.771171 9.27404e-05 2623.37
0.786086 0.000131864 833.408
0.801001 9.05213e-05 2557.24
0.815916 0.000129821 835.768
0.830831 8.84799e-05 2496.7
0.845746 0.000127845 839.083
0.860661 8.65705e-05 2441.4
0.875576 0.000126016 843.037
0.89049 8.47919e-05 2390.58
0.905405 0.000124236 847.044
0.92032 8.30783e-05 2342.26
0.935235 0.000122509 851.782
0.95015 8.1372e-05 2296.38
0.965065 0.000120913 857.36
0.97998 7.97204e-05 2253.57
0.994895 0.000119423 863.043
1.00981 7.81541e-05 2213.16
1.02472 0.000117986 868.806
1.03964 7.66791e-05 2175.09
1.05455 0.000116597 874.44
1.06947 7.52838e-05 2138.88
1.08438 0.000115242 880.074
1.0993 7.39708e-05 2104.66
1.11421 0.000113926 885.482
1.12913 7.27305e-05 2071.96
1.14404 0.000112636 890.824
1.15896 7.15639e-05 2040.95
1.17387 0.000111379 895.894
1.18879 7.04627e-05 2011.24
1.2037 0.000110143 900.849
1.21862 6.94272e-05 1982.97
1.23353 0.000108938 905.519
1.24845 6.84499e-05 1955.82
1.26336 0.000107749 910.038
1.27828 6.75309e-05 1929.91
1.29319 0.000106587 914.278
1.30811 6.66632e-05 1904.99
1.32302 0.00010544 918.342
1.33794 6.58472e-05 1881.14
1.35285 0.000104319 922.145
1.36777 6.50763e-05 1858.16
1.38268 0.000103211 925.754
1.3976 6.43509e-05 1836.11
1.41251 0.000102126 929.127
1.42743 6.3665e-05 1814.85
1.44234 0.000101054 932.295
1.45726 6.30192e-05 1794.39
1.47217 0.000100005 935.255
1.48709 6.24077e-05 1774.63
1.502 9.89675e-05 938.007
1.51692 6.18317e-05 1755.58
1.53183 9.79514e-05 940.576
1.54675 6.12852e-05 1737.15
1.56166 9.69454e-05 942.938
1.57658 6.07701e-05 1719.33
1.59149 9.59593e-05 945.138
1.60641 6.02804e-05 1702.05
1.62132 9.49803e-05 947.135
1.63624 5.98183e-05 1685.29
1.65115 9.40162e-05 948.977
1.66607 5.93778e-05 1668.94
1.68098 9.30507e-05 950.609
1.6959 5.89614e-05 1652.92
1.71081 9.20854e-05 952.066
1.72573 5.85625e-05 1637.06
1.74064 9.10932e-05 953.267
1.75556 5.81838e-05 1621.13
1.77047 9.00589e-05 954.205
1.78539 5.78199e-05 1604.69
1.8003 8.89305e-05 954.738
1.81522 5.748e-05 1587.14
1.83013 8.76654e-05 954.773
1.84505 5.71805e-05 1567.58
1.85996 8.61963e-05 954.052
1.87487 5.69919e-05 1544.96
1.88979 8.45128e-05 952.311
1.9047 5.70664e-05 1518.21
1.91962 8.26535e-05 948.886
1.93453 5.77158e-05 1486.39
1.94945 8.07404e-05 942.616
1.96436 5.93858e-05 1447.91
1.97928 7.87851e-05 931.89
1.99419 6.24013e-05 1397.91
2.00911 7.66622e-05 919.35
2.02402 6.61846e-05 1326.83
2.03894 7.43437e-05 918.499
2.05385 6.90976e-05 1231.45
2.06877 7.21614e-05 944.15
2.08368 7.01333e-05 1123.82
2.0986 7.04036e-05 994.674
2.11351 6.92524e-05 1013.2
2.12843 6.93261e-05 960.191
2.14334 6.9212e-05 876.468
2.15826 6.88446e-05 784.4
2.17317 6.84153e-05 695.981
2.18809 6.80119e-05 616.58
2.203 6.76538e-05 547.874
2.21792 6.73365e-05 489.743
2.23283 6.70504e-05 441.301
2.24775 6.67868e-05 401.392
2.26266 6.65391e-05 368.814
2.27758 6.63026e-05 342.418
2.29249 6.60744e-05 321.155
2.30741 6.58522e-05 304.093
2.32232 6.56347e-05 290.423
2.33724 6.54209e-05 279.461
2.35215 6.52104e-05 270.635
2.36707 6.50026e-05 263.48
2.38198 6.47974e-05 257.62
2.3969 6.45944e-05 252.757
2.41181 6.43936e-05 248.66
2.42673 6.41949e-05 245.146
2.44164 6.39981e-05 242.078
2.45656 6.38032e-05 239.35
2.47147 6.36102e-05 236.881
2.48639 6.34189e-05 234.612
2.5013 6.32295e-05 232.495
2.51622 6.30417e-05 230.499
2.53113 6.28556e-05 228.597
2.54605 6.26712e-05 226.77
2.56096 6.24884e-05 225.004
2.57588 6.23072e-05 223.288
2.59079 6.21276e-05 221.615
2.60571 6.19495e-05 219.979
2.62062 6.17729e-05 218.375
2.63554 6.15979e-05 216.799
2.65045 6.14243e-05 215.25
2.66537 6.12522e-05 213.724
2.68028 6.10815e-05 212.221
2.6952 6.09123e-05 210.74
2.71011 6.07537e-05 209.294
2.72503 6.05641e-05 212.151
2.73994 6.04276e-05 208.563
2.75485 6.02317e-05 211.803
2.76977 6.01097e-05 206.996
2.78468 5.98984e-05 212.741
2.7996 5.9795e-05 206.075
2.81451 5.95747e-05 212.727
2.82943 5.9487e-05 204.718
2.84434 5.92527e-05 213.405
2.85926 5.91828e-05 203.711
2.87417 5.8938e-05 213.568
2.88909 5.88844e-05 202.481
2.904 5.86261e-05 214.103
2.91892 5.859e-05 201.446
2.93383 5.83203e-05 214.359
2.94875 5.83008e-05 200.299
2.96366 5.80179e-05 214.813
2.97858 5.80157e-05 199.263
2.99349 5.77207e-05 215.116
3.00841 5.77353e-05 198.176
3.02332 5.74271e-05 215.524
3.03824 5.74589e-05 197.154
3.05315 5.71382e-05 215.848
3.06807 5.71869e-05 196.112
3.08298 5.6853e-05 216.228
3.0979 5.69189e-05 195.111
3.11281 5.6572e-05 216.562
3.12773 5.6655e-05 194.106
3.14264 5.62946e-05 216.924
3.15756 5.63949e-05 193.13
3.17247 5.60212e-05 217.259
3.18739 5.61386e-05 192.158
3.2023 5.57514e-05 217.609
3.21722 5.5886e-05 191.207
3.23213 5.54852e-05 217.943
3.24705 5.56371e-05 190.265
3.26196 5.52225e-05 218.283
3.27688 5.53916e-05 189.339
3.29179 5.49633e-05 218.613
3.30671 5.51497e-05 188.424
3.32162 5.47075e-05 218.945
3.33654 5.49112e-05 187.524
3.35145 5.44549e-05 219.271
3.36637 5.46759e-05 186.634
3.38128 5.42055e-05 219.596
3.3962 5.4444e-05 185.758
3.41111 5.39593e-05 219.917
3.42603 5.42151e-05 184.892
3.44094 5.37162e-05 220.236
3.45586 5.39894e-05 184.039
3.47077 5.3476e-05 220.551
3.48569 5.37667e-05 183.197
3.5006 5.32388e-05 220.865
3.51552 5.3547e-05 182.366
3.53043 5.30045e-05 221.175
3.54535 5.33302e-05 181.546
3.56026 5.2773e-05 221.483
3.57518 5.31163e-05 180.737
3.59009 5.25443e-05 221.788
3.60501 5.29051e-05 179.937
3.61992 5.23183e-05 222.09
3.63483 5.26967e-05 179.148
3.64975 5.20949e-05 222.39
3.66466 5.2491e-05 178.369
3.67958 5.18741e-05 222.688
3.69449 5.22878e-05 177.6
3.70941 5.16559e-05 222.983
3.72432 5.20873e-05 176.841
3.73924 5.14401e-05 223.275
3.75415 5.18893e-05 176.09
3.76907 5.12268e-05 223.565
3.78398 5.16937e-05 175.349
3.7989 5.10159e-05 223.853
3.81381 5.15006e-05 174.617
3.82873 5.08073e-05 224.138
3.84364 5.13098e-05 173.894
3.85856 5.06011e-05 224.421
3.87347 5.11214e-05 173.179
3.88839 5.03971e-05 224.701
3.9033 5.09352e-05 172.473
3.91822 5.01953e-05 224.98
3.93313 5.07513e-05 171.775
3.94805 4.99956e-05 225.256
3.96296 5.05696e-05 171.085
3.97788 4.97981e-05 225.529
3.99279 5.03901e-05 170.403
4.00771 4.9603e-05 225.801
4.02262 5.02397e-05 169.775
4.03754 4.9365e-05 235.001
4.05245 5.00244e-05 172.339
4.06737 4.92602e-05 220.019
4.08228 4.98664e-05 166.049
4.0972 4.90099e-05 229.025
4.11211 4.97053e-05 168.666
4.12703 4.8826e-05 230.66
4.14194 4.95323e-05 168.512
4.15686 4.86498e-05 229.462
4.17177 4.93556e-05 167.323
4.18669 4.84775e-05 227.232
4.2016 4.91787e-05 165.767
4.21652 4.83079e-05 224.651
4.23143 4.90029e-05 164.094
4.24635 4.81403e-05 221.973
4.26126 4.88287e-05 162.397
4.27618 4.79746e-05 219.292
4.29109 4.86562e-05 160.709
4.30601 4.78106e-05 216.643
4.32092 4.84855e-05 159.044
4.33584 4.76484e-05 214.037
4.35075 4.83165e-05 157.404
4.36567 4.74877e-05 211.477
4.38058 4.81494e-05 155.792
4.3955 4.73405e-05 208.99
4.41041 4.79719e-05 157.863
4.42533 4.7164e-05 210.139
4.44024 4.78276e-05 153.996
4.45516 4.70434e-05 205.486
4.47007 4.76294e-05 160.503
4.48498 4.68414e-05 210.973
4.4999 4.75177e-05 153.029
4.51481 4.67461e-05 202.854
4.52973 4.72997e-05 162.242
4.54464 4.65274e-05 210.918
4.55956 4.72117e-05 151.764
4.57447 4.64578e-05 199.983
4.58939 4.69729e-05 164.347
4.6043 4.62188e-05 211.22
4.61922 4.69128e-05 150.652
4.63413 4.61745e-05 197.314
4.64905 4.66529e-05 166.297
4.66396 4.59165e-05 211.371
4.67888 4.66194e-05 149.512
4.69379 4.58976e-05 194.665
4.70871 4.63378e-05 168.306
4.72362 4.56199e-05 211.578
4.73854 4.63319e-05 148.414
4.75345 4.56261e-05 192.105
4.76837 4.60076e-05 170.249
4.78328 4.53925e-05 202.374
4.7982 4.60056e-05 157.137
4.81311 4.53141e-05 198.882
4.82803 4.57543e-05 160.458
4.84294 4.51488e-05 201.187
4.85786 4.56819e-05 157.232
4.87277 4.50067e-05 197.38
4.88769 4.55244e-05 161.131
4.9026 4.48576e-05 200.243
4.91752 4.53994e-05 157.127
4.93243 4.47417e-05 195.801
4.94735 4.52407e-05 161.827
4.96226 4.45913e-05 199.385
4.97718 4.51225e-05 156.942
4.99209 4.44822e-05 194.181
5.00701 4.49614e-05 162.608
5.02192 4.43295e-05 198.623
5.03684 4.4851e-05 156.663
5.05175 4.42282e-05 192.506
5.06667 4.4686e-05 163.492
5.08158 4.40719e-05 197.97
5.0965 4.45848e-05 156.275
5.11141 4.39796e-05 190.763
5.12633 4.44143e-05 164.5
5.14124 4.38181e-05 197.441
5.15616 4.4324e-05 155.757
5.17107 4.37365e-05 188.937
5.18599 4.41393e-05 165.643
5.2009 4.35894e-05 197.093
5.21582 4.40531e-05 155.019
5.23073 4.34834e-05 186.912
5.24565 4.38875e-05 167.132
5.26056 4.33725e-05 197.078
5.27548 4.37746e-05 153.887
5.29039 4.32231e-05 184.542
5.30531 4.36586e-05 169.187
5.32022 4.31547e-05 197.552
5.33514 4.34986e-05 152.208
5.35005 4.29657e-05 181.718
5.36496 4.34402e-05 171.979
5.37988 4.2928e-05 185.464
5.39479 4.32168e-05 166.032
5.40971 4.27805e-05 192.726
5.42462 4.31695e-05 156.357
5.43954 4.26619e-05 183.612
5.45445 4.30251e-05 167.476
5.46937 4.2543e-05 192.645
5.48428 4.29202e-05 155.363
5.4992 4.24313e-05 181.496
5.51411 4.27897e-05 169.246
5.52903 4.23316e-05 192.897
5.54394 4.267e-05 153.98
5.55886 4.21999e-05 179.064
5.57377 4.25653e-05 171.548
5.58869 4.21233e-05 181.788
5.6036 4.24172e-05 167.089
5.61852 4.19839e-05 189.121
5.63343 4.2338e-05 157.032
5.64835 4.19072e-05 180.002
5.66326 4.21797e-05 168.429
5.67818 4.17838e-05 189.05
5.69309 4.20989e-05 156.057
5.70801 4.16841e-05 177.981
5.72292 4.19646e-05 170.189
5.73784 4.15832e-05 180.982
5.75275 4.18597e-05 165.452
5.76767 4.14654e-05 184.74
5.78258 4.17543e-05 159.93
5.7975 4.13834e-05 179.573
5.81241 4.16226e-05 166.279
5.82733 4.12621e-05 184.261
5.84224 4.15369e-05 159.516
5.85716 4.11777e-05 178.093
5.87207 4.14015e-05 167.26
5.88699 4.10684e-05 183.935
5.9019 4.13103e-05 158.895
5.91682 4.09762e-05 176.464
5.93173 4.1186e-05 168.493
5.94665 4.08812e-05 183.83
5.96156 4.1081e-05 157.992
5.97648 4.07844e-05 174.64
5.99139 4.09725e-05 170.049
6.00631 4.0684e-05 176.183
6.02122 4.08679e-05 167.299
6.03614 4.05992e-05 181.201
6.05105 4.07526e-05 159.889
6.06597 4.04935e-05 174.602
6.08088 4.06604e-05 168.514
6.0958 4.04072e-05 181.085
6.11071 4.05416e-05 159.041
6.12563 4.03173e-05 172.891
6.14054 4.04389e-05 169.927
6.15546 4.02253e-05 181.146
6.17037 4.03306e-05 157.968
6.18529 4.01502e-05 171.036
6.2002 4.02068e-05 171.573
6.21512 4.00737e-05 170.333
6.23003 4.00947e-05 172.083
6.24494 3.99864e-05 169.089
6.25986 3.99984e-05 178.832
6.27477 3.99004e-05 159.169
6.28969 3.9879e-05 170.353
6.3046 3.98318e-05 170.723
6.31952 3.9771e-05 169.89
6.33443 3.97353e-05 178.083
6.34935 3.96914e-05 159.045
6.36426 3.96305e-05 168.973
6.37918 3.95972e-05 176.586
6.39409 3.95497e-05 160.356
6.40901 3.94968e-05 169.282
6.42392 3.94555e-05 176.049
6.43884 3.94127e-05 160.389
6.45375 3.9358e-05 168.57
6.46867 3.93204e-05 174.737
6.48358 3.92756e-05 161.493
6.4985 3.92236e-05 168.711
6.51341 3.91841e-05 174.092
6.52833 3.91408e-05 161.693
6.54324 3.90891e-05 168.144
6.55816 3.90506e-05 172.913
6.57307 3.90067e-05 162.649
6.58799 3.89573e-05 168.173
6.6029 3.89176e-05 172.2
6.61782 3.8874e-05 162.963
6.63273 3.88262e-05 167.707
6.64765 3.87863e-05 171.118
6.66256 3.87432e-05 163.817
6.67748 3.86963e-05 167.66
6.69239 3.86562e-05 170.367
6.70731 3.86178e-05 164.221
6.72222 3.85669e-05 167.269
6.73714 3.8514e-05 169.333
6.75205 3.84878e-05 170.697
6.76697 3.84505e-05 162.85
6.78188 3.84048e-05 165.324
6.7968 3.83545e-05 166.956
6.81171 3.83128e-05 167.96
6.82663 3.82716e-05 168.487
6.84154 3.82303e-05 168.655
6.85646 3.8189e-05 168.552
6.87137 3.81478e-05 168.248
6.88629 3.81066e-05 167.793
6.9012 3.80656e-05 167.229
6.91612 3.80246e-05 166.583
6.93103 3.79838e-05 165.878
6.94595 3.79431e-05 165.131
6.96086 3.79024e-05 164.354
6.97578 3.78619e-05 163.556
6.99069 3.78215e-05 162.745
7.00561 3.77813e-05 161.925
7.02052 3.77411e-05 161.1
7.03544 3.77011e-05 160.274
7.05035 3.76612e-05 159.448
7.06527 3.76215e-05 158.624
7.08018 3.75818e-05 157.802
7.0951 3.75423e-05 156.985
7.11001 3.75029e-05 156.172
7.12492 3.74636e-05 155.364
7.13984 3.74245e-05 154.562
7.15475 3.73855e-05 153.765
7.16967 3.73466e-05 152.973
7.18458 3.73078e-05 152.188
7.1995 3.72691e-05 151.408
7.21441 3.72306e-05 150.635
7.22933 3.71921e-05 149.867
7.24424 3.71538e-05 149.106
7.25916 3.71156e-05 148.35
7.27407 3.70776e-05 147.601
7.28899 3.70396e-05 146.858
7.3039 3.70018e-05 146.121
7.31882 3.69641e-05 145.39
7.33373 3.69265e-05 144.665
7.34865 3.6889e-05 143.946
7.36356 3.68516e-05 143.233
7.37848 3.68143e-05 142.527
7.39339 3.67772e-05 141.826
7.40831 3.67401e-05 141.132
7.42322 3.67032e-05 140.443
7.43814 3.66664e-05 139.761
7.45305 3.66297e-05 139.085
7.46797 3.65931e-05 138.415
7.48288 3.65566e-05 137.751
7.4978 3.65202e-05 137.093
7.51271 3.6484e-05 136.442
7.52763 3.64478e-05 135.797
7.54254 3.64117e-05 135.158
7.55746 3.63758e-05 134.526
7.57237 3.634e-05 133.9
7.58729 3.63042e-05 133.281
7.6022 3.62686e-05 132.668
7.61712 3.62331e-05 132.062
7.63203 3.61977e-05 131.463
7.64695 3.61623e-05 130.87
7.66186 3.61271e-05 130.285
7.67678 3.6092e-05 129.706
7.69169 3.6057e-05 129.134
7.70661 3.60221e-05 128.57
7.72152 3.59873e-05 128.013
7.73644 3.59526e-05 127.464
7.75135 3.5918e-05 126.922
7.76627 3.58835e-05 126.388
7.78118 3.58491e-05 125.863
7.7961 3.58148e-05 125.345
7.81101 3.57806e-05 124.836
7.82593 3.57465e-05 124.335
7.84084 3.57125e-05 123.843
7.85576 3.56785e-05 123.361
7.87067 3.56447e-05 122.887
7.88559 3.5611e-05 122.424
7.9005 3.55774e-05 121.97
7.91542 3.55439e-05 121.526
7.93033 3.55104e-05 121.093
7.94525 3.54771e-05 120.671
7.96016 3.54438e-05 120.26
7.97508 3.54107e-05 119.861
7.98999 3.53776e-05 119.474
8.0049 3.53447e-05 119.1
8.01982 3.53118e-05 118.738
8.03473 3.5279e-05 118.391
8.04965 3.52463e-05 118.057
8.06456 3.52137e-05 117.738
8.07948 3.51812e-05 117.434
8.09439 3.51488e-05 117.146
8.10931 3.51165e-05 116.874
8.12422 3.50843e-05 116.62
8.13914 3.50521e-05 116.384
8.15405 3.50201e-05 116.167
8.16897 3.49881e-05 115.97
8.18388 3.49562e-05 115.793
8.1988 3.49244e-05 115.637
8.21371 3.48927e-05 115.505
8.22863 3.48611e-05 115.396
8.24354 3.48296e-05 115.311
8.25846 3.47982e-05 115.253
8.27337 3.47668e-05 115.222
8.28829 3.47356e-05 115.22
8.3032 3.47044e-05 115.247
8.31812 3.46733e-05 115.306
8.33303 3.46423e-05 115.398
8.34795 3.46114e-05 115.525
8.36286 3.45806e-05 115.689
8.37778 3.45498e-05 115.891
8.39269 3.45192e-05 116.133
8.40761 3.44886e-05 116.418
8.42252 3.44581e-05 116.747
8.43744 3.44277e-05 117.124
8.45235 3.43974e-05 117.55
8.46727 3.43672e-05 118.028
8.48218 3.4337e-05 118.561
8.4971 3.4307e-05 119.152
8.51201 3.4277e-05 119.804
8.52693 3.42472e-05 120.52
8.54184 3.42174e-05 121.303
8.55676 3.41877e-05 122.158
8.57167 3.41581e-05 123.087
8.58659 3.41286e-05 124.096
8.6015 3.40992e-05 125.188
8.61642 3.40699e-05 126.368
8.63133 3.40406e-05 127.64
8.64625 3.40115e-05 129.01
8.66116 3.39825e-05 130.483
8.67608 3.39536e-05 132.065
8.69099 3.39247e-05 133.761
8.70591 3.3896e-05 135.577
8.72082 3.38674e-05 137.521
8.73574 3.38389e-05 139.599
8.75065 3.38106e-05 141.819
8.76557 3.37823e-05 144.188
8.78048 3.37542e-05 146.714
8.7954 3.37262e-05 149.406
8.81031 3.36983e-05 152.274
8.82523 3.36706e-05 155.326
8.84014 3.36431e-05 158.573
8.85506 3.36157e-05 162.025
8.86997 3.3588e-05 165.693
8.88488 3.35494e-05 169.561
8.8998 3.33336e-05 173.187
8.91471 3.37473e-05 163.921
8.92963 3.33388e-05 171.386
8.94454 3.35967e-05 168.686
8.95946 3.30475e-05 177.091
8.97437 3.38314e-05 163.785
8.98929 3.30507e-05 176.104
9.0042 3.36791e-05 167.589
9.01912 3.27024e-05 181.315
9.03403 3.39803e-05 164.013
9.04895 3.26932e-05 181.622
9.06386 3.38381e-05 166.279
9.07878 3.22886e-05 185.805
9.09369 3.42042e-05 164.684
9.10861 3.22463e-05 187.953
9.12352 3.40945e-05 164.829
9.13844 3.17994e-05 190.541
9.15335 3.4508e-05 165.798
9.16827 3.16901e-05 195.024
9.18318 3.44684e-05 163.412
9.1981 3.1235e-05 195.604
9.21301 3.48868e-05 167.199
9.22793 3.10114e-05 202.602
9.24284 3.49746e-05 162.343
9.25776 3.06106e-05 201.257
9.27267 3.5313e-05 168.446
9.28759 3.01845e-05 210.098
9.3025 3.56841e-05 160.325
9.31742 3.00042e-05 206.461
9.33233 3.56232e-05 170.395
9.34725 2.97402e-05 209.844
9.36216 3.59377e-05 170.927
9.37708 2.93807e-05 212.436
9.39199 3.555e-05 172.365
9.40691 2.9964e-05 216.832
9.42182 3.54404e-05 177.95
9.43674 2.98465e-05 211.148
9.45165 3.50971e-05 178.862
9.46657 3.01736e-05 215.645
9.48148 3.48515e-05 184.352
9.4964 3.0307e-05 211.394
9.51131 3.45302e-05 185.938
9.52623 3.05481e-05 214.43
9.54114 3.42265e-05 190.781
9.55606 3.07641e-05 211.862
9.57097 3.39025e-05 193.091
9.58589 3.09932e-05 213.658
9.6008 3.35817e-05 197.391
9.61572 3.12232e-05 212.207
9.63063 3.32572e-05 200.172
9.64555 3.14501e-05 213.235
9.66046 3.29362e-05 204.105
9.67538 3.1669e-05 212.407
9.69029 3.26152e-05 207.112
9.70521 3.18832e-05 213.006
9.72012 3.23402e-05 210.908
9.73504 3.23746e-05 212.153
9.74995 3.23095e-05 214.732
9.76486 3.22392e-05 217.966
9.77978 3.2182e-05 221.574
9.79469 3.21368e-05 225.414
9.80961 3.20993e-05 229.398
9.82452 3.20664e-05 233.469
9.83944 3.20359e-05 237.587
9.85435 3.20066e-05 241.727
9.86927 3.19777e-05 245.87
9.88418 3.19487e-05 250.001
9.8991 3.19194e-05 254.109
9.91401 3.18896e-05 258.185
9.92893 3.18591e-05 262.221
9.94384 3.18281e-05 266.211
9.95876 3.17964e-05 270.148
9.97367 3.17642e-05 274.026
9.98859 3.17315e-05 277.84
10.0035 3.16983e-05 281.585
10.0184 3.16647e-05 285.256
10.0333 3.16309e-05 288.85
10.0482 3.15968e-05 292.362
10.0632 3.15626e-05 295.789
10.0781 3.15283e-05 299.128
10.093 3.14941e-05 302.376
10.1079 3.146e-05 305.531
10.1228 3.14261e-05 308.591
10.1377 3.13925e-05 311.555
10.1527 3.13593e-05 314.42
10.1676 3.13264e-05 317.187
10.1825 3.12941e-05 319.854
10.1974 3.12623e-05 322.422
10.2123 3.12311e-05 324.89
10.2272 3.12005e-05 327.258
10.2421 3.11706e-05 329.527
10.2571 3.11413e-05 331.699
10.272 3.11126e-05 333.772
10.2869 3.10847e-05 335.75
10.3018 3.10574e-05 337.633
10.3167 3.10308e-05 339.422
10.3316 3.10049e-05 341.12
10.3465 3.09796e-05 342.727
10.3615 3.09549e-05 344.247
10.3764 3.09308e-05 345.68
10.3913 3.09073e-05 347.029
10.4062 3.08843e-05 348.296
10.4211 3.08618e-05 349.484
10.436 3.08398e-05 350.593
10.451 3.08183e-05 351.627
10.4659 3.07971e-05 352.588
10.4808 3.07764e-05 353.479
10.4957 3.07559e-05 354.301
10.5106 3.07358e-05 355.056
10.5255 3.0716e-05 355.748
10.5404 3.06964e-05 356.378
10.5554 3.0677e-05 356.949
10.5703 3.06578e-05 357.463
10.5852 3.06388e-05 357.922
10.6001 3.062e-05 358.329
10.615 3.06012e-05 358.685
10.6299 3.05826e-05 358.993
10.6448 3.0564e-05 359.254
10.6598 3.05456e-05 359.471
10.6747 3.05271e-05 359.646
10.6896 3.05087e-05 359.781
10.7045 3.04903e-05 359.877
10.7194 3.0472e-05 359.937
10.7343 3.04536e-05 359.961
10.7492 3.04353e-05 359.952
10.7642 3.04169e-05 359.912
10.7791 3.03985e-05 359.842
10.794 3.03801e-05 359.743
10.8089 3.03617e-05 359.617
10.8238 3.03432e-05 359.466
10.8387 3.03247e-05 359.29
10.8537 3.03061e-05 359.092
10.8686 3.02876e-05 358.871
10.8835 3.0269e-05 358.631
10.8984 3.02503e-05 358.37
10.9133 3.02316e-05 358.092
10.9282 3.02129e-05 357.796
10.9431 3.01941e-05 357.485
10.9581 3.01753e-05 357.157
10.973 3.01565e-05 356.816
10.9879 3.01376e-05 356.461
11.0028 3.01187e-05 356.093
11.0177 3.00998e-05 355.714
11.0326 3.00809e-05 355.323
11.0475 3.00619e-05 354.922
11.0625 3.00429e-05 354.511
11.0774 3.00239e-05 354.09
11.0923 3.00048e-05 353.662
11.1072 2.99858e-05 353.225
11.1221 2.99667e-05 352.781
11.137 2.99476e-05 352.329
11.152 2.99285e-05 351.872
11.1669 2.99094e-05 351.408
11.1818 2.98903e-05 350.939
11.1967 2.98712e-05 350.465
11.2116 2.98521e-05 349.986
11.2265 2.9833e-05 349.502
11.2414 2.98139e-05 349.015
11.2564 2.97947e-05 348.523
11.2713 2.97756e-05 348.028
11.2862 2.97565e-05 347.531
11.3011 2.97374e-05 347.03
11.316 2.97184e-05 346.526
11.3309 2.96993e-05 346.021
11.3458 2.96802e-05 345.513
11.3608 2.96612e-05 345.003
11.3757 2.96421e-05 344.491
11.3906 2.96231e-05 343.978
11.4055 2.96041e-05 343.464
11.4204 2.95851e-05 342.948
11.4353 2.95661e-05 342.432
11.4503 2.95472e-05 341.914
11.4652 2.95282e-05 341.396
11.4801 2.95093e-05 340.877
11.495 2.94904e-05 340.358
11.5099 2.94716e-05 339.838
11.5248 2.94527e-05 339.318
11.5397 2.94339e-05 338.798
11.5547 2.94151e-05 338.278
11.5696 2.93963e-05 337.758
11.5845 2.93776e-05 337.238
11.5994 2.93589e-05 336.718
11.6143 2.93402e-05 336.199
11.6292 2.93215e-05 335.679
11.6441 2.93029e-05 335.161
11.6591 2.92843e-05 334.642
11.674 2.92657e-05 334.125
11.6889 2.92471e-05 333.607
11.7038 2.92286e-05 333.091
11.7187 2.92101e-05 332.575
11.7336 2.91916e-05 332.06
11.7485 2.91732e-05 331.545
11.7635 2.91548e-05 331.032
11.7784 2.91364e-05 330.519
11.7933 2.91181e-05 330.007
11.8082 2.90997e-05 329.496
11.8231 2.90814e-05 328.986
11.838 2.90632e-05 328.477
11.853 2.9045e-05 327.969
11.8679 2.90268e-05 327.462
11.8828 2.90086e-05 326.956
11.8977 2.89905e-05 326.451
11.9126 2.89724e-05 325.947
11.9275 2.89543e-05 325.444
11.9424 2.89362e-05 324.942
11.9574 2.89182e-05 324.441
11.9723 2.89003e-05 323.942
11.9872 2.88823e-05 323.443
12.0021 2.88644e-05 322.946
12.017 2.88465e-05 322.45
12.0319 2.88286e-05 321.955
12.0468 2.88108e-05 321.461
12.0618 2.8793e-05 320.968
12.0767 2.87753e-05 320.477
12.0916 2.87575e-05 319.987
12.1065 2.87399e-05 319.498
12.1214 2.87222e-05 319.01
12.1363 2.87046e-05 318.523
12.1513 2.86869e-05 318.038
12.1662 2.86694e-05 317.554
12.1811 2.86518e-05 317.071
12.196 2.86343e-05 316.589
12.2109 2.86169e-05 316.108
12.2258 2.85994e-05 315.629
12.2407 2.8582e-05 315.151
12.2557 2.85646e-05 314.674
12.2706 2.85473e-05 314.198
12.2855 2.85299e-05 313.724
12.3004 2.85126e-05 313.25
12.3153 2.84954e-05 312.778
12.3302 2.84781e-05 312.308
12.3451 2.84609e-05 311.838
12.3601 2.84438e-05 311.37
12.375 2.84266e-05 310.903
12.3899 2.84095e-05 310.437
12.4048 2.83925e-05 309.972
12.4197 2.83754e-05 309.509
12.4346 2.83584e-05 309.046
12.4495 2.83414e-05 308.585
12.4645 2.83244e-05 308.125
12.4794 2.83075e-05 307.667
12.4943 2.82906e-05 307.209
12.5092 2.82738e-05 306.753
12.5241 2.82569e-05 306.298
12.539 2.82401e-05 305.844
12.554 2.82233e-05 305.392
12.5689 2.82066e-05 304.94
12.5838 2.81899e-05 304.49
12.5987 2.81732e-05 304.041
12.6136 2.81565e-05 303.593
12.6285 2.81399e-05 303.146
12.6434 2.81233e-05 302.7
12.6584 2.81067e-05 302.256
12.6733 2.80902e-05 301.813
12.6882 2.80737e-05 301.371
12.7031 2.80572e-05 300.93
12.718 2.80407e-05 300.49
12.7329 2.80243e-05 300.051
12.7478 2.80079e-05 299.614
12.7628 2.79915e-05 299.177
12.7777 2.79752e-05 298.742
12.7926 2.79589e-05 298.308
12.8075 2.79426e-05 297.875
12.8224 2.79264e-05 297.443
12.8373 2.79101e-05 297.013
12.8523 2.78939e-05 296.583
12.8672 2.78778e-05 296.155
12.8821 2.78616e-05 295.727
12.897 2.78455e-05 295.301
12.9119 2.78294e-05 294.876
12.9268 2.78134e-05 294.452
12.9417 2.77973e-05 294.029
12.9567 2.77813e-05 293.607
12.9716 2.77654e-05 293.186
12.9865 2.77494e-05 292.767
13.0014 2.77335e-05 292.348
13.0163 2.77176e-05 291.93
13.0312 2.77017e-05 291.514
13.0461 2.76859e-05 291.099
13.0611 2.76701e-05 290.684
13.076 2.76543e-05 290.271
13.0909 2.76385e-05 289.859
13.1058 2.76228e-05 289.448
13.1207 2.76071e-05 289.038
13.1356 2.75914e-05 288.629
13.1506 2.75758e-05 288.221
13.1655 2.75601e-05 287.814
13.1804 2.75445e-05 287.408
13.1953 2.7529e-05 287.003
13.2102 2.75134e-05 286.599
13.2251 2.74979e-05 286.196
13.24 2.74824e-05 285.795
13.255 2.7467e-05 285.394
13.2699 2.74515e-05 284.994
13.2848 2.74361e-05 284.595
13.2997 2.74207e-05 284.198
13.3146 2.74054e-05 283.801
13.3295 2.739e-05 283.405
13.3444 2.73747e-05 283.01
13.3594 2.73594e-05 282.617
13.3743 2.73442e-05 282.224
13.3892 2.73289e-05 281.832
13.4041 2.73137e-05 281.441
13.419 2.72985e-05 281.052
13.4339 2.72834e-05 280.663
13.4488 2.72682e-05 280.275
13.4638 2.72531e-05 279.888
13.4787 2.72381e-05 279.502
13.4936 2.7223e-05 279.117
13.5085 2.7208e-05 278.733
13.5234 2.7193e-05 278.35
13.5383 2.7178e-05 277.968
13.5533 2.7163e-05 277.587
13.5682 2.71481e-05 277.207
13.5831 2.71332e-05 276.827
13.598 2.71183e-05 276.449
13.6129 2.71034e-05 276.072
13.6278 2.70886e-05 275.695
13.6427 2.70738e-05 275.32
13.6577 2.7059e-05 274.945
13.6726 2.70442e-05 274.571
13.6875 2.70295e-05 274.199
13.7024 2.70148e-05 273.827
13.7173 2.70001e-05 273.456
13.7322 2.69854e-05 273.086
13.7471 2.69708e-05 272.717
13.7621 2.69562e-05 272.348
13.777 2.69416e-05 271.981
13.7919 2.6927e-05 271.615
13.8068 2.69124e-05 271.249
13.8217 2.68979e-05 270.885
13.8366 2.68834e-05 270.521
13.8516 2.68689e-05 270.158
13.8665 2.68545e-05 269.796
13.8814 2.68401e-05 269.435
13.8963 2.68256e-05 269.075
13.9112 2.68113e-05 268.715
13.9261 2.67969e-05 268.357
13.941 2.67826e-05 267.999
13.956 2.67682e-05 267.642
13.9709 2.6754e-05 267.286
13.9858 2.67397e-05 266.931
14.0007 2.67254e-05 266.577
14.0156 2.67112e-05 266.224
14.0305 2.6697e-05 265.871
14.0454 2.66828e-05 265.52
14.0604 2.66687e-05 265.169
14.0753 2.66545e-05 264.819
14.0902 2.66404e-05 264.47
14.1051 2.66263e-05 264.121
14.12 2.66123e-05 263.774
14.1349 2.65982e-05 263.427
14.1498 2.65842e-05 263.081
14.1648 2.65702e-05 262.736
14.1797 2.65562e-05 262.392
14.1946 2.65423e-05 262.049
14.2095 2.65283e-05 261.706
14.2244 2.65144e-05 261.364
14.2393 2.65005e-05 261.023
14.2543 2.64867e-05 260.683
14.2692 2.64728e-05 260.344
14.2841 2.6459e-05 260.005
14.299 2.64452e-05 259.668
14.3139 2.64314e-05 259.331
14.3288 2.64177e-05 258.995
14.3437 2.64039e-05 258.659
14.3587 2.63902e-05 258.325
14.3736 2.63765e-05 257.991
14.3885 2.63628e-05 257.658
14.4034 2.63492e-05 257.326
14.4183 2.63356e-05 256.994
14.4332 2.63219e-05 256.663
14.4481 2.63084e-05 256.334
14.4631 2.62948e-05 256.004
14.478 2.62812e-05 255.676
14.4929 2.62677e-05 255.348
14.5078 2.62542e-05 255.021
14.5227 2.62407e-05 254.695
14.5376 2.62273e-05 254.37
14.5526 2.62138e-05 254.045
14.5675 2.62004e-05 253.722
14.5824 2.6187e-05 253.398
14.5973 2.61736e-05 253.076
14.6122 2.61602e-05 252.754
14.6271 2.61469e-05 252.434
14.642 2.61336e-05 252.113
14.657 2.61203e-05 251.794
14.6719 2.6107e-05 251.475
14.6868 2.60938e-05 251.158
14.7017 2.60805e-05 250.84
14.7166 2.60673e-05 250.524
14.7315 2.60542e-05 250.209
14.7464 2.60411e-05 249.894
14.7614 2.60281e-05 249.581
14.7763 2.60151e-05 249.269
14.7912 2.60024e-05 248.958
14.8061 2.59897e-05 248.649
14.821 2.59774e-05 248.343
14.8359 2.59653e-05 248.039
14.8509 2.59536e-05 247.739
14.8658 2.59423e-05 247.442
14.8807 2.59314e-05 247.15
14.8956 2.59212e-05 246.864
14.9105 2.59114e-05 246.582
14.9254 2.59022e-05 246.306
14.9403 2.58935e-05 246.035
14.9553 2.58852e-05 245.769
14.9702 2.58772e-05 245.507
14.9851 2.58694e-05 245.248
15 2.58617e-05 244.992
