0.1 0.00038041 13046.5
0.114915 0.000190115 40234.1
0.12983 0.000288034 28189.1
0.144745 0.000257332 28227.3
0.15966 0.000251597 25560.8
0.174575 0.000239284 24034.7
0.189489 0.000230088 22508.5
0.204404 0.000221364 21247.2
0.219319 0.000213734 20124.3
0.234234 0.000206787 19134.1
0.249149 0.000200493 18250.2
0.264064 0.000194738 17456
0.278979 0.000189452 16738
0.293894 0.000184574 16085.4
0.308809 0.000180055 15489.3
0.323724 0.000175852 14942.2
0.338639 0.000171931 14438.2
0.353554 0.000168261 13972.2
0.368468 0.000164816 13539.8
0.383383 0.000161575 13137.4
0.398298 0.000158517 12761.8
0.413213 0.000155623 12410.3
0.428128 0.000152872 12079.9
0.443043 0.00015022 11767.3
0.457958 0.000147561 11466.1
0.472873 0.000144609 11161.5
0.487788 0.000140624 10817.6
0.502703 0.000133862 10350.9
0.517618 0.000120791 9585.88
0.532533 0.000111951 6981.6
0.547447 0.000120595 3044.68
0.562362 0.000177117 964.431
0.577277 0.000128467 3717.13
0.592192 0.000154405 970.431
0.607107 0.000113363 3434.89
0.622022 0.000143283 904.308
0.636937 0.000109393 3197.79
0.651852 0.000139071 869.584
0.666767 0.000106369 3038.4
0.681682 0.000136131 848.747
0.696597 0.000103534 2912.42
0.711512 0.000133639 816.617
0.726426 0.000100928 2775.61
0.741341 0.000131302 813.341
0.756256 9.8535e-05 2695.31
0.771171 0.00012906 810.063
0.786086 9.62635e-05 2619.74
0.801001 0.000126926 810.551
0.815916 9.41632e-05 2555.27
0.830831 0.000124912 811.478
0.845746 9.21509e-05 2494.9
0.860661 0.000123027 814.188
0.875576 9.03449e-05 2442.03
0.89049 0.000121215 816.301
0.905405 8.85437e-05 2390.01
0.92032 0.000119524 820.546
0.935235 8.67222e-05 2342.32
0.95015 0.000117962 824.956
0.965065 8.49781e-05 2297.21
0.97998 0.000116497 830.012
0.994895 8.33157e-05 2255.25
1.00981 0.000115098 834.983
1.02472 8.17334e-05 2215.3
1.03964 0.000113755 840.298
1.05455 8.02241e-05 2177.74
1.06947 0.000112462 845.504
1.08438 7.87884e-05 2141.91
1.0993 0.000111212 850.862
1.11421 7.74209e-05 2107.99
1.12913 0.000110003 856.084
1.14404 7.61204e-05 2075.55
1.15896 0.000108828 861.345
1.17387 7.48826e-05 2044.7
1.18879 0.000107686 866.445
1.2037 7.37058e-05 2015.12
1.21862 0.000106572 871.511
1.23353 7.25863e-05 1986.9
1.24845 0.000105485 876.399
1.26336 7.15222e-05 1959.79
1.27828 0.000104422 881.206
1.29319 7.05104e-05 1933.84
1.30811 0.000103382 885.822
1.32302 6.95487e-05 1908.87
1.33794 0.000102361 890.326
1.35285 6.86344e-05 1884.91
1.36777 0.000101361 894.633
1.38268 6.77655e-05 1861.83
1.3976 0.000100378 898.807
1.41251 6.69394e-05 1839.63
1.42743 9.94129e-05 902.784
1.44234 6.61543e-05 1818.21
1.45726 9.8463e-05 906.616
1.47217 6.54078e-05 1797.57
1.48709 9.75286e-05 910.253
1.502 6.46982e-05 1777.62
1.51692 9.66081e-05 913.738
1.53183 6.40235e-05 1758.37
1.54675 9.57014e-05 917.032
1.56166 6.3382e-05 1739.74
1.57658 9.48068e-05 920.171
1.59149 6.27721e-05 1721.71
1.60641 9.39235e-05 923.12
1.62132 6.21924e-05 1704.22
1.63624 9.3049e-05 925.907
1.65115 6.16418e-05 1687.23
1.66607 9.21805e-05 928.493
1.68098 6.11196e-05 1670.66
1.6959 9.1312e-05 930.891
1.71081 6.06258e-05 1654.41
1.72573 9.04342e-05 933.04
1.74064 6.01614e-05 1638.31
1.75556 8.95303e-05 934.907
1.77047 5.97302e-05 1622.11
1.78539 8.85738e-05 936.365
1.8003 5.93402e-05 1605.34
1.81522 8.7522e-05 937.268
1.83013 5.9012e-05 1587.36
1.84505 8.63169e-05 937.319
1.85996 5.87926e-05 1567.14
1.87487 8.48924e-05 936.118
1.88979 5.87886e-05 1543.44
1.9047 8.32015e-05 932.999
1.91962 5.92107e-05 1514.73
1.93453 8.12406e-05 927.057
1.94945 6.03916e-05 1478.95
1.96436 7.90409e-05 917.54
1.97928 6.26207e-05 1431.93
1.99419 7.66618e-05 906.862
2.00911 6.56173e-05 1366.24
2.02402 7.43043e-05 905.354
2.03894 6.82225e-05 1277.6
2.05385 7.22614e-05 925.742
2.06877 6.94854e-05 1173.93
2.08368 7.06537e-05 968.973
2.0986 6.95771e-05 1067.09
2.11351 6.90701e-05 1025.94
2.12843 6.90448e-05 964.242
2.14334 6.88778e-05 876.19
2.15826 6.85503e-05 782.598
2.17317 6.81927e-05 694.05
2.18809 6.78549e-05 615.014
2.203 6.75464e-05 546.744
2.21792 6.72639e-05 488.974
2.23283 6.70014e-05 440.794
2.24775 6.67536e-05 401.062
2.26266 6.65165e-05 368.6
2.27758 6.62871e-05 342.279
2.29249 6.60635e-05 321.064
2.30741 6.58445e-05 304.032
2.32232 6.56292e-05 290.382
2.33724 6.5417e-05 279.433
2.35215 6.52076e-05 270.616
2.36707 6.50006e-05 263.466
2.38198 6.47959e-05 257.61
2.3969 6.45933e-05 252.75
2.41181 6.43928e-05 248.655
2.42673 6.41943e-05 245.143
2.44164 6.39976e-05 242.076
2.45656 6.38029e-05 239.348
2.47147 6.36099e-05 236.88
2.48639 6.34188e-05 234.611
2.5013 6.32293e-05 232.495
2.51622 6.30416e-05 230.498
2.53113 6.28555e-05 228.596
2.54605 6.26711e-05 226.769
2.56096 6.24883e-05 225.004
2.57588 6.23071e-05 223.288
2.59079 6.21275e-05 221.615
2.60571 6.19495e-05 219.979
2.62062 6.17729e-05 218.375
2.63554 6.15979e-05 216.799
2.65045 6.14243e-05 215.25
2.66537 6.12522e-05 213.724
2.68028 6.10815e-05 212.221
2.6952 6.09123e-05 210.74
2.71011 6.07502e-05 209.288
2.72503 6.05693e-05 212.169
2.73994 6.04221e-05 208.563
2.75485 6.02382e-05 211.815
2.76977 6.01011e-05 206.988
2.78468 5.99085e-05 212.772
2.7996 5.9784e-05 206.071
2.81451 5.95869e-05 212.754
2.82943 5.94731e-05 204.707
2.84434 5.9268e-05 213.449
2.85926 5.91664e-05 203.704
2.87417 5.89557e-05 213.611
2.88909 5.88651e-05 202.469
2.904 5.86469e-05 214.161
2.91892 5.85681e-05 201.435
2.93383 5.83436e-05 214.418
2.94875 5.8276e-05 200.284
2.96366 5.80441e-05 214.885
2.97858 5.79882e-05 199.25
2.99349 5.77495e-05 215.191
3.00841 5.7705e-05 198.158
3.02332 5.74588e-05 215.611
3.03824 5.74259e-05 197.137
3.05315 5.71726e-05 215.941
3.06807 5.71511e-05 196.092
3.08298 5.68903e-05 216.331
3.0979 5.68802e-05 195.091
3.11281 5.6612e-05 216.671
3.12773 5.66134e-05 194.084
3.14264 5.63376e-05 217.043
3.15756 5.63505e-05 193.107
3.17247 5.6067e-05 217.386
3.18739 5.60914e-05 192.133
3.2023 5.58e-05 217.745
3.21722 5.58359e-05 191.182
3.23213 5.55367e-05 218.088
3.24705 5.55841e-05 190.237
3.26196 5.5277e-05 218.437
3.27688 5.53358e-05 189.311
3.29179 5.50206e-05 218.776
3.30671 5.5091e-05 188.394
3.32162 5.47677e-05 219.118
3.33654 5.48495e-05 187.492
3.35145 5.4518e-05 219.453
3.36637 5.46114e-05 186.601
3.38128 5.42716e-05 219.788
3.3962 5.43764e-05 185.724
3.41111 5.40283e-05 220.118
3.42603 5.41447e-05 184.857
3.44094 5.37881e-05 220.447
3.45586 5.3916e-05 184.002
3.47077 5.35509e-05 220.772
3.48569 5.36904e-05 183.159
3.5006 5.33167e-05 221.096
3.51552 5.34677e-05 182.326
3.53043 5.30854e-05 221.416
3.54535 5.32479e-05 181.505
3.56026 5.28568e-05 221.734
3.57518 5.3031e-05 180.694
3.59009 5.26311e-05 222.049
3.60501 5.28168e-05 179.893
3.61992 5.24081e-05 222.362
3.63483 5.26054e-05 179.103
3.64975 5.21877e-05 222.673
3.66466 5.23966e-05 178.322
3.67958 5.197e-05 222.981
3.69449 5.21905e-05 177.552
3.70941 5.17548e-05 223.287
3.72432 5.19869e-05 176.791
3.73924 5.1542e-05 223.59
3.75415 5.17858e-05 176.039
3.76907 5.13318e-05 223.892
3.78398 5.15872e-05 175.296
3.7989 5.11239e-05 224.19
3.81381 5.1391e-05 174.563
3.82873 5.09184e-05 224.487
3.84364 5.11972e-05 173.838
3.85856 5.07152e-05 224.781
3.87347 5.10057e-05 173.122
3.88839 5.05143e-05 225.074
3.9033 5.08164e-05 172.414
3.91822 5.03156e-05 225.364
3.93313 5.06294e-05 171.715
3.94805 5.01191e-05 225.651
3.96296 5.04446e-05 171.024
3.97788 4.99247e-05 225.937
3.99279 5.0262e-05 170.341
4.00771 4.97325e-05 226.221
4.02262 5.00983e-05 169.693
4.03754 4.95146e-05 235.272
4.05245 4.9895e-05 172.215
4.06737 4.93801e-05 220.524
4.08228 4.97278e-05 166.008
4.0972 4.91563e-05 229.324
4.11211 4.95597e-05 168.529
4.12703 4.89742e-05 230.869
4.14194 4.93848e-05 168.338
4.15686 4.87977e-05 229.633
4.17177 4.92084e-05 167.136
4.18669 4.86244e-05 227.385
4.2016 4.90325e-05 165.577
4.21652 4.84535e-05 224.795
4.23143 4.88581e-05 163.905
4.24635 4.82845e-05 222.112
4.26126 4.86852e-05 162.21
4.27618 4.81174e-05 219.429
4.29109 4.85142e-05 160.525
4.30601 4.7952e-05 216.776
4.32092 4.83449e-05 158.862
4.33584 4.77883e-05 214.167
4.35075 4.81773e-05 157.226
4.36567 4.76263e-05 211.605
4.38058 4.80115e-05 155.616
4.3955 4.74731e-05 209.106
4.41041 4.78401e-05 157.517
4.42533 4.73026e-05 210.102
4.44024 4.76894e-05 153.76
4.45516 4.71674e-05 205.521
4.47007 4.75064e-05 160.256
4.48498 4.69819e-05 211.045
4.4999 4.73774e-05 152.83
4.51481 4.68638e-05 202.911
4.52973 4.71833e-05 161.975
4.54464 4.66691e-05 210.978
4.55956 4.70701e-05 151.558
4.57447 4.65682e-05 200.017
4.58939 4.68641e-05 164.116
4.6043 4.63618e-05 211.323
4.61922 4.67696e-05 150.459
4.63413 4.62779e-05 197.345
4.64905 4.65515e-05 166.078
4.66396 4.60606e-05 211.493
4.67888 4.64746e-05 149.323
4.69379 4.59938e-05 194.685
4.70871 4.62441e-05 168.111
4.72362 4.57652e-05 211.73
4.73854 4.61854e-05 148.234
4.75345 4.57152e-05 192.117
4.76837 4.59343e-05 170.097
4.78328 4.54995e-05 202.882
4.7982 4.58849e-05 156.345
4.81311 4.54247e-05 198.372
4.82803 4.56445e-05 160.881
4.84294 4.52685e-05 201.852
4.85786 4.55632e-05 156.257
4.87277 4.51123e-05 196.692
4.88769 4.54199e-05 161.787
4.9026 4.4975e-05 201.116
4.91752 4.52823e-05 155.908
4.93243 4.48429e-05 194.882
4.94735 4.51409e-05 162.789
4.96226 4.47073e-05 200.532
4.97718 4.50066e-05 155.404
4.99209 4.45785e-05 192.961
5.00701 4.48667e-05 163.974
5.02192 4.44445e-05 200.13
5.03684 4.47358e-05 154.706
5.05175 4.43191e-05 190.897
5.06667 4.4597e-05 165.391
5.08158 4.41863e-05 199.949
5.0965 4.44699e-05 153.772
5.11141 4.40646e-05 188.651
5.12633 4.43316e-05 167.105
5.14124 4.39325e-05 200.04
5.15616 4.42087e-05 152.548
5.17107 4.38149e-05 186.178
5.18599 4.40635e-05 169.181
5.2009 4.37051e-05 200.505
5.21582 4.39362e-05 150.897
5.23073 4.35536e-05 183.323
5.24565 4.38267e-05 171.931
5.26056 4.34707e-05 188.291
5.27548 4.36685e-05 164.542
5.29039 4.32983e-05 194.204
5.30531 4.35956e-05 156.647
5.32022 4.32306e-05 186.638
5.33514 4.34131e-05 165.537
5.35005 4.3055e-05 193.717
5.36496 4.33547e-05 156.144
5.37988 4.30011e-05 184.917
5.39479 4.31415e-05 166.622
5.40971 4.28758e-05 193.454
5.42462 4.30742e-05 155.307
5.43954 4.27324e-05 182.838
5.45445 4.29586e-05 168.407
5.46937 4.26317e-05 193.649
5.48428 4.2829e-05 153.998
5.4992 4.24993e-05 180.444
5.51411 4.27273e-05 170.6
5.52903 4.24114e-05 184.673
5.54394 4.25862e-05 164.183
5.55886 4.22691e-05 188.036
5.57377 4.25017e-05 159.33
5.58869 4.2194e-05 183.323
5.6036 4.23432e-05 164.855
5.61852 4.2056e-05 187.384
5.63343 4.22688e-05 159.083
5.64835 4.1972e-05 181.901
5.66326 4.21156e-05 165.678
5.67818 4.18519e-05 186.884
5.69309 4.20311e-05 158.642
5.70801 4.17459e-05 180.319
5.72292 4.19046e-05 166.778
5.73784 4.16468e-05 186.617
5.75275 4.17956e-05 157.914
5.76767 4.15267e-05 178.528
5.78258 4.16947e-05 168.208
5.7975 4.14417e-05 186.624
5.81241 4.15653e-05 156.86
5.82733 4.13192e-05 176.507
5.84224 4.14805e-05 170.002
5.85716 4.1232e-05 179.123
5.87207 4.13481e-05 165.716
5.88699 4.11223e-05 182.781
5.9019 4.12582e-05 160.298
5.91682 4.10231e-05 177.731
5.93173 4.11419e-05 166.609
5.94665 4.09257e-05 182.387
5.96156 4.10367e-05 159.779
5.97648 4.08275e-05 176.211
5.99139 4.09289e-05 167.695
6.00631 4.07306e-05 182.156
6.02122 4.0824e-05 159.071
6.03614 4.06333e-05 174.555
6.05105 4.07196e-05 169.018
6.06597 4.05363e-05 182.115
6.08088 4.0616e-05 158.131
6.0958 4.04431e-05 172.735
6.11071 4.05112e-05 170.621
6.12563 4.03455e-05 173.281
6.14054 4.04114e-05 169.296
6.15546 4.0254e-05 180.707
6.17037 4.03038e-05 158.49
6.18529 4.01701e-05 171.501
6.2002 4.01928e-05 170.847
6.21512 4.00854e-05 171.443
6.23003 4.0083e-05 170.393
6.24494 3.9999e-05 171.633
6.25986 3.99878e-05 169.605
6.27477 3.99059e-05 178.875
6.28969 3.98771e-05 158.924
6.3046 3.98321e-05 169.905
6.31952 3.97727e-05 178.336
6.33443 3.97332e-05 158.932
6.34935 3.96918e-05 169.162
6.36426 3.96317e-05 176.966
6.37918 3.95952e-05 160.073
6.39409 3.95512e-05 169.323
6.40901 3.9496e-05 176.324
6.42392 3.94554e-05 160.241
6.43884 3.94127e-05 168.717
6.45375 3.93591e-05 175.088
6.46867 3.93187e-05 161.236
6.48358 3.92765e-05 168.769
6.4985 3.92239e-05 174.375
6.51341 3.91833e-05 161.526
6.52833 3.9141e-05 168.27
6.54324 3.90899e-05 173.244
6.55816 3.90494e-05 162.411
6.57307 3.90074e-05 168.239
6.58799 3.89575e-05 172.485
6.6029 3.89168e-05 162.788
6.61782 3.88747e-05 167.817
6.63273 3.88262e-05 171.435
6.64765 3.87856e-05 163.591
6.66256 3.87438e-05 167.729
6.67748 3.86964e-05 170.651
6.69239 3.86556e-05 164.03
6.70731 3.86165e-05 167.37
6.72222 3.85675e-05 169.667
6.73714 3.85186e-05 171.159
6.75205 3.84863e-05 162.402
6.76697 3.84479e-05 165.212
6.78188 3.84025e-05 167.113
6.7968 3.83553e-05 168.309
6.81171 3.83137e-05 168.981
6.82663 3.82722e-05 169.256
6.84154 3.82308e-05 169.232
6.85646 3.81894e-05 168.985
6.87137 3.81481e-05 168.572
6.88629 3.81069e-05 168.036
6.9012 3.80658e-05 167.41
6.91612 3.80248e-05 166.719
6.93103 3.79839e-05 165.98
6.94595 3.79431e-05 165.207
6.96086 3.79025e-05 164.411
6.97578 3.7862e-05 163.599
6.99069 3.78216e-05 162.777
7.00561 3.77813e-05 161.949
7.02052 3.77411e-05 161.118
7.03544 3.77011e-05 160.287
7.05035 3.76612e-05 159.458
7.06527 3.76215e-05 158.631
7.08018 3.75818e-05 157.808
7.0951 3.75423e-05 156.989
7.11001 3.75029e-05 156.175
7.12492 3.74636e-05 155.366
7.13984 3.74245e-05 154.563
7.15475 3.73855e-05 153.766
7.16967 3.73466e-05 152.974
7.18458 3.73078e-05 152.188
7.1995 3.72691e-05 151.409
7.21441 3.72306e-05 150.635
7.22933 3.71921e-05 149.868
7.24424 3.71538e-05 149.106
7.25916 3.71156e-05 148.351
7.27407 3.70776e-05 147.601
7.28899 3.70396e-05 146.858
7.3039 3.70018e-05 146.121
7.31882 3.69641e-05 145.39
7.33373 3.69264e-05 144.665
7.34865 3.6889e-05 143.946
7.36356 3.68516e-05 143.233
7.37848 3.68143e-05 142.527
7.39339 3.67772e-05 141.826
7.40831 3.67401e-05 141.132
7.42322 3.67032e-05 140.443
7.43814 3.66664e-05 139.761
7.45305 3.66297e-05 139.085
7.46797 3.65931e-05 138.415
7.48288 3.65566e-05 137.751
7.4978 3.65202e-05 137.093
7.51271 3.64839e-05 136.442
7.52763 3.64478e-05 135.797
7.54254 3.64117e-05 135.158
7.55746 3.63758e-05 134.526
7.57237 3.63399e-05 133.9
7.58729 3.63042e-05 133.281
7.6022 3.62686e-05 132.668
7.61712 3.62331e-05 132.062
7.63203 3.61976e-05 131.463
7.64695 3.61623e-05 130.87
7.66186 3.61271e-05 130.284
7.67678 3.6092e-05 129.706
7.69169 3.6057e-05 129.134
7.70661 3.60221e-05 128.57
7.72152 3.59873e-05 128.013
7.73644 3.59526e-05 127.464
7.75135 3.5918e-05 126.922
7.76627 3.58835e-05 126.388
7.78118 3.58491e-05 125.862
7.7961 3.58148e-05 125.345
7.81101 3.57805e-05 124.836
7.82593 3.57464e-05 124.335
7.84084 3.57124e-05 123.843
7.85576 3.56785e-05 123.361
7.87067 3.56447e-05 122.887
7.88559 3.5611e-05 122.423
7.9005 3.55773e-05 121.97
7.91542 3.55438e-05 121.526
7.93033 3.55104e-05 121.093
7.94525 3.5477e-05 120.671
7.96016 3.54438e-05 120.26
7.97508 3.54106e-05 119.861
7.98999 3.53776e-05 119.474
8.0049 3.53446e-05 119.1
8.01982 3.53117e-05 118.738
8.03473 3.52789e-05 118.39
8.04965 3.52463e-05 118.056
8.06456 3.52137e-05 117.737
8.07948 3.51811e-05 117.433
8.09439 3.51487e-05 117.145
8.10931 3.51164e-05 116.874
8.12422 3.50842e-05 116.62
8.13914 3.5052e-05 116.384
8.15405 3.502e-05 116.166
8.16897 3.4988e-05 115.969
8.18388 3.49561e-05 115.792
8.1988 3.49243e-05 115.637
8.21371 3.48926e-05 115.504
8.22863 3.4861e-05 115.395
8.24354 3.48294e-05 115.31
8.25846 3.4798e-05 115.252
8.27337 3.47666e-05 115.221
8.28829 3.47354e-05 115.218
8.3032 3.47042e-05 115.246
8.31812 3.46731e-05 115.305
8.33303 3.4642e-05 115.397
8.34795 3.46111e-05 115.524
8.36286 3.45803e-05 115.687
8.37778 3.45495e-05 115.889
8.39269 3.45188e-05 116.131
8.40761 3.44882e-05 116.416
8.42252 3.44577e-05 116.745
8.43744 3.44273e-05 117.122
8.45235 3.4397e-05 117.548
8.46727 3.43667e-05 118.026
8.48218 3.43365e-05 118.558
8.4971 3.43065e-05 119.149
8.51201 3.42765e-05 119.801
8.52693 3.42465e-05 120.516
8.54184 3.42167e-05 121.299
8.55676 3.4187e-05 122.154
8.57167 3.41573e-05 123.083
8.58659 3.41277e-05 124.091
8.6015 3.40983e-05 125.183
8.61642 3.40689e-05 126.362
8.63133 3.40395e-05 127.634
8.64625 3.40103e-05 129.003
8.66116 3.39812e-05 130.475
8.67608 3.39522e-05 132.056
8.69099 3.39232e-05 133.751
8.70591 3.38944e-05 135.567
8.72082 3.38656e-05 137.509
8.73574 3.3837e-05 139.586
8.75065 3.38084e-05 141.804
8.76557 3.378e-05 144.172
8.78048 3.37516e-05 146.696
8.7954 3.37234e-05 149.386
8.81031 3.36953e-05 152.252
8.82523 3.36673e-05 155.301
8.84014 3.36394e-05 158.545
8.85506 3.36116e-05 161.994
8.86997 3.35839e-05 165.659
8.88488 3.35516e-05 169.54
8.8998 3.33949e-05 173.331
8.91471 3.36621e-05 163.511
8.92963 3.33814e-05 171.174
8.94454 3.35437e-05 168.866
8.95946 3.31596e-05 177.533
8.97437 3.36891e-05 162.831
8.98929 3.31537e-05 175.609
9.0042 3.35608e-05 168.001
9.01912 3.28772e-05 182.135
9.03403 3.37691e-05 162.401
9.04895 3.28782e-05 180.793
9.06386 3.3632e-05 166.91
9.07878 3.2535e-05 187.044
9.09369 3.39156e-05 162.363
9.10861 3.2538e-05 186.806
9.12352 3.37747e-05 165.561
9.13844 3.21205e-05 192.142
9.15335 3.41414e-05 162.863
9.16827 3.21129e-05 193.714
9.18318 3.40093e-05 163.96
9.1981 3.16243e-05 197.321
9.21301 3.44548e-05 164.002
9.22793 3.15799e-05 201.521
9.24284 3.43576e-05 162.191
9.25776 3.10574e-05 202.588
9.27267 3.48415e-05 165.674
9.28759 3.09052e-05 209.977
9.3025 3.48822e-05 160.717
9.31742 3.04708e-05 208.456
9.33233 3.52351e-05 167.039
9.34725 3.02172e-05 218.619
9.36216 3.53823e-05 170.446
9.37708 2.98946e-05 215.21
9.39199 3.50761e-05 172.314
9.40691 3.03688e-05 218.403
9.42182 3.5036e-05 177.561
9.43674 3.01612e-05 212.97
9.45165 3.47659e-05 178.772
9.46657 3.04441e-05 216.786
9.48148 3.45939e-05 184.145
9.4964 3.04788e-05 212.359
9.51131 3.43299e-05 185.813
9.52623 3.06816e-05 215.124
9.54114 3.40765e-05 190.663
9.55606 3.0841e-05 212.329
9.57097 3.37975e-05 192.999
9.58589 3.10282e-05 213.935
9.6008 3.35008e-05 197.277
9.61572 3.1241e-05 212.454
9.63063 3.32059e-05 200.132
9.64555 3.1433e-05 213.242
9.66046 3.28932e-05 203.974
9.67538 3.16559e-05 212.569
9.69029 3.25856e-05 207.098
9.70521 3.18347e-05 212.868
9.72012 3.22681e-05 210.605
9.73504 3.22784e-05 211.687
9.74995 3.22121e-05 214.174
9.76486 3.21508e-05 217.385
9.77978 3.21032e-05 221.01
9.79469 3.20653e-05 224.879
9.80961 3.2033e-05 228.891
9.82452 3.20037e-05 232.984
9.83944 3.1976e-05 237.12
9.85435 3.1949e-05 241.274
9.86927 3.19222e-05 245.427
9.88418 3.18953e-05 249.568
9.8991 3.18682e-05 253.687
9.91401 3.18408e-05 257.774
9.92893 3.1813e-05 261.824
9.94384 3.17848e-05 265.829
9.95876 3.17562e-05 269.784
9.97367 3.17273e-05 273.683
9.98859 3.16981e-05 277.521
10.0035 3.16686e-05 281.292
10.0184 3.16388e-05 284.992
10.0333 3.16089e-05 288.616
10.0482 3.15788e-05 292.161
10.0632 3.15487e-05 295.623
10.0781 3.15185e-05 298.998
10.093 3.14883e-05 302.283
10.1079 3.14583e-05 305.476
10.1228 3.14283e-05 308.575
10.1377 3.13986e-05 311.577
10.1527 3.13691e-05 314.481
10.1676 3.13399e-05 317.285
10.1825 3.1311e-05 319.99
10.1974 3.12824e-05 322.593
10.2123 3.12543e-05 325.096
10.2272 3.12265e-05 327.498
10.2421 3.11991e-05 329.798
10.2571 3.11722e-05 331.999
10.272 3.11458e-05 334.101
10.2869 3.11198e-05 336.104
10.3018 3.10942e-05 338.01
10.3167 3.10691e-05 339.82
10.3316 3.10444e-05 341.536
10.3465 3.10202e-05 343.16
10.3615 3.09963e-05 344.694
10.3764 3.09729e-05 346.139
10.3913 3.09498e-05 347.497
10.4062 3.09271e-05 348.772
10.4211 3.09048e-05 349.964
10.436 3.08828e-05 351.077
10.451 3.0861e-05 352.113
10.4659 3.08396e-05 353.074
10.4808 3.08184e-05 353.962
10.4957 3.07974e-05 354.781
10.5106 3.07767e-05 355.532
10.5255 3.07561e-05 356.217
10.5404 3.07357e-05 356.841
10.5554 3.07155e-05 357.403
10.5703 3.06954e-05 357.908
10.5852 3.06754e-05 358.358
10.6001 3.06556e-05 358.754
10.615 3.06358e-05 359.099
10.6299 3.06161e-05 359.396
10.6448 3.05965e-05 359.645
10.6598 3.05769e-05 359.851
10.6747 3.05574e-05 360.013
10.6896 3.05379e-05 360.136
10.7045 3.05184e-05 360.219
10.7194 3.0499e-05 360.266
10.7343 3.04796e-05 360.279
10.7492 3.04602e-05 360.258
10.7642 3.04408e-05 360.205
10.7791 3.04214e-05 360.123
10.794 3.0402e-05 360.012
10.8089 3.03826e-05 359.875
10.8238 3.03632e-05 359.712
10.8387 3.03438e-05 359.526
10.8537 3.03243e-05 359.317
10.8686 3.03049e-05 359.086
10.8835 3.02855e-05 358.835
10.8984 3.0266e-05 358.565
10.9133 3.02466e-05 358.278
10.9282 3.02271e-05 357.973
10.9431 3.02077e-05 357.652
10.9581 3.01882e-05 357.317
10.973 3.01687e-05 356.967
10.9879 3.01492e-05 356.605
11.0028 3.01297e-05 356.23
11.0177 3.01102e-05 355.843
11.0326 3.00907e-05 355.445
11.0475 3.00713e-05 355.038
11.0625 3.00518e-05 354.621
11.0774 3.00323e-05 354.195
11.0923 3.00128e-05 353.76
11.1072 2.99933e-05 353.318
11.1221 2.99738e-05 352.869
11.137 2.99544e-05 352.413
11.152 2.99349e-05 351.951
11.1669 2.99155e-05 351.483
11.1818 2.9896e-05 351.01
11.1967 2.98766e-05 350.531
11.2116 2.98572e-05 350.049
11.2265 2.98378e-05 349.562
11.2414 2.98184e-05 349.071
11.2564 2.9799e-05 348.576
11.2713 2.97797e-05 348.078
11.2862 2.97604e-05 347.578
11.3011 2.9741e-05 347.074
11.316 2.97218e-05 346.568
11.3309 2.97025e-05 346.06
11.3458 2.96832e-05 345.55
11.3608 2.9664e-05 345.038
11.3757 2.96448e-05 344.525
11.3906 2.96256e-05 344.01
11.4055 2.96065e-05 343.493
11.4204 2.95874e-05 342.976
11.4353 2.95683e-05 342.458
11.4503 2.95492e-05 341.939
11.4652 2.95301e-05 341.419
11.4801 2.95111e-05 340.899
11.495 2.94921e-05 340.379
11.5099 2.94732e-05 339.858
11.5248 2.94542e-05 339.337
11.5397 2.94353e-05 338.815
11.5547 2.94165e-05 338.294
11.5696 2.93976e-05 337.773
11.5845 2.93788e-05 337.252
11.5994 2.936e-05 336.732
11.6143 2.93412e-05 336.211
11.6292 2.93225e-05 335.691
11.6441 2.93038e-05 335.172
11.6591 2.92852e-05 334.653
11.674 2.92665e-05 334.135
11.6889 2.92479e-05 333.617
11.7038 2.92293e-05 333.1
11.7187 2.92108e-05 332.583
11.7336 2.91923e-05 332.068
11.7485 2.91738e-05 331.553
11.7635 2.91554e-05 331.039
11.7784 2.9137e-05 330.526
11.7933 2.91186e-05 330.014
11.8082 2.91002e-05 329.502
11.8231 2.90819e-05 328.992
11.838 2.90636e-05 328.482
11.853 2.90454e-05 327.974
11.8679 2.90272e-05 327.467
11.8828 2.9009e-05 326.96
11.8977 2.89908e-05 326.455
11.9126 2.89727e-05 325.951
11.9275 2.89546e-05 325.448
11.9424 2.89365e-05 324.946
11.9574 2.89185e-05 324.445
11.9723 2.89005e-05 323.945
11.9872 2.88825e-05 323.446
12.0021 2.88646e-05 322.949
12.017 2.88467e-05 322.452
12.0319 2.88289e-05 321.957
12.0468 2.8811e-05 321.463
12.0618 2.87932e-05 320.971
12.0767 2.87755e-05 320.479
12.0916 2.87577e-05 319.989
12.1065 2.874e-05 319.5
12.1214 2.87223e-05 319.012
12.1363 2.87047e-05 318.525
12.1513 2.86871e-05 318.039
12.1662 2.86695e-05 317.555
12.1811 2.8652e-05 317.072
12.196 2.86344e-05 316.59
12.2109 2.8617e-05 316.109
12.2258 2.85995e-05 315.63
12.2407 2.85821e-05 315.152
12.2557 2.85647e-05 314.675
12.2706 2.85473e-05 314.199
12.2855 2.853e-05 313.725
12.3004 2.85127e-05 313.251
12.3153 2.84954e-05 312.779
12.3302 2.84782e-05 312.308
12.3451 2.8461e-05 311.839
12.3601 2.84438e-05 311.37
12.375 2.84267e-05 310.903
12.3899 2.84096e-05 310.437
12.4048 2.83925e-05 309.973
12.4197 2.83755e-05 309.509
12.4346 2.83584e-05 309.047
12.4495 2.83415e-05 308.586
12.4645 2.83245e-05 308.126
12.4794 2.83076e-05 307.667
12.4943 2.82907e-05 307.21
12.5092 2.82738e-05 306.754
12.5241 2.8257e-05 306.298
12.539 2.82402e-05 305.845
12.554 2.82234e-05 305.392
12.5689 2.82066e-05 304.94
12.5838 2.81899e-05 304.49
12.5987 2.81732e-05 304.041
12.6136 2.81566e-05 303.593
12.6285 2.81399e-05 303.146
12.6434 2.81233e-05 302.701
12.6584 2.81068e-05 302.256
12.6733 2.80902e-05 301.813
12.6882 2.80737e-05 301.371
12.7031 2.80572e-05 300.93
12.718 2.80408e-05 300.49
12.7329 2.80243e-05 300.051
12.7478 2.80079e-05 299.614
12.7628 2.79916e-05 299.178
12.7777 2.79752e-05 298.742
12.7926 2.79589e-05 298.308
12.8075 2.79426e-05 297.875
12.8224 2.79264e-05 297.443
12.8373 2.79101e-05 297.013
12.8523 2.78939e-05 296.583
12.8672 2.78778e-05 296.155
12.8821 2.78616e-05 295.727
12.897 2.78455e-05 295.301
12.9119 2.78294e-05 294.876
12.9268 2.78134e-05 294.452
12.9417 2.77973e-05 294.029
12.9567 2.77813e-05 293.607
12.9716 2.77654e-05 293.186
12.9865 2.77494e-05 292.767
13.0014 2.77335e-05 292.348
13.0163 2.77176e-05 291.931
13.0312 2.77017e-05 291.514
13.0461 2.76859e-05 291.099
13.0611 2.76701e-05 290.684
13.076 2.76543e-05 290.271
13.0909 2.76385e-05 289.859
13.1058 2.76228e-05 289.448
13.1207 2.76071e-05 289.038
13.1356 2.75914e-05 288.629
13.1506 2.75758e-05 288.221
13.1655 2.75602e-05 287.814
13.1804 2.75446e-05 287.408
13.1953 2.7529e-05 287.003
13.2102 2.75134e-05 286.599
13.2251 2.74979e-05 286.196
13.24 2.74824e-05 285.795
13.255 2.7467e-05 285.394
13.2699 2.74515e-05 284.994
13.2848 2.74361e-05 284.595
13.2997 2.74207e-05 284.198
13.3146 2.74054e-05 283.801
13.3295 2.739e-05 283.405
13.3444 2.73747e-05 283.01
13.3594 2.73594e-05 282.617
13.3743 2.73442e-05 282.224
13.3892 2.73289e-05 281.832
13.4041 2.73137e-05 281.441
13.419 2.72985e-05 281.052
13.4339 2.72834e-05 280.663
13.4488 2.72682e-05 280.275
13.4638 2.72531e-05 279.888
13.4787 2.72381e-05 279.502
13.4936 2.7223e-05 279.117
13.5085 2.7208e-05 278.733
13.5234 2.7193e-05 278.35
13.5383 2.7178e-05 277.968
13.5533 2.7163e-05 277.587
13.5682 2.71481e-05 277.207
13.5831 2.71332e-05 276.827
13.598 2.71183e-05 276.449
13.6129 2.71034e-05 276.072
13.6278 2.70886e-05 275.695
13.6427 2.70738e-05 275.32
13.6577 2.7059e-05 274.945
13.6726 2.70442e-05 274.571
13.6875 2.70295e-05 274.199
13.7024 2.70148e-05 273.827
13.7173 2.70001e-05 273.456
13.7322 2.69854e-05 273.086
13.7471 2.69708e-05 272.717
13.7621 2.69562e-05 272.348
13.777 2.69416e-05 271.981
13.7919 2.6927e-05 271.615
13.8068 2.69124e-05 271.249
13.8217 2.68979e-05 270.885
13.8366 2.68834e-05 270.521
13.8516 2.68689e-05 270.158
13.8665 2.68545e-05 269.796
13.8814 2.68401e-05 269.435
13.8963 2.68257e-05 269.075
13.9112 2.68113e-05 268.715
13.9261 2.67969e-05 268.357
13.941 2.67826e-05 267.999
13.956 2.67683e-05 267.642
13.9709 2.6754e-05 267.286
13.9858 2.67397e-05 266.931
14.0007 2.67254e-05 266.577
14.0156 2.67112e-05 266.224
14.0305 2.6697e-05 265.871
14.0454 2.66828e-05 265.52
14.0604 2.66687e-05 265.169
14.0753 2.66546e-05 264.819
14.0902 2.66404e-05 264.47
14.1051 2.66264e-05 264.121
14.12 2.66123e-05 263.774
14.1349 2.65982e-05 263.427
14.1498 2.65842e-05 263.081
14.1648 2.65702e-05 262.736
14.1797 2.65562e-05 262.392
14.1946 2.65423e-05 262.049
14.2095 2.65284e-05 261.706
14.2244 2.65144e-05 261.364
14.2393 2.65006e-05 261.024
14.2543 2.64867e-05 260.683
14.2692 2.64728e-05 260.344
14.2841 2.6459e-05 260.006
14.299 2.64452e-05 259.668
14.3139 2.64314e-05 259.331
14.3288 2.64177e-05 258.995
14.3437 2.64039e-05 258.659
14.3587 2.63902e-05 258.325
14.3736 2.63765e-05 257.991
14.3885 2.63628e-05 257.658
14.4034 2.63492e-05 257.326
14.4183 2.63356e-05 256.994
14.4332 2.63219e-05 256.664
14.4481 2.63084e-05 256.334
14.4631 2.62948e-05 256.004
14.478 2.62812e-05 255.676
14.4929 2.62677e-05 255.348
14.5078 2.62542e-05 255.022
14.5227 2.62407e-05 254.695
14.5376 2.62273e-05 254.37
14.5526 2.62138e-05 254.045
14.5675 2.62004e-05 253.722
14.5824 2.6187e-05 253.399
14.5973 2.61736e-05 253.076
14.6122 2.61602e-05 252.755
14.6271 2.61469e-05 252.434
14.642 2.61336e-05 252.114
14.657 2.61203e-05 251.794
14.6719 2.6107e-05 251.475
14.6868 2.60937e-05 251.158
14.7017 2.60805e-05 250.84
14.7166 2.60673e-05 250.524
14.7315 2.60541e-05 250.208
14.7464 2.60409e-05 249.893
14.7614 2.60278e-05 249.579
14.7763 2.60147e-05 249.265
14.7912 2.60016e-05 248.953
14.8061 2.59886e-05 248.641
14.821 2.59757e-05 248.331
14.8359 2.5963e-05 248.022
14.8509 2.59505e-05 247.716
14.8658 2.59384e-05 247.413
14.8807 2.59269e-05 247.114
14.8956 2.5916e-05 246.821
14.9105 2.59058e-05 246.534
14.9254 2.58966e-05 246.255
14.9403 2.58883e-05 245.985
14.9553 2.58808e-05 245.723
14.9702 2.58741e-05 245.469
14.9851 2.58678e-05 245.221
15 2.58616e-05 244.978
