0.1 0.000381841 13072.2
0.114915 0.000185152 39397.3
0.12983 0.000280223 27902.4
0.144745 0.000255367 28211.6
0.15966 0.000251449 25557.5
0.174575 0.00023924 24032.8
0.189489 0.00023016 22514.8
0.204404 0.000221445 21250
0.219319 0.000213794 20127.2
0.234234 0.000206846 19136.9
0.249149 0.000200545 18252.4
0.264064 0.000194784 17458
0.278979 0.000189494 16739.9
0.293894 0.000184613 16087.1
0.308809 0.00018009 15490.7
0.323724 0.000175885 14943.6
0.338639 0.000171961 14439.5
0.353554 0.000168289 13973.3
0.368468 0.000164842 13540.8
0.383383 0.000161597 13138.3
0.398298 0.000158532 12762.4
0.413213 0.000155618 12409.7
0.428128 0.000152804 12076.3
0.443043 0.000149977 11755.2
0.457958 0.000146868 11432.4
0.472873 0.000142896 11079.9
0.487788 0.00013691 10644
0.502703 0.000126332 10001.2
0.517618 0.000111515 7929.24
0.532533 0.00010967 4122.66
0.547447 0.000145224 1029.4
0.562362 0.000176902 4561.31
0.577277 0.000120449 1036.35
0.592192 0.000162237 4297.53
0.607107 0.000105099 896.563
0.622022 0.000151991 3795.34
0.636937 0.0001015 846.04
0.651852 0.000145424 3541.89
0.666767 0.000100186 827.311
0.681682 0.000141171 3392.52
0.696597 9.82389e-05 815.026
0.711512 0.000137974 3275.23
0.726426 9.62838e-05 806.348
0.741341 0.000134944 3172.04
0.756256 9.45613e-05 800.341
0.771171 0.000132021 3079.47
0.786086 9.29531e-05 796.285
0.801001 0.000129233 2995.77
0.815916 9.15358e-05 727.74
0.830831 0.00012657 2794.85
0.845746 9.0106e-05 678.464
0.860661 0.000124297 2638.45
0.875576 8.85878e-05 662.02
0.89049 0.000122343 2552.61
0.905405 8.70249e-05 655.815
0.92032 0.00012038 2489.06
0.935235 8.56265e-05 651.574
0.95015 0.000118282 2429.92
0.965065 8.4476e-05 650.186
0.97998 0.000116159 2377.63
0.994895 8.34882e-05 650.139
1.00981 0.000114085 2329.81
1.02472 8.25768e-05 651.05
1.03964 0.000112081 2285.73
1.05455 8.1737e-05 652.663
1.06947 0.000110129 2244.57
1.08438 8.0951e-05 654.858
1.0993 0.000108244 2206.11
1.11421 8.02238e-05 657.482
1.12913 0.000106408 2169.79
1.14404 7.95378e-05 660.491
1.15896 0.000104636 2135.58
1.17387 7.89007e-05 663.771
1.18879 0.00010291 2103
1.2037 7.82951e-05 667.324
1.21862 0.000101244 2072.14
1.23353 7.77302e-05 671.041
1.24845 9.96209e-05 2042.56
1.26336 7.71895e-05 674.964
1.27828 9.80548e-05 2014.45
1.29319 7.66829e-05 678.975
1.30811 9.65283e-05 1987.37
1.32302 7.61942e-05 683.149
1.33794 9.50559e-05 1961.55
1.35285 7.57345e-05 687.352
1.36777 9.36204e-05 1936.57
1.38268 7.52876e-05 691.692
1.3976 9.22362e-05 1912.72
1.41251 7.48656e-05 696.013
1.42743 9.08862e-05 1889.55
1.44234 7.44521e-05 700.456
1.45726 8.95849e-05 1867.4
1.47217 7.40604e-05 704.838
1.48709 8.83151e-05 1845.8
1.502 7.36733e-05 709.334
1.51692 8.70916e-05 1825.14
1.53183 7.33055e-05 713.735
1.54675 8.5897e-05 1804.91
1.56166 7.29386e-05 718.246
1.57658 8.47463e-05 1785.54
1.59149 7.25885e-05 722.63
1.60641 8.36219e-05 1766.5
1.62132 7.22346e-05 727.122
1.63624 8.2539e-05 1748.22
1.65115 7.18934e-05 731.457
1.66607 8.14792e-05 1730.13
1.68098 7.15401e-05 735.892
1.6959 8.0458e-05 1712.63
1.71081 7.11882e-05 740.132
1.72573 7.94557e-05 1695.03
1.74064 7.08032e-05 744.447
1.75556 7.84873e-05 1677.59
1.77047 7.03875e-05 748.504
1.78539 7.75326e-05 1659.32
1.8003 6.98845e-05 752.568
1.81522 7.66117e-05 1640.09
1.83013 6.92747e-05 756.273
1.84505 7.57214e-05 1618.29
1.85996 6.84844e-05 759.923
1.87487 7.49335e-05 1593.1
1.88979 6.75224e-05 763.307
1.9047 7.43504e-05 1562.28
1.91962 6.64346e-05 767.257
1.93453 7.41864e-05 1524.37
1.94945 6.54864e-05 772.954
1.96436 7.45568e-05 1475.76
1.97928 6.50852e-05 784.749
1.99419 7.51852e-05 1412.15
2.00911 6.57257e-05 809.936
2.02402 7.51318e-05 1328.79
2.03894 6.72846e-05 855.573
2.05385 7.37452e-05 1228.5
2.06877 6.88206e-05 918.974
2.08368 7.15869e-05 1120.32
2.0986 6.9541e-05 992.918
2.11351 6.9253e-05 1012.32
2.12843 6.92083e-05 958.959
2.14334 6.90658e-05 874.98
2.15826 6.87137e-05 782.989
2.17317 6.83157e-05 694.849
2.18809 6.79415e-05 615.76
2.203 6.76056e-05 547.315
2.21792 6.73039e-05 489.375
2.23283 6.70284e-05 441.063
2.24775 6.67719e-05 401.239
2.26266 6.65289e-05 368.716
2.27758 6.62957e-05 342.355
2.29249 6.60695e-05 321.114
2.30741 6.58488e-05 304.065
2.32232 6.56322e-05 290.405
2.33724 6.54192e-05 279.448
2.35215 6.52091e-05 270.627
2.36707 6.50017e-05 263.474
2.38198 6.47967e-05 257.615
2.3969 6.45939e-05 252.754
2.41181 6.43933e-05 248.657
2.42673 6.41946e-05 245.145
2.44164 6.39979e-05 242.077
2.45656 6.38031e-05 239.349
2.47147 6.36101e-05 236.881
2.48639 6.34189e-05 234.611
2.5013 6.32294e-05 232.495
2.51622 6.30416e-05 230.499
2.53113 6.28556e-05 228.597
2.54605 6.26712e-05 226.77
2.56096 6.24884e-05 225.004
2.57588 6.23072e-05 223.288
2.59079 6.21275e-05 221.615
2.60571 6.19495e-05 219.979
2.62062 6.17729e-05 218.375
2.63554 6.15979e-05 216.799
2.65045 6.14243e-05 215.25
2.66537 6.12522e-05 213.724
2.68028 6.10815e-05 212.221
2.6952 6.09123e-05 210.74
2.71011 6.07522e-05 209.291
2.72503 6.05664e-05 212.159
2.73994 6.04251e-05 208.563
2.75485 6.02346e-05 211.809
2.76977 6.01059e-05 206.993
2.78468 5.99029e-05 212.755
2.7996 5.97901e-05 206.073
2.81451 5.95802e-05 212.739
2.82943 5.94808e-05 204.713
2.84434 5.92595e-05 213.425
2.85926 5.91755e-05 203.708
2.87417 5.89459e-05 213.587
2.88909 5.88758e-05 202.476
2.904 5.86354e-05 214.129
2.91892 5.85803e-05 201.441
2.93383 5.83307e-05 214.385
2.94875 5.82898e-05 200.293
2.96366 5.80296e-05 214.845
2.97858 5.80035e-05 199.257
2.99349 5.77335e-05 215.149
3.00841 5.77218e-05 198.168
3.02332 5.74413e-05 215.562
3.03824 5.74442e-05 197.146
3.05315 5.71535e-05 215.889
3.06807 5.7171e-05 196.103
3.08298 5.68696e-05 216.274
3.0979 5.69017e-05 195.102
3.11281 5.65898e-05 216.611
3.12773 5.66365e-05 194.096
3.14264 5.63137e-05 216.977
3.15756 5.63751e-05 193.12
3.17247 5.60416e-05 217.316
3.18739 5.61176e-05 192.147
3.2023 5.5773e-05 217.67
3.21722 5.58637e-05 191.196
3.23213 5.55081e-05 218.007
3.24705 5.56135e-05 190.253
3.26196 5.52467e-05 218.351
3.27688 5.53668e-05 189.327
3.29179 5.49888e-05 218.685
3.30671 5.51236e-05 188.411
3.32162 5.47342e-05 219.022
3.33654 5.48837e-05 187.51
3.35145 5.4483e-05 219.352
3.36637 5.46472e-05 186.62
3.38128 5.42349e-05 219.681
3.3962 5.44139e-05 185.743
3.41111 5.399e-05 220.006
3.42603 5.41838e-05 184.877
3.44094 5.37481e-05 220.33
3.45586 5.39568e-05 184.023
3.47077 5.35093e-05 220.649
3.48569 5.37328e-05 183.18
3.5006 5.32734e-05 220.967
3.51552 5.35118e-05 182.348
3.53043 5.30404e-05 221.282
3.54535 5.32936e-05 181.528
3.56026 5.28103e-05 221.594
3.57518 5.30784e-05 180.718
3.59009 5.25829e-05 221.904
3.60501 5.28659e-05 179.918
3.61992 5.23582e-05 222.211
3.63483 5.26561e-05 179.128
3.64975 5.21361e-05 222.516
3.66466 5.2449e-05 178.349
3.67958 5.19167e-05 222.818
3.69449 5.22446e-05 177.579
3.70941 5.16998e-05 223.118
3.72432 5.20427e-05 176.818
3.73924 5.14854e-05 223.415
3.75415 5.18433e-05 176.068
3.76907 5.12734e-05 223.71
3.78398 5.16464e-05 175.326
3.7989 5.10639e-05 224.003
3.81381 5.14519e-05 174.593
3.82873 5.08567e-05 224.293
3.84364 5.12598e-05 173.869
3.85856 5.06518e-05 224.581
3.87347 5.107e-05 173.154
3.88839 5.04491e-05 224.866
3.9033 5.08825e-05 172.447
3.91822 5.02487e-05 225.15
3.93313 5.06972e-05 171.748
3.94805 5.00504e-05 225.431
3.96296 5.05141e-05 171.058
3.97788 4.98543e-05 225.71
3.99279 5.03332e-05 170.376
4.00771 4.96604e-05 225.988
4.02262 5.01769e-05 169.739
4.03754 4.94315e-05 235.122
4.05245 4.9967e-05 172.284
4.06737 4.93133e-05 220.243
4.08228 4.98048e-05 166.031
4.0972 4.90749e-05 229.158
4.11211 4.96406e-05 168.606
4.12703 4.88918e-05 230.753
4.14194 4.94668e-05 168.435
4.15686 4.87155e-05 229.538
4.17177 4.92902e-05 167.24
4.18669 4.85428e-05 227.3
4.2016 4.91138e-05 165.683
4.21652 4.83725e-05 224.715
4.23143 4.89386e-05 164.01
4.24635 4.82043e-05 222.035
4.26126 4.8765e-05 162.314
4.27618 4.8038e-05 219.353
4.29109 4.85931e-05 160.628
4.30601 4.78734e-05 216.703
4.32092 4.8423e-05 158.963
4.33584 4.77105e-05 214.095
4.35075 4.82547e-05 157.325
4.36567 4.75493e-05 211.534
4.38058 4.80882e-05 155.714
4.3955 4.73993e-05 209.042
4.41041 4.79134e-05 157.709
4.42533 4.72256e-05 210.123
4.44024 4.77662e-05 153.891
4.45516 4.70985e-05 205.502
4.47007 4.75748e-05 160.393
4.48498 4.69038e-05 211.005
4.4999 4.74553e-05 152.941
4.51481 4.67983e-05 202.88
4.52973 4.72481e-05 162.123
4.54464 4.65903e-05 210.945
4.55956 4.71488e-05 151.672
4.57447 4.65068e-05 199.998
4.58939 4.69247e-05 164.245
4.6043 4.62823e-05 211.266
4.61922 4.68492e-05 150.567
4.63413 4.62204e-05 197.328
4.64905 4.6608e-05 166.2
4.66396 4.59805e-05 211.426
4.67888 4.65551e-05 149.428
4.69379 4.59403e-05 194.674
4.70871 4.62963e-05 168.22
4.72362 4.56844e-05 211.646
4.73854 4.62668e-05 148.334
4.75345 4.56656e-05 192.111
4.76837 4.59752e-05 170.182
4.78328 4.54398e-05 202.598
4.7982 4.59522e-05 156.786
4.81311 4.53634e-05 198.657
4.82803 4.57054e-05 160.643
4.84294 4.52017e-05 201.479
4.85786 4.56295e-05 156.802
4.87277 4.50538e-05 197.079
4.88769 4.54777e-05 161.417
4.9026 4.49094e-05 200.625
4.91752 4.53478e-05 156.592
4.93243 4.47869e-05 195.4
4.94735 4.51961e-05 162.243
4.96226 4.46424e-05 199.883
4.97718 4.50716e-05 156.27
4.99209 4.45254e-05 193.651
5.00701 4.49189e-05 163.196
5.02192 4.43799e-05 199.273
5.03684 4.48005e-05 155.813
5.05175 4.42691e-05 191.811
5.06667 4.46458e-05 164.305
5.08158 4.41219e-05 198.819
5.0965 4.45347e-05 155.192
5.11141 4.40182e-05 189.855
5.12633 4.43767e-05 165.608
5.14124 4.38679e-05 198.55
5.15616 4.42739e-05 154.374
5.17107 4.37725e-05 187.755
5.18599 4.41044e-05 167.138
5.2009 4.36394e-05 198.539
5.21582 4.40027e-05 153.249
5.23073 4.35161e-05 185.38
5.24565 4.38559e-05 169.141
5.26056 4.34234e-05 198.968
5.27548 4.37231e-05 151.621
5.29039 4.32517e-05 182.563
5.30531 4.36369e-05 171.897
5.32022 4.31903e-05 186.946
5.33514 4.3457e-05 165.213
5.35005 4.30018e-05 193.313
5.36496 4.34083e-05 156.728
5.37988 4.29583e-05 185.343
5.39479 4.31833e-05 166.131
5.40971 4.28226e-05 192.906
5.42462 4.31274e-05 156.063
5.43954 4.26933e-05 183.42
5.45445 4.29951e-05 167.679
5.46937 4.25834e-05 192.912
5.48428 4.2879e-05 154.968
5.4992 4.24607e-05 181.212
5.51411 4.27629e-05 169.588
5.52903 4.23676e-05 193.272
5.54394 4.26322e-05 153.466
5.55886 4.22297e-05 178.679
5.57377 4.25381e-05 172.047
5.58869 4.21549e-05 181.067
5.6036 4.23838e-05 168.018
5.61852 4.20153e-05 189.98
5.63343 4.2308e-05 155.917
5.64835 4.19365e-05 179.105
5.66326 4.21504e-05 169.633
5.67818 4.18137e-05 190.129
5.69309 4.20697e-05 154.68
5.70801 4.17112e-05 176.862
5.72292 4.19381e-05 171.75
5.73784 4.1611e-05 178.585
5.75275 4.18314e-05 168.73
5.76767 4.14927e-05 187.537
5.78258 4.17279e-05 156.326
5.7975 4.1409e-05 176.587
5.81241 4.15974e-05 170.452
5.82733 4.12871e-05 178.877
5.84224 4.1512e-05 166.705
5.85716 4.12022e-05 184.127
5.87207 4.13775e-05 159.08
5.88699 4.10926e-05 177.205
5.9019 4.12869e-05 167.963
5.91682 4.09964e-05 184.003
5.93173 4.11674e-05 158.234
5.94665 4.09015e-05 175.421
5.96156 4.10599e-05 169.415
5.97648 4.08038e-05 184.062
5.99139 4.09537e-05 157.153
6.00631 4.07049e-05 173.451
6.02122 4.08479e-05 171.216
6.03614 4.06144e-05 173.913
6.05105 4.07385e-05 169.991
6.06597 4.05106e-05 182.843
6.08088 4.0643e-05 157.242
6.0958 4.04226e-05 171.963
6.11071 4.05279e-05 171.804
6.12563 4.03291e-05 171.463
6.14054 4.04279e-05 172.026
6.15546 4.02376e-05 170.626
6.17037 4.0318e-05 172.742
6.18529 4.01604e-05 169.098
6.2002 4.01998e-05 179.936
6.21512 4.00787e-05 158.631
6.23003 4.00889e-05 170.978
6.24494 3.99935e-05 170.744
6.25986 3.99927e-05 170.939
6.27477 3.99042e-05 170.305
6.28969 3.98762e-05 171.043
6.3046 3.98331e-05 169.696
6.31952 3.97709e-05 178.168
6.33443 3.97355e-05 159.16
6.34935 3.96908e-05 169.342
6.36426 3.96314e-05 177.107
6.37918 3.95964e-05 159.885
6.39409 3.955e-05 169.171
6.40901 3.94967e-05 176.208
6.42392 3.94556e-05 160.4
6.43884 3.94123e-05 168.84
6.45375 3.93587e-05 175.184
6.46867 3.93198e-05 161.106
6.48358 3.92758e-05 168.665
6.4985 3.92236e-05 174.294
6.51341 3.91842e-05 161.64
6.52833 3.91404e-05 168.357
6.54324 3.90896e-05 173.311
6.55816 3.90503e-05 162.318
6.57307 3.90069e-05 168.166
6.58799 3.89572e-05 172.429
6.6029 3.89175e-05 162.869
6.61782 3.88743e-05 167.879
6.63273 3.8826e-05 171.482
6.64765 3.87862e-05 163.526
6.66256 3.87434e-05 167.678
6.67748 3.86962e-05 170.611
6.69239 3.86561e-05 164.087
6.70731 3.86173e-05 167.415
6.72222 3.85668e-05 169.7
6.73714 3.85162e-05 171.179
6.75205 3.84874e-05 162.376
6.76697 3.84493e-05 165.195
6.78188 3.84038e-05 167.102
6.7968 3.83547e-05 168.3
6.81171 3.83132e-05 168.973
6.82663 3.82719e-05 169.249
6.84154 3.82305e-05 169.226
6.85646 3.81892e-05 168.98
6.87137 3.81479e-05 168.568
6.88629 3.81067e-05 168.033
6.9012 3.80657e-05 167.408
6.91612 3.80247e-05 166.716
6.93103 3.79838e-05 165.978
6.94595 3.79431e-05 165.205
6.96086 3.79024e-05 164.41
6.97578 3.78619e-05 163.598
6.99069 3.78215e-05 162.776
7.00561 3.77813e-05 161.948
7.02052 3.77411e-05 161.118
7.03544 3.77011e-05 160.287
7.05035 3.76612e-05 159.457
7.06527 3.76215e-05 158.631
7.08018 3.75818e-05 157.808
7.0951 3.75423e-05 156.989
7.11001 3.75029e-05 156.175
7.12492 3.74636e-05 155.366
7.13984 3.74245e-05 154.563
7.15475 3.73855e-05 153.766
7.16967 3.73466e-05 152.974
7.18458 3.73078e-05 152.188
7.1995 3.72691e-05 151.409
7.21441 3.72306e-05 150.635
7.22933 3.71921e-05 149.868
7.24424 3.71538e-05 149.106
7.25916 3.71156e-05 148.351
7.27407 3.70776e-05 147.601
7.28899 3.70396e-05 146.858
7.3039 3.70018e-05 146.121
7.31882 3.69641e-05 145.39
7.33373 3.69265e-05 144.665
7.34865 3.6889e-05 143.946
7.36356 3.68516e-05 143.233
7.37848 3.68143e-05 142.527
7.39339 3.67772e-05 141.826
7.40831 3.67401e-05 141.132
7.42322 3.67032e-05 140.443
7.43814 3.66664e-05 139.761
7.45305 3.66297e-05 139.085
7.46797 3.65931e-05 138.415
7.48288 3.65566e-05 137.751
7.4978 3.65202e-05 137.093
7.51271 3.6484e-05 136.442
7.52763 3.64478e-05 135.797
7.54254 3.64117e-05 135.158
7.55746 3.63758e-05 134.526
7.57237 3.634e-05 133.9
7.58729 3.63042e-05 133.281
7.6022 3.62686e-05 132.668
7.61712 3.62331e-05 132.062
7.63203 3.61976e-05 131.463
7.64695 3.61623e-05 130.87
7.66186 3.61271e-05 130.284
7.67678 3.6092e-05 129.706
7.69169 3.6057e-05 129.134
7.70661 3.60221e-05 128.57
7.72152 3.59873e-05 128.013
7.73644 3.59526e-05 127.464
7.75135 3.5918e-05 126.922
7.76627 3.58835e-05 126.388
7.78118 3.58491e-05 125.863
7.7961 3.58148e-05 125.345
7.81101 3.57806e-05 124.836
7.82593 3.57465e-05 124.335
7.84084 3.57124e-05 123.843
7.85576 3.56785e-05 123.361
7.87067 3.56447e-05 122.887
7.88559 3.5611e-05 122.424
7.9005 3.55774e-05 121.97
7.91542 3.55438e-05 121.526
7.93033 3.55104e-05 121.093
7.94525 3.54771e-05 120.671
7.96016 3.54438e-05 120.26
7.97508 3.54107e-05 119.861
7.98999 3.53776e-05 119.474
8.0049 3.53446e-05 119.1
8.01982 3.53118e-05 118.738
8.03473 3.5279e-05 118.39
8.04965 3.52463e-05 118.057
8.06456 3.52137e-05 117.737
8.07948 3.51812e-05 117.434
8.09439 3.51488e-05 117.146
8.10931 3.51165e-05 116.874
8.12422 3.50842e-05 116.62
8.13914 3.50521e-05 116.384
8.15405 3.502e-05 116.167
8.16897 3.4988e-05 115.969
8.18388 3.49562e-05 115.792
8.1988 3.49244e-05 115.637
8.21371 3.48927e-05 115.504
8.22863 3.48611e-05 115.395
8.24354 3.48295e-05 115.311
8.25846 3.47981e-05 115.253
8.27337 3.47667e-05 115.222
8.28829 3.47355e-05 115.219
8.3032 3.47043e-05 115.247
8.31812 3.46732e-05 115.306
8.33303 3.46422e-05 115.398
8.34795 3.46113e-05 115.525
8.36286 3.45804e-05 115.688
8.37778 3.45497e-05 115.89
8.39269 3.4519e-05 116.132
8.40761 3.44884e-05 116.417
8.42252 3.44579e-05 116.746
8.43744 3.44275e-05 117.123
8.45235 3.43972e-05 117.549
8.46727 3.4367e-05 118.027
8.48218 3.43368e-05 118.56
8.4971 3.43068e-05 119.151
8.51201 3.42768e-05 119.802
8.52693 3.42469e-05 120.518
8.54184 3.42171e-05 121.301
8.55676 3.41874e-05 122.156
8.57167 3.41577e-05 123.085
8.58659 3.41282e-05 124.094
8.6015 3.40988e-05 125.186
8.61642 3.40694e-05 126.365
8.63133 3.40402e-05 127.637
8.64625 3.4011e-05 129.007
8.66116 3.39819e-05 130.48
8.67608 3.39529e-05 132.061
8.69099 3.39241e-05 133.756
8.70591 3.38953e-05 135.573
8.72082 3.38666e-05 137.516
8.73574 3.38381e-05 139.593
8.75065 3.38096e-05 141.812
8.76557 3.37813e-05 144.18
8.78048 3.3753e-05 146.706
8.7954 3.37249e-05 149.397
8.81031 3.3697e-05 152.264
8.82523 3.36691e-05 155.315
8.84014 3.36414e-05 158.56
8.85506 3.36139e-05 162.011
8.86997 3.35862e-05 165.678
8.88488 3.35507e-05 169.552
8.8998 3.33597e-05 173.249
8.91471 3.37108e-05 163.746
8.92963 3.33571e-05 171.296
8.94454 3.3574e-05 168.763
8.95946 3.30944e-05 177.277
8.97437 3.37715e-05 163.383
8.98929 3.30951e-05 175.898
9.0042 3.36283e-05 167.756
9.01912 3.27743e-05 181.65
9.03403 3.38931e-05 163.35
9.04895 3.27724e-05 181.291
9.06386 3.375e-05 166.516
9.07878 3.23879e-05 186.289
9.09369 3.40878e-05 163.763
9.10861 3.23697e-05 187.524
9.12352 3.3959e-05 165.064
9.13844 3.19257e-05 191.125
9.15335 3.43643e-05 164.698
9.16827 3.18657e-05 194.591
9.18318 3.42769e-05 163.498
9.1981 3.13841e-05 196.15
9.21301 3.47233e-05 166.112
9.22793 3.12409e-05 202.362
9.24284 3.47235e-05 162.044
9.25776 3.07778e-05 201.531
9.27267 3.51416e-05 167.693
9.28759 3.04625e-05 210.362
9.3025 3.53694e-05 159.714
9.31742 3.01791e-05 206.475
9.33233 3.55129e-05 170.112
9.34725 2.98636e-05 210.812
9.36216 3.5718e-05 168.177
9.37708 2.96076e-05 222.563
9.39199 3.5407e-05 176.059
9.40691 3.00594e-05 210.382
9.42182 3.5286e-05 174.903
9.43674 2.99768e-05 217.168
9.45165 3.50007e-05 181.138
9.46657 3.02352e-05 211.814
9.48148 3.476e-05 182.466
9.4964 3.03706e-05 214.907
9.51131 3.44743e-05 187.321
9.52623 3.05721e-05 212.145
9.54114 3.41771e-05 189.623
9.55606 3.07865e-05 213.884
9.57097 3.38728e-05 193.923
9.58589 3.09932e-05 212.285
9.6008 3.35569e-05 196.682
9.61572 3.12212e-05 213.348
9.63063 3.32396e-05 200.656
9.64555 3.14408e-05 212.433
9.66046 3.29236e-05 203.682
9.67538 3.16546e-05 213.02
9.69029 3.26001e-05 207.364
9.70521 3.18649e-05 212.559
9.72012 3.23068e-05 210.578
9.73504 3.23332e-05 211.853
9.74995 3.22673e-05 214.441
9.76486 3.22001e-05 217.687
9.77978 3.21468e-05 221.312
9.79469 3.21047e-05 225.17
9.80961 3.20695e-05 229.168
9.82452 3.20382e-05 233.25
9.83944 3.20091e-05 237.377
9.85435 3.19808e-05 241.524
9.86927 3.19529e-05 245.671
9.88418 3.19249e-05 249.807
9.8991 3.18966e-05 253.92
9.91401 3.18678e-05 258.002
9.92893 3.18386e-05 262.044
9.94384 3.18088e-05 266.041
9.95876 3.17786e-05 269.986
9.97367 3.17479e-05 273.874
9.98859 3.17167e-05 277.698
10.0035 3.16852e-05 281.455
10.0184 3.16533e-05 285.139
10.0333 3.16212e-05 288.747
10.0482 3.15889e-05 292.273
10.0632 3.15565e-05 295.716
10.0781 3.1524e-05 299.071
10.093 3.14916e-05 302.336
10.1079 3.14593e-05 305.508
10.1228 3.14272e-05 308.585
10.1377 3.13953e-05 311.565
10.1527 3.13637e-05 314.448
10.1676 3.13325e-05 317.232
10.1825 3.13017e-05 319.915
10.1974 3.12713e-05 322.499
10.2123 3.12415e-05 324.982
10.2272 3.12121e-05 327.365
10.2421 3.11833e-05 329.648
10.2571 3.11551e-05 331.832
10.272 3.11274e-05 333.918
10.2869 3.11003e-05 335.907
10.3018 3.10738e-05 337.8
10.3167 3.10478e-05 339.599
10.3316 3.10224e-05 341.305
10.3465 3.09976e-05 342.92
10.3615 3.09733e-05 344.445
10.3764 3.09495e-05 345.884
10.3913 3.09262e-05 347.237
10.4062 3.09033e-05 348.508
10.4211 3.08809e-05 349.697
10.436 3.08589e-05 350.808
10.451 3.08373e-05 351.843
10.4659 3.0816e-05 352.804
10.4808 3.0795e-05 353.694
10.4957 3.07744e-05 354.514
10.5106 3.0754e-05 355.268
10.5255 3.07338e-05 355.957
10.5404 3.07139e-05 356.584
10.5554 3.06941e-05 357.151
10.5703 3.06746e-05 357.661
10.5852 3.06551e-05 358.116
10.6001 3.06358e-05 358.518
10.615 3.06166e-05 358.87
10.6299 3.05975e-05 359.172
10.6448 3.05785e-05 359.429
10.6598 3.05595e-05 359.641
10.6747 3.05406e-05 359.81
10.6896 3.05217e-05 359.939
10.7045 3.05029e-05 360.03
10.7194 3.04841e-05 360.084
10.7343 3.04652e-05 360.103
10.7492 3.04464e-05 360.089
10.7642 3.04276e-05 360.043
10.7791 3.04087e-05 359.968
10.794 3.03899e-05 359.864
10.8089 3.0371e-05 359.733
10.8238 3.03521e-05 359.576
10.8387 3.03332e-05 359.396
10.8537 3.03143e-05 359.192
10.8686 3.02953e-05 358.968
10.8835 3.02764e-05 358.722
10.8984 3.02574e-05 358.458
10.9133 3.02383e-05 358.175
10.9282 3.02193e-05 357.876
10.9431 3.02002e-05 357.56
10.9581 3.01811e-05 357.229
10.973 3.0162e-05 356.884
10.9879 3.01428e-05 356.525
11.0028 3.01237e-05 356.155
11.0177 3.01045e-05 355.772
11.0326 3.00853e-05 355.378
11.0475 3.00661e-05 354.974
11.0625 3.00469e-05 354.56
11.0774 3.00276e-05 354.137
11.0923 3.00084e-05 353.706
11.1072 2.99892e-05 353.267
11.1221 2.99699e-05 352.82
11.137 2.99507e-05 352.367
11.152 2.99314e-05 351.907
11.1669 2.99121e-05 351.442
11.1818 2.98929e-05 350.971
11.1967 2.98736e-05 350.495
11.2116 2.98544e-05 350.014
11.2265 2.98351e-05 349.529
11.2414 2.98159e-05 349.04
11.2564 2.97967e-05 348.547
11.2713 2.97775e-05 348.051
11.2862 2.97583e-05 347.552
11.3011 2.97391e-05 347.05
11.316 2.97199e-05 346.545
11.3309 2.97007e-05 346.038
11.3458 2.96816e-05 345.53
11.3608 2.96624e-05 345.019
11.3757 2.96433e-05 344.506
11.3906 2.96242e-05 343.992
11.4055 2.96052e-05 343.477
11.4204 2.95861e-05 342.961
11.4353 2.95671e-05 342.444
11.4503 2.95481e-05 341.925
11.4652 2.95291e-05 341.406
11.4801 2.95101e-05 340.887
11.495 2.94912e-05 340.367
11.5099 2.94723e-05 339.847
11.5248 2.94534e-05 339.326
11.5397 2.94346e-05 338.806
11.5547 2.94157e-05 338.285
11.5696 2.93969e-05 337.765
11.5845 2.93781e-05 337.244
11.5994 2.93594e-05 336.724
11.6143 2.93407e-05 336.204
11.6292 2.9322e-05 335.685
11.6441 2.93033e-05 335.166
11.6591 2.92847e-05 334.647
11.674 2.92661e-05 334.129
11.6889 2.92475e-05 333.612
11.7038 2.92289e-05 333.095
11.7187 2.92104e-05 332.579
11.7336 2.91919e-05 332.063
11.7485 2.91735e-05 331.549
11.7635 2.9155e-05 331.035
11.7784 2.91367e-05 330.522
11.7933 2.91183e-05 330.01
11.8082 2.91e-05 329.499
11.8231 2.90817e-05 328.989
11.838 2.90634e-05 328.479
11.853 2.90451e-05 327.971
11.8679 2.90269e-05 327.464
11.8828 2.90088e-05 326.958
11.8977 2.89906e-05 326.453
11.9126 2.89725e-05 325.949
11.9275 2.89544e-05 325.446
11.9424 2.89364e-05 324.944
11.9574 2.89184e-05 324.443
11.9723 2.89004e-05 323.943
11.9872 2.88824e-05 323.445
12.0021 2.88645e-05 322.947
12.017 2.88466e-05 322.451
12.0319 2.88287e-05 321.956
12.0468 2.88109e-05 321.462
12.0618 2.87931e-05 320.969
12.0767 2.87754e-05 320.478
12.0916 2.87576e-05 319.988
12.1065 2.87399e-05 319.499
12.1214 2.87223e-05 319.011
12.1363 2.87046e-05 318.524
12.1513 2.8687e-05 318.038
12.1662 2.86694e-05 317.554
12.1811 2.86519e-05 317.071
12.196 2.86344e-05 316.589
12.2109 2.86169e-05 316.109
12.2258 2.85994e-05 315.629
12.2407 2.8582e-05 315.151
12.2557 2.85646e-05 314.674
12.2706 2.85473e-05 314.199
12.2855 2.853e-05 313.724
12.3004 2.85127e-05 313.251
12.3153 2.84954e-05 312.779
12.3302 2.84782e-05 312.308
12.3451 2.8461e-05 311.838
12.3601 2.84438e-05 311.37
12.375 2.84267e-05 310.903
12.3899 2.84096e-05 310.437
12.4048 2.83925e-05 309.972
12.4197 2.83754e-05 309.509
12.4346 2.83584e-05 309.047
12.4495 2.83414e-05 308.586
12.4645 2.83245e-05 308.126
12.4794 2.83075e-05 307.667
12.4943 2.82906e-05 307.21
12.5092 2.82738e-05 306.753
12.5241 2.82569e-05 306.298
12.539 2.82401e-05 305.844
12.554 2.82234e-05 305.392
12.5689 2.82066e-05 304.94
12.5838 2.81899e-05 304.49
12.5987 2.81732e-05 304.041
12.6136 2.81565e-05 303.593
12.6285 2.81399e-05 303.146
12.6434 2.81233e-05 302.7
12.6584 2.81067e-05 302.256
12.6733 2.80902e-05 301.813
12.6882 2.80737e-05 301.371
12.7031 2.80572e-05 300.93
12.718 2.80407e-05 300.49
12.7329 2.80243e-05 300.051
12.7478 2.80079e-05 299.614
12.7628 2.79916e-05 299.177
12.7777 2.79752e-05 298.742
12.7926 2.79589e-05 298.308
12.8075 2.79426e-05 297.875
12.8224 2.79264e-05 297.443
12.8373 2.79101e-05 297.013
12.8523 2.78939e-05 296.583
12.8672 2.78778e-05 296.155
12.8821 2.78616e-05 295.727
12.897 2.78455e-05 295.301
12.9119 2.78294e-05 294.876
12.9268 2.78134e-05 294.452
12.9417 2.77973e-05 294.029
12.9567 2.77813e-05 293.607
12.9716 2.77654e-05 293.186
12.9865 2.77494e-05 292.767
13.0014 2.77335e-05 292.348
13.0163 2.77176e-05 291.93
13.0312 2.77017e-05 291.514
13.0461 2.76859e-05 291.099
13.0611 2.76701e-05 290.684
13.076 2.76543e-05 290.271
13.0909 2.76385e-05 289.859
13.1058 2.76228e-05 289.448
13.1207 2.76071e-05 289.038
13.1356 2.75914e-05 288.629
13.1506 2.75758e-05 288.221
13.1655 2.75601e-05 287.814
13.1804 2.75446e-05 287.408
13.1953 2.7529e-05 287.003
13.2102 2.75134e-05 286.599
13.2251 2.74979e-05 286.196
13.24 2.74824e-05 285.795
13.255 2.7467e-05 285.394
13.2699 2.74515e-05 284.994
13.2848 2.74361e-05 284.595
13.2997 2.74207e-05 284.198
13.3146 2.74054e-05 283.801
13.3295 2.739e-05 283.405
13.3444 2.73747e-05 283.01
13.3594 2.73594e-05 282.617
13.3743 2.73442e-05 282.224
13.3892 2.73289e-05 281.832
13.4041 2.73137e-05 281.441
13.419 2.72985e-05 281.052
13.4339 2.72834e-05 280.663
13.4488 2.72682e-05 280.275
13.4638 2.72531e-05 279.888
13.4787 2.72381e-05 279.502
13.4936 2.7223e-05 279.117
13.5085 2.7208e-05 278.733
13.5234 2.7193e-05 278.35
13.5383 2.7178e-05 277.968
13.5533 2.7163e-05 277.587
13.5682 2.71481e-05 277.207
13.5831 2.71332e-05 276.827
13.598 2.71183e-05 276.449
13.6129 2.71034e-05 276.072
13.6278 2.70886e-05 275.695
13.6427 2.70738e-05 275.32
13.6577 2.7059e-05 274.945
13.6726 2.70442e-05 274.571
13.6875 2.70295e-05 274.199
13.7024 2.70148e-05 273.827
13.7173 2.70001e-05 273.456
13.7322 2.69854e-05 273.086
13.7471 2.69708e-05 272.717
13.7621 2.69562e-05 272.348
13.777 2.69416e-05 271.981
13.7919 2.6927e-05 271.615
13.8068 2.69124e-05 271.249
13.8217 2.68979e-05 270.885
13.8366 2.68834e-05 270.521
13.8516 2.68689e-05 270.158
13.8665 2.68545e-05 269.796
13.8814 2.68401e-05 269.435
13.8963 2.68256e-05 269.075
13.9112 2.68113e-05 268.715
13.9261 2.67969e-05 268.357
13.941 2.67826e-05 267.999
13.956 2.67682e-05 267.642
13.9709 2.6754e-05 267.286
13.9858 2.67397e-05 266.931
14.0007 2.67254e-05 266.577
14.0156 2.67112e-05 266.224
14.0305 2.6697e-05 265.871
14.0454 2.66828e-05 265.52
14.0604 2.66687e-05 265.169
14.0753 2.66545e-05 264.819
14.0902 2.66404e-05 264.47
14.1051 2.66263e-05 264.121
14.12 2.66123e-05 263.774
14.1349 2.65982e-05 263.427
14.1498 2.65842e-05 263.081
14.1648 2.65702e-05 262.736
14.1797 2.65562e-05 262.392
14.1946 2.65423e-05 262.049
14.2095 2.65284e-05 261.706
14.2244 2.65144e-05 261.364
14.2393 2.65005e-05 261.024
14.2543 2.64867e-05 260.683
14.2692 2.64728e-05 260.344
14.2841 2.6459e-05 260.005
14.299 2.64452e-05 259.668
14.3139 2.64314e-05 259.331
14.3288 2.64177e-05 258.995
14.3437 2.64039e-05 258.659
14.3587 2.63902e-05 258.325
14.3736 2.63765e-05 257.991
14.3885 2.63628e-05 257.658
14.4034 2.63492e-05 257.326
14.4183 2.63356e-05 256.994
14.4332 2.63219e-05 256.663
14.4481 2.63084e-05 256.334
14.4631 2.62948e-05 256.004
14.478 2.62812e-05 255.676
14.4929 2.62677e-05 255.348
14.5078 2.62542e-05 255.022
14.5227 2.62407e-05 254.695
14.5376 2.62273e-05 254.37
14.5526 2.62138e-05 254.045
14.5675 2.62004e-05 253.722
14.5824 2.6187e-05 253.398
14.5973 2.61736e-05 253.076
14.6122 2.61602e-05 252.755
14.6271 2.61469e-05 252.434
14.642 2.61336e-05 252.113
14.657 2.61203e-05 251.794
14.6719 2.6107e-05 251.475
14.6868 2.60937e-05 251.157
14.7017 2.60805e-05 250.84
14.7166 2.60673e-05 250.524
14.7315 2.60541e-05 250.208
14.7464 2.6041e-05 249.893
14.7614 2.60279e-05 249.579
14.7763 2.60148e-05 249.266
14.7912 2.60019e-05 248.955
14.8061 2.59891e-05 248.645
14.821 2.59765e-05 248.336
14.8359 2.59641e-05 248.03
14.8509 2.59521e-05 247.728
14.8658 2.59406e-05 247.429
14.8807 2.59295e-05 247.134
14.8956 2.5919e-05 246.845
14.9105 2.59092e-05 246.563
14.9254 2.59001e-05 246.286
14.9403 2.58916e-05 246.016
14.9553 2.58836e-05 245.752
14.9702 2.58761e-05 245.493
14.9851 2.58688e-05 245.239
15 2.58617e-05 244.987
