0.1 0.000323416 12003.6
0.114915 0.000279349 56402.9
0.12983 0.000285595 23545.3
0.144745 0.00025922 31114.4
0.15966 0.000252114 24359.3
0.174575 0.000238481 24569.6
0.189489 0.000230157 22262.2
0.204404 0.000220995 21339.9
0.219319 0.000213635 20072.6
0.234234 0.000206585 19145.1
0.249149 0.000200369 18236.3
0.264064 0.000194598 17453.3
0.278979 0.000189338 16731.8
0.293894 0.000184465 16081.3
0.308809 0.000179957 15484.9
0.323724 0.000175761 14938.5
0.338639 0.000171847 14434.8
0.353554 0.000168183 13969
0.368468 0.000164744 13536.9
0.383383 0.000161507 13134.7
0.398298 0.000158454 12759.4
0.413213 0.000155568 12408.1
0.428128 0.000152834 12078.7
0.443043 0.00015024 11768.9
0.457958 0.000147773 11477.1
0.472873 0.000145424 11201.6
0.487788 0.000143183 10941
0.502703 0.000141043 10694.2
0.517618 0.000138993 10459.9
0.532533 0.000136933 10233.7
0.547447 0.000133366 9944.41
0.562362 0.000130979 8225.76
0.577277 0.000130648 4843.11
0.592192 0.000137617 1230.71
0.607107 0.000121747 4013.26
0.622022 0.000133906 931.563
0.636937 0.000118155 3375.22
0.651852 0.00013096 866.668
0.666767 0.000115377 3160.99
0.681682 0.000128177 843.841
0.696597 0.000112758 3032.41
0.711512 0.000125584 829.441
0.726426 0.000110226 2925.53
0.741341 0.000123176 782.267
0.756256 0.000108033 2769.72
0.771171 0.000120791 772.453
0.786086 0.000105871 2684.84
0.801001 0.000118617 767.463
0.815916 0.000103796 2612.59
0.830831 0.000116587 764.997
0.845746 0.000101827 2548.59
0.860661 0.000114666 764.101
0.875576 9.99559e-05 2490.65
0.89049 0.000112846 764.292
0.905405 9.81776e-05 2437.58
0.92032 0.000111116 765.227
0.935235 9.64848e-05 2388.47
0.95015 0.000109467 766.717
0.965065 9.48721e-05 2342.73
0.97998 0.000107893 768.599
0.994895 9.33335e-05 2299.88
1.00981 0.000106388 770.786
1.02472 9.18643e-05 2259.57
1.03964 0.000104947 773.189
1.05455 9.04595e-05 2221.5
1.06947 0.000103564 775.762
1.08438 8.9115e-05 2185.44
1.0993 0.000102236 778.452
1.11421 8.7827e-05 2151.18
1.12913 0.00010096 781.236
1.14404 8.65918e-05 2118.57
1.15896 9.973e-05 784.079
1.17387 8.54061e-05 2087.45
1.18879 9.85449e-05 786.967
1.2037 8.42672e-05 2057.71
1.21862 9.74012e-05 789.879
1.23353 8.3172e-05 2029.23
1.24845 9.62964e-05 792.806
1.26336 8.21182e-05 2001.92
1.27828 9.52282e-05 795.733
1.29319 8.11035e-05 1975.7
1.30811 9.41945e-05 798.658
1.32302 8.01256e-05 1950.49
1.33794 9.31931e-05 801.566
1.35285 7.91825e-05 1926.22
1.36777 9.22223e-05 804.459
1.38268 7.82725e-05 1902.83
1.3976 9.12804e-05 807.326
1.41251 7.73938e-05 1880.27
1.42743 9.03659e-05 810.169
1.44234 7.65449e-05 1858.49
1.45726 8.94772e-05 812.98
1.47217 7.57242e-05 1837.43
1.48709 8.8613e-05 815.762
1.502 7.49305e-05 1817.07
1.51692 8.77721e-05 818.506
1.53183 7.41625e-05 1797.35
1.54675 8.69532e-05 821.218
1.56166 7.3419e-05 1778.25
1.57658 8.6155e-05 823.889
1.59149 7.26993e-05 1759.71
1.60641 8.53763e-05 826.524
1.62132 7.20025e-05 1741.7
1.63624 8.46157e-05 829.115
1.65115 7.13282e-05 1724.17
1.66607 8.38712e-05 831.665
1.68098 7.06767e-05 1707.07
1.6959 8.31406e-05 834.164
1.71081 7.00489e-05 1690.28
1.72573 8.242e-05 836.612
1.74064 6.94476e-05 1673.69
1.75556 8.17036e-05 838.989
1.77047 6.88783e-05 1657.05
1.78539 8.09814e-05 841.283
1.8003 6.83511e-05 1639.97
1.81522 8.0237e-05 843.456
1.83013 6.78842e-05 1621.76
1.84505 7.94439e-05 845.481
1.85996 6.75085e-05 1601.28
1.87487 7.8562e-05 847.34
1.88979 6.72715e-05 1576.6
1.9047 7.75389e-05 849.175
1.91962 6.72363e-05 1544.75
1.93453 7.63257e-05 851.566
1.94945 6.74577e-05 1501.6
1.96436 7.49132e-05 856.17
1.97928 6.79237e-05 1442.61
1.99419 7.33768e-05 866.309
2.00911 6.84938e-05 1365.12
2.02402 7.18762e-05 886.616
2.03894 6.894e-05 1271.16
2.05385 7.058e-05 920.842
2.06877 6.91016e-05 1167.62
2.08368 6.95673e-05 969.833
2.0986 6.89791e-05 1062.95
2.11351 6.87957e-05 1043.92
2.12843 6.8574e-05 969.323
2.14334 6.8335e-05 875.025
2.15826 6.80926e-05 779.463
2.17317 6.78522e-05 690.928
2.18809 6.76154e-05 612.547
2.203 6.73823e-05 544.984
2.21792 6.71527e-05 487.784
2.23283 6.69263e-05 440.011
2.24775 6.67026e-05 400.553
2.26266 6.64816e-05 368.27
2.27758 6.6263e-05 342.064
2.29249 6.60468e-05 320.922
2.30741 6.58327e-05 303.938
2.32232 6.56208e-05 290.319
2.33724 6.5411e-05 279.39
2.35215 6.52032e-05 270.586
2.36707 6.49974e-05 263.445
2.38198 6.47935e-05 257.595
2.3969 6.45916e-05 252.74
2.41181 6.43915e-05 248.647
2.42673 6.41933e-05 245.137
2.44164 6.3997e-05 242.072
2.45656 6.38024e-05 239.345
2.47147 6.36096e-05 236.878
2.48639 6.34185e-05 234.609
2.5013 6.32291e-05 232.494
2.51622 6.30414e-05 230.498
2.53113 6.28554e-05 228.596
2.54605 6.2671e-05 226.769
2.56096 6.24883e-05 225.003
2.57588 6.23071e-05 223.288
2.59079 6.21275e-05 221.615
2.60571 6.19494e-05 219.979
2.62062 6.17729e-05 218.375
2.63554 6.15979e-05 216.799
2.65045 6.14243e-05 215.249
2.66537 6.12522e-05 213.724
2.68028 6.10815e-05 212.221
2.6952 6.09123e-05 210.739
2.71011 6.07447e-05 209.279
2.72503 6.05776e-05 212.198
2.73994 6.04133e-05 208.562
2.75485 6.02486e-05 211.835
2.76977 6.00874e-05 206.974
2.78468 5.99247e-05 212.822
2.7996 5.97666e-05 206.066
2.81451 5.96061e-05 212.797
2.82943 5.9451e-05 204.69
2.84434 5.92925e-05 213.52
2.85926 5.91402e-05 203.693
2.87417 5.89838e-05 213.679
2.88909 5.88344e-05 202.448
2.904 5.86798e-05 214.253
2.91892 5.85332e-05 201.419
2.93383 5.83805e-05 214.512
2.94875 5.82366e-05 200.261
2.96366 5.80857e-05 215
2.97858 5.79445e-05 199.228
2.99349 5.77954e-05 215.312
3.00841 5.76568e-05 198.131
3.02332 5.75093e-05 215.75
3.03824 5.73733e-05 197.11
3.05315 5.72274e-05 216.088
3.06807 5.70939e-05 196.061
3.08298 5.69496e-05 216.495
3.0979 5.68186e-05 195.059
3.11281 5.66759e-05 216.846
3.12773 5.65473e-05 194.049
3.14264 5.6406e-05 217.234
3.15756 5.62798e-05 193.071
3.17247 5.61399e-05 217.589
3.18739 5.60161e-05 192.094
3.2023 5.58776e-05 217.963
3.21722 5.5756e-05 191.14
3.23213 5.56189e-05 218.319
3.24705 5.54996e-05 190.193
3.26196 5.53637e-05 218.684
3.27688 5.52467e-05 189.265
3.29179 5.5112e-05 219.036
3.30671 5.49972e-05 188.346
3.32162 5.48638e-05 219.394
3.33654 5.47511e-05 187.442
3.35145 5.46188e-05 219.743
3.36637 5.45082e-05 186.548
3.38128 5.43771e-05 220.094
3.3962 5.42686e-05 185.669
3.41111 5.41385e-05 220.439
3.42603 5.40321e-05 184.799
3.44094 5.39031e-05 220.784
3.45586 5.37986e-05 183.943
3.47077 5.36706e-05 221.126
3.48569 5.35682e-05 183.097
3.5006 5.34412e-05 221.465
3.51552 5.33407e-05 182.262
3.53043 5.32147e-05 221.802
3.54535 5.31161e-05 181.438
3.56026 5.2991e-05 222.137
3.57518 5.28944e-05 180.625
3.59009 5.27701e-05 222.469
3.60501 5.26754e-05 179.822
3.61992 5.2552e-05 222.799
3.63483 5.24591e-05 179.029
3.64975 5.23365e-05 223.127
3.66466 5.22454e-05 178.247
3.67958 5.21236e-05 223.453
3.69449 5.20343e-05 177.474
3.70941 5.19133e-05 223.776
3.72432 5.18258e-05 176.71
3.73924 5.17055e-05 224.098
3.75415 5.16198e-05 175.956
3.76907 5.15002e-05 224.417
3.78398 5.14162e-05 175.211
3.7989 5.12973e-05 224.734
3.81381 5.12151e-05 174.475
3.82873 5.10968e-05 225.049
3.84364 5.10162e-05 173.748
3.85856 5.08986e-05 225.362
3.87347 5.08197e-05 173.029
3.88839 5.07027e-05 225.673
3.9033 5.06255e-05 172.319
3.91822 5.05091e-05 225.982
3.93313 5.04334e-05 171.618
3.94805 5.03176e-05 226.29
3.96296 5.02436e-05 170.924
3.97788 5.01283e-05 226.595
3.99279 5.00558e-05 170.238
4.00771 4.9941e-05 226.898
4.02262 4.9871e-05 169.562
4.03754 4.97546e-05 235.704
4.05245 4.96862e-05 172.012
4.06737 4.95741e-05 221.346
4.08228 4.95051e-05 165.944
4.0972 4.93912e-05 229.805
4.11211 4.93258e-05 168.308
4.12703 4.92121e-05 231.201
4.14194 4.91481e-05 168.055
4.15686 4.90352e-05 229.901
4.17177 4.89721e-05 166.832
4.18669 4.88603e-05 227.625
4.2016 4.87979e-05 165.268
4.21652 4.86872e-05 225.022
4.23143 4.86255e-05 163.597
4.24635 4.8516e-05 222.331
4.26126 4.84549e-05 161.906
4.27618 4.83465e-05 219.642
4.29109 4.82862e-05 160.226
4.30601 4.81789e-05 216.985
4.32092 4.81191e-05 158.568
4.33584 4.80129e-05 214.372
4.35075 4.79538e-05 156.936
4.36567 4.78487e-05 211.806
4.38058 4.77902e-05 155.332
4.3955 4.76865e-05 209.288
4.41041 4.76279e-05 156.965
4.42533 4.7525e-05 210.042
4.44024 4.74681e-05 153.382
4.45516 4.73668e-05 205.575
4.47007 4.73083e-05 159.859
4.48498 4.72076e-05 211.159
4.4999 4.71526e-05 152.509
4.51481 4.70532e-05 203.001
4.52973 4.69953e-05 161.546
4.54464 4.68965e-05 211.072
4.55956 4.68433e-05 151.227
4.57447 4.67459e-05 200.07
4.58939 4.66883e-05 163.743
4.6043 4.65915e-05 211.485
4.61922 4.654e-05 150.148
4.63413 4.64445e-05 197.393
4.64905 4.63872e-05 165.724
4.66396 4.62924e-05 211.686
4.67888 4.62426e-05 149.018
4.69379 4.6149e-05 194.715
4.70871 4.60918e-05 167.796
4.72362 4.59989e-05 211.972
4.73854 4.59508e-05 147.942
4.75345 4.5859e-05 192.135
4.76837 4.5802e-05 169.829
4.78328 4.5711e-05 212.219
4.7982 4.56644e-05 146.874
4.81311 4.55744e-05 189.61
4.82803 4.5516e-05 171.875
4.84294 4.54332e-05 198.674
4.85786 4.53801e-05 159.682
4.87277 4.52917e-05 200.311
4.88769 4.52419e-05 157.135
4.9026 4.51544e-05 197.159
4.91752 4.51037e-05 160.288
4.93243 4.50171e-05 199.356
4.94735 4.49682e-05 157.063
4.96226 4.48825e-05 195.605
4.97718 4.48323e-05 160.974
4.99209 4.47474e-05 198.495
5.00701 4.46994e-05 156.899
5.02192 4.46154e-05 193.996
5.03684 4.45657e-05 161.761
5.05175 4.44824e-05 197.747
5.06667 4.44354e-05 156.622
5.08158 4.4353e-05 192.312
5.0965 4.43037e-05 162.678
5.11141 4.42221e-05 197.131
5.12633 4.41761e-05 156.203
5.14124 4.40953e-05 190.531
5.15616 4.40463e-05 163.758
5.17107 4.39663e-05 196.678
5.18599 4.39212e-05 155.611
5.2009 4.38421e-05 188.623
5.21582 4.37932e-05 165.047
5.23073 4.37148e-05 196.421
5.24565 4.36708e-05 154.803
5.26056 4.35933e-05 186.553
5.27548 4.35443e-05 166.603
5.29039 4.34675e-05 196.407
5.30531 4.34247e-05 153.728
5.32022 4.33487e-05 184.277
5.33514 4.32995e-05 168.498
5.35005 4.32243e-05 196.693
5.36496 4.31828e-05 152.325
5.37988 4.31084e-05 181.744
5.39479 4.30574e-05 170.827
5.40971 4.29893e-05 187.085
5.42462 4.2942e-05 163.025
5.43954 4.2869e-05 189.908
5.45445 4.28253e-05 158.872
5.46937 4.2753e-05 185.636
5.48428 4.27074e-05 163.806
5.4992 4.26359e-05 189.293
5.51411 4.25929e-05 158.561
5.52903 4.25221e-05 184.11
5.54394 4.24766e-05 164.721
5.55886 4.24066e-05 188.805
5.57377 4.23643e-05 158.106
5.58869 4.22949e-05 182.485
5.6036 4.22494e-05 165.806
5.61852 4.21809e-05 188.472
5.63343 4.21393e-05 157.47
5.64835 4.20714e-05 180.731
5.66326 4.20258e-05 167.107
5.67818 4.19587e-05 188.33
5.69309 4.1918e-05 156.612
5.70801 4.18515e-05 178.814
5.72292 4.18056e-05 168.684
5.73784 4.174e-05 188.424
5.75275 4.17002e-05 155.479
5.76767 4.16351e-05 176.691
5.78258 4.15881e-05 170.614
5.7975 4.15269e-05 179.487
5.81241 4.14836e-05 166.119
5.82733 4.14205e-05 184.482
5.84224 4.13767e-05 158.924
5.85716 4.13163e-05 177.895
5.87207 4.1271e-05 167.274
5.88699 4.12087e-05 184.261
5.9019 4.11689e-05 158.204
5.91682 4.11074e-05 176.17
5.93173 4.10615e-05 168.659
5.94665 4.10036e-05 184.241
5.96156 4.09612e-05 157.235
5.97648 4.09013e-05 174.262
5.99139 4.08574e-05 170.362
6.00631 4.07989e-05 175.945
6.02122 4.07572e-05 167.41
6.03614 4.06997e-05 181.515
6.05105 4.0655e-05 159.285
6.06597 4.05984e-05 174.332
6.08088 4.05561e-05 168.689
6.0958 4.04998e-05 181.433
6.11071 4.04566e-05 158.418
6.12563 4.04002e-05 172.561
6.14054 4.03582e-05 170.243
6.15546 4.03038e-05 173.451
6.17037 4.0259e-05 168.422
6.18529 4.02064e-05 179.575
6.2002 4.01626e-05 159.418
6.21512 4.01115e-05 171.817
6.23003 4.00635e-05 169.796
6.24494 4.00163e-05 179.595
6.25986 3.99689e-05 158.436
6.27477 3.99211e-05 170.006
6.28969 3.98734e-05 171.487
6.3046 3.98263e-05 169.023
6.31952 3.97785e-05 177.655
6.33443 3.97343e-05 159.846
6.34935 3.96846e-05 169.875
6.36426 3.9639e-05 177.541
6.37918 3.95944e-05 159.296
6.39409 3.95456e-05 168.694
6.40901 3.95004e-05 175.844
6.42392 3.94561e-05 160.898
6.43884 3.9408e-05 169.224
6.45375 3.93632e-05 175.492
6.46867 3.93194e-05 160.681
6.48358 3.9272e-05 168.323
6.4985 3.92275e-05 174.038
6.51341 3.91839e-05 161.995
6.52833 3.91372e-05 168.627
6.54324 3.90932e-05 173.527
6.55816 3.90499e-05 162.015
6.57307 3.90039e-05 167.924
6.58799 3.89602e-05 172.25
6.6029 3.89172e-05 163.122
6.61782 3.88719e-05 168.069
6.63273 3.88286e-05 171.634
6.64765 3.87859e-05 163.309
6.66256 3.87413e-05 167.507
6.67748 3.86983e-05 170.485
6.69239 3.86559e-05 164.268
6.70731 3.86119e-05 167.542
6.72222 3.85697e-05 169.803
6.73714 3.8526e-05 171.278
6.75205 3.8485e-05 162.23
6.76697 3.84414e-05 165.067
6.78188 3.83998e-05 166.996
6.7968 3.83571e-05 168.225
6.81171 3.83151e-05 168.921
6.82663 3.82733e-05 169.213
6.84154 3.82316e-05 169.201
6.85646 3.819e-05 168.964
6.87137 3.81485e-05 168.557
6.88629 3.81072e-05 168.026
6.9012 3.8066e-05 167.403
6.91612 3.8025e-05 166.714
6.93103 3.7984e-05 165.976
6.94595 3.79432e-05 165.204
6.96086 3.79026e-05 164.409
6.97578 3.7862e-05 163.598
6.99069 3.78216e-05 162.776
7.00561 3.77813e-05 161.948
7.02052 3.77412e-05 161.118
7.03544 3.77011e-05 160.287
7.05035 3.76612e-05 159.458
7.06527 3.76215e-05 158.631
7.08018 3.75818e-05 157.808
7.0951 3.75423e-05 156.989
7.11001 3.75029e-05 156.175
7.12492 3.74636e-05 155.366
7.13984 3.74245e-05 154.563
7.15475 3.73855e-05 153.766
7.16967 3.73465e-05 152.974
7.18458 3.73078e-05 152.188
7.1995 3.72691e-05 151.409
7.21441 3.72306e-05 150.635
7.22933 3.71921e-05 149.867
7.24424 3.71538e-05 149.106
7.25916 3.71156e-05 148.351
7.27407 3.70776e-05 147.601
7.28899 3.70396e-05 146.858
7.3039 3.70018e-05 146.121
7.31882 3.6964e-05 145.39
7.33373 3.69264e-05 144.665
7.34865 3.68889e-05 143.946
7.36356 3.68516e-05 143.233
7.37848 3.68143e-05 142.527
7.39339 3.67772e-05 141.826
7.40831 3.67401e-05 141.131
7.42322 3.67032e-05 140.443
7.43814 3.66664e-05 139.761
7.45305 3.66297e-05 139.085
7.46797 3.65931e-05 138.415
7.48288 3.65566e-05 137.751
7.4978 3.65202e-05 137.093
7.51271 3.64839e-05 136.442
7.52763 3.64478e-05 135.797
7.54254 3.64117e-05 135.158
7.55746 3.63758e-05 134.526
7.57237 3.63399e-05 133.9
7.58729 3.63042e-05 133.281
7.6022 3.62686e-05 132.668
7.61712 3.6233e-05 132.062
7.63203 3.61976e-05 131.462
7.64695 3.61623e-05 130.87
7.66186 3.61271e-05 130.284
7.67678 3.6092e-05 129.706
7.69169 3.6057e-05 129.134
7.70661 3.6022e-05 128.57
7.72152 3.59872e-05 128.013
7.73644 3.59525e-05 127.464
7.75135 3.59179e-05 126.922
7.76627 3.58834e-05 126.388
7.78118 3.5849e-05 125.862
7.7961 3.58147e-05 125.345
7.81101 3.57805e-05 124.835
7.82593 3.57464e-05 124.335
7.84084 3.57124e-05 123.843
7.85576 3.56785e-05 123.36
7.87067 3.56446e-05 122.887
7.88559 3.56109e-05 122.423
7.9005 3.55773e-05 121.969
7.91542 3.55437e-05 121.526
7.93033 3.55103e-05 121.093
7.94525 3.5477e-05 120.671
7.96016 3.54437e-05 120.26
7.97508 3.54105e-05 119.861
7.98999 3.53775e-05 119.473
8.0049 3.53445e-05 119.099
8.01982 3.53116e-05 118.737
8.03473 3.52788e-05 118.39
8.04965 3.52461e-05 118.056
8.06456 3.52135e-05 117.737
8.07948 3.5181e-05 117.433
8.09439 3.51486e-05 117.145
8.10931 3.51163e-05 116.873
8.12422 3.5084e-05 116.619
8.13914 3.50518e-05 116.383
8.15405 3.50198e-05 116.165
8.16897 3.49878e-05 115.968
8.18388 3.49559e-05 115.791
8.1988 3.49241e-05 115.635
8.21371 3.48924e-05 115.503
8.22863 3.48607e-05 115.393
8.24354 3.48292e-05 115.309
8.25846 3.47977e-05 115.251
8.27337 3.47663e-05 115.219
8.28829 3.4735e-05 115.217
8.3032 3.47038e-05 115.244
8.31812 3.46727e-05 115.303
8.33303 3.46417e-05 115.395
8.34795 3.46107e-05 115.522
8.36286 3.45798e-05 115.685
8.37778 3.4549e-05 115.886
8.39269 3.45183e-05 116.128
8.40761 3.44877e-05 116.413
8.42252 3.44571e-05 116.742
8.43744 3.44267e-05 117.118
8.45235 3.43963e-05 117.544
8.46727 3.4366e-05 118.022
8.48218 3.43358e-05 118.554
8.4971 3.43056e-05 119.144
8.51201 3.42756e-05 119.795
8.52693 3.42456e-05 120.511
8.54184 3.42157e-05 121.293
8.55676 3.41858e-05 122.147
8.57167 3.41561e-05 123.076
8.58659 3.41264e-05 124.083
8.6015 3.40968e-05 125.174
8.61642 3.40673e-05 126.352
8.63133 3.40379e-05 127.623
8.64625 3.40085e-05 128.992
8.66116 3.39792e-05 130.463
8.67608 3.395e-05 132.042
8.69099 3.39209e-05 133.736
8.70591 3.38918e-05 135.55
8.72082 3.38628e-05 137.491
8.73574 3.38339e-05 139.566
8.75065 3.38051e-05 141.782
8.76557 3.37763e-05 144.147
8.78048 3.37476e-05 146.669
8.7954 3.3719e-05 149.356
8.81031 3.36905e-05 152.218
8.82523 3.3662e-05 155.263
8.84014 3.36337e-05 158.503
8.85506 3.36054e-05 161.946
8.86997 3.35771e-05 165.606
8.88488 3.3549e-05 169.492
8.8998 3.35135e-05 173.603
8.91471 3.35016e-05 162.739
8.92963 3.346e-05 170.769
8.94454 3.34424e-05 169.21
8.95946 3.33944e-05 178.433
8.97437 3.33984e-05 160.903
8.98929 3.33426e-05 174.544
9.0042 3.33384e-05 168.974
9.01912 3.32728e-05 184.026
9.03403 3.33e-05 158.796
9.04895 3.32236e-05 178.71
9.06386 3.32385e-05 168.83
9.07878 3.31472e-05 190.428
9.09369 3.32081e-05 156.409
9.10861 3.31021e-05 183.22
9.12352 3.31439e-05 168.829
9.13844 3.30154e-05 197.688
9.15335 3.3125e-05 153.741
9.16827 3.29767e-05 188.008
9.18318 3.30562e-05 169.025
9.1981 3.28744e-05 205.848
9.21301 3.30535e-05 150.8
9.22793 3.28458e-05 193.002
9.24284 3.29716e-05 169.458
9.25776 3.27379e-05 214.983
9.27267 3.29864e-05 152.441
9.28759 3.26842e-05 202.901
9.3025 3.29295e-05 164.319
9.31742 3.25871e-05 219.24
9.33233 3.29249e-05 160.885
9.34725 3.25136e-05 220.545
9.36216 3.28986e-05 165.028
9.37708 3.2428e-05 229.736
9.39199 3.28524e-05 172.231
9.40691 3.23858e-05 225.778
9.42182 3.28043e-05 174.62
9.43674 3.2328e-05 226.166
9.45165 3.27518e-05 178.733
9.46657 3.22826e-05 223.392
9.48148 3.26987e-05 181.66
9.4964 3.22326e-05 222.968
9.51131 3.26409e-05 185.572
9.52623 3.21928e-05 220.871
9.54114 3.25809e-05 188.826
9.55606 3.21523e-05 220.048
9.57097 3.25154e-05 192.634
9.58589 3.21209e-05 218.363
9.6008 3.24461e-05 196.073
9.61572 3.20917e-05 217.378
9.63063 3.23705e-05 199.811
9.64555 3.20714e-05 215.971
9.66046 3.22896e-05 203.331
9.67538 3.20556e-05 214.961
9.69029 3.22016e-05 206.993
9.70521 3.20483e-05 213.766
9.72012 3.20965e-05 210.479
9.73504 3.20644e-05 210.921
9.74995 3.20353e-05 213.202
9.76486 3.20084e-05 216.414
9.77978 3.19828e-05 220.106
9.79469 3.19578e-05 224.045
9.80961 3.19331e-05 228.112
9.82452 3.19087e-05 232.245
9.83944 3.18844e-05 236.407
9.85435 3.18601e-05 240.577
9.86927 3.18359e-05 244.744
9.88418 3.18118e-05 248.896
9.8991 3.17877e-05 253.026
9.91401 3.17636e-05 257.128
9.92893 3.17396e-05 261.196
9.94384 3.17155e-05 265.223
9.95876 3.16916e-05 269.204
9.97367 3.16676e-05 273.133
9.98859 3.16437e-05 277.005
10.0035 3.16198e-05 280.815
10.0184 3.1596e-05 284.558
10.0333 3.15722e-05 288.23
10.0482 3.15484e-05 291.826
10.0632 3.15247e-05 295.341
10.0781 3.1501e-05 298.773
10.093 3.14774e-05 302.117
10.1079 3.14538e-05 305.371
10.1228 3.14303e-05 308.531
10.1377 3.14068e-05 311.595
10.1527 3.13834e-05 314.562
10.1676 3.13601e-05 317.428
10.1825 3.13368e-05 320.193
10.1974 3.13136e-05 322.856
10.2123 3.12905e-05 325.416
10.2272 3.12674e-05 327.872
10.2421 3.12444e-05 330.225
10.2571 3.12215e-05 332.475
10.272 3.11986e-05 334.622
10.2869 3.11758e-05 336.667
10.3018 3.11531e-05 338.611
10.3167 3.11304e-05 340.456
10.3316 3.11078e-05 342.203
10.3465 3.10853e-05 343.854
10.3615 3.10628e-05 345.41
10.3764 3.10404e-05 346.874
10.3913 3.10181e-05 348.248
10.4062 3.09958e-05 349.534
10.4211 3.09736e-05 350.735
10.436 3.09515e-05 351.853
10.451 3.09294e-05 352.89
10.4659 3.09074e-05 353.85
10.4808 3.08855e-05 354.735
10.4957 3.08636e-05 355.547
10.5106 3.08417e-05 356.29
10.5255 3.08199e-05 356.965
10.5404 3.07982e-05 357.576
10.5554 3.07765e-05 358.125
10.5703 3.07548e-05 358.615
10.5852 3.07332e-05 359.048
10.6001 3.07117e-05 359.426
10.615 3.06902e-05 359.753
10.6299 3.06688e-05 360.031
10.6448 3.06474e-05 360.261
10.6598 3.0626e-05 360.446
10.6747 3.06047e-05 360.589
10.6896 3.05834e-05 360.691
10.7045 3.05622e-05 360.754
10.7194 3.0541e-05 360.781
10.7343 3.05199e-05 360.773
10.7492 3.04988e-05 360.732
10.7642 3.04777e-05 360.66
10.7791 3.04567e-05 360.559
10.794 3.04358e-05 360.429
10.8089 3.04148e-05 360.274
10.8238 3.0394e-05 360.093
10.8387 3.03731e-05 359.889
10.8537 3.03523e-05 359.663
10.8686 3.03315e-05 359.416
10.8835 3.03108e-05 359.149
10.8984 3.02901e-05 358.864
10.9133 3.02695e-05 358.562
10.9282 3.02489e-05 358.243
10.9431 3.02283e-05 357.909
10.9581 3.02078e-05 357.561
10.973 3.01873e-05 357.199
10.9879 3.01669e-05 356.824
11.0028 3.01464e-05 356.437
11.0177 3.01261e-05 356.04
11.0326 3.01058e-05 355.632
11.0475 3.00855e-05 355.214
11.0625 3.00652e-05 354.788
11.0774 3.0045e-05 354.353
11.0923 3.00248e-05 353.91
11.1072 3.00047e-05 353.46
11.1221 2.99846e-05 353.003
11.137 2.99645e-05 352.539
11.152 2.99445e-05 352.07
11.1669 2.99246e-05 351.596
11.1818 2.99046e-05 351.116
11.1967 2.98847e-05 350.632
11.2116 2.98649e-05 350.143
11.2265 2.9845e-05 349.651
11.2414 2.98252e-05 349.155
11.2564 2.98055e-05 348.656
11.2713 2.97858e-05 348.154
11.2862 2.97661e-05 347.649
11.3011 2.97465e-05 347.141
11.316 2.97269e-05 346.632
11.3309 2.97073e-05 346.12
11.3458 2.96878e-05 345.606
11.3608 2.96683e-05 345.091
11.3757 2.96489e-05 344.575
11.3906 2.96295e-05 344.057
11.4055 2.96101e-05 343.538
11.4204 2.95908e-05 343.018
11.4353 2.95715e-05 342.497
11.4503 2.95522e-05 341.976
11.4652 2.9533e-05 341.454
11.4801 2.95138e-05 340.932
11.495 2.94947e-05 340.41
11.5099 2.94756e-05 339.887
11.5248 2.94565e-05 339.364
11.5397 2.94375e-05 338.841
11.5547 2.94185e-05 338.319
11.5696 2.93995e-05 337.796
11.5845 2.93806e-05 337.274
11.5994 2.93617e-05 336.752
11.6143 2.93428e-05 336.231
11.6292 2.9324e-05 335.71
11.6441 2.93052e-05 335.189
11.6591 2.92865e-05 334.669
11.674 2.92678e-05 334.15
11.6889 2.92491e-05 333.631
11.7038 2.92305e-05 333.113
11.7187 2.92119e-05 332.596
11.7336 2.91933e-05 332.08
11.7485 2.91748e-05 331.564
11.7635 2.91563e-05 331.05
11.7784 2.91378e-05 330.536
11.7933 2.91194e-05 330.023
11.8082 2.9101e-05 329.511
11.8231 2.90826e-05 329
11.838 2.90643e-05 328.49
11.853 2.9046e-05 327.981
11.8679 2.90277e-05 327.474
11.8828 2.90095e-05 326.967
11.8977 2.89913e-05 326.461
11.9126 2.89732e-05 325.957
11.9275 2.89551e-05 325.453
11.9424 2.8937e-05 324.951
11.9574 2.89189e-05 324.45
11.9723 2.89009e-05 323.949
11.9872 2.88829e-05 323.451
12.0021 2.8865e-05 322.953
12.017 2.88471e-05 322.456
12.0319 2.88292e-05 321.961
12.0468 2.88113e-05 321.467
12.0618 2.87935e-05 320.974
12.0767 2.87757e-05 320.482
12.0916 2.8758e-05 319.992
12.1065 2.87402e-05 319.502
12.1214 2.87226e-05 319.014
12.1363 2.87049e-05 318.527
12.1513 2.86873e-05 318.042
12.1662 2.86697e-05 317.557
12.1811 2.86521e-05 317.074
12.196 2.86346e-05 316.592
12.2109 2.86171e-05 316.111
12.2258 2.85997e-05 315.632
12.2407 2.85822e-05 315.153
12.2557 2.85648e-05 314.676
12.2706 2.85475e-05 314.201
12.2855 2.85301e-05 313.726
12.3004 2.85128e-05 313.253
12.3153 2.84956e-05 312.781
12.3302 2.84783e-05 312.31
12.3451 2.84611e-05 311.84
12.3601 2.84439e-05 311.372
12.375 2.84268e-05 310.904
12.3899 2.84097e-05 310.438
12.4048 2.83926e-05 309.974
12.4197 2.83755e-05 309.51
12.4346 2.83585e-05 309.048
12.4495 2.83415e-05 308.587
12.4645 2.83246e-05 308.127
12.4794 2.83076e-05 307.668
12.4943 2.82907e-05 307.21
12.5092 2.82739e-05 306.754
12.5241 2.8257e-05 306.299
12.539 2.82402e-05 305.845
12.554 2.82234e-05 305.392
12.5689 2.82067e-05 304.941
12.5838 2.819e-05 304.491
12.5987 2.81733e-05 304.041
12.6136 2.81566e-05 303.593
12.6285 2.814e-05 303.147
12.6434 2.81234e-05 302.701
12.6584 2.81068e-05 302.257
12.6733 2.80902e-05 301.813
12.6882 2.80737e-05 301.371
12.7031 2.80572e-05 300.93
12.718 2.80408e-05 300.49
12.7329 2.80244e-05 300.052
12.7478 2.8008e-05 299.614
12.7628 2.79916e-05 299.178
12.7777 2.79753e-05 298.743
12.7926 2.79589e-05 298.308
12.8075 2.79427e-05 297.876
12.8224 2.79264e-05 297.444
12.8373 2.79102e-05 297.013
12.8523 2.7894e-05 296.583
12.8672 2.78778e-05 296.155
12.8821 2.78617e-05 295.728
12.897 2.78455e-05 295.301
12.9119 2.78295e-05 294.876
12.9268 2.78134e-05 294.452
12.9417 2.77974e-05 294.029
12.9567 2.77814e-05 293.607
12.9716 2.77654e-05 293.187
12.9865 2.77494e-05 292.767
13.0014 2.77335e-05 292.348
13.0163 2.77176e-05 291.931
13.0312 2.77018e-05 291.514
13.0461 2.76859e-05 291.099
13.0611 2.76701e-05 290.685
13.076 2.76543e-05 290.271
13.0909 2.76386e-05 289.859
13.1058 2.76228e-05 289.448
13.1207 2.76071e-05 289.038
13.1356 2.75914e-05 288.629
13.1506 2.75758e-05 288.221
13.1655 2.75602e-05 287.814
13.1804 2.75446e-05 287.408
13.1953 2.7529e-05 287.003
13.2102 2.75135e-05 286.599
13.2251 2.74979e-05 286.197
13.24 2.74824e-05 285.795
13.255 2.7467e-05 285.394
13.2699 2.74515e-05 284.994
13.2848 2.74361e-05 284.596
13.2997 2.74207e-05 284.198
13.3146 2.74054e-05 283.801
13.3295 2.739e-05 283.405
13.3444 2.73747e-05 283.011
13.3594 2.73594e-05 282.617
13.3743 2.73442e-05 282.224
13.3892 2.73289e-05 281.832
13.4041 2.73137e-05 281.442
13.419 2.72986e-05 281.052
13.4339 2.72834e-05 280.663
13.4488 2.72683e-05 280.275
13.4638 2.72532e-05 279.888
13.4787 2.72381e-05 279.502
13.4936 2.7223e-05 279.117
13.5085 2.7208e-05 278.733
13.5234 2.7193e-05 278.35
13.5383 2.7178e-05 277.968
13.5533 2.7163e-05 277.587
13.5682 2.71481e-05 277.207
13.5831 2.71332e-05 276.828
13.598 2.71183e-05 276.449
13.6129 2.71034e-05 276.072
13.6278 2.70886e-05 275.695
13.6427 2.70738e-05 275.32
13.6577 2.7059e-05 274.945
13.6726 2.70442e-05 274.572
13.6875 2.70295e-05 274.199
13.7024 2.70148e-05 273.827
13.7173 2.70001e-05 273.456
13.7322 2.69854e-05 273.086
13.7471 2.69708e-05 272.717
13.7621 2.69562e-05 272.349
13.777 2.69416e-05 271.981
13.7919 2.6927e-05 271.615
13.8068 2.69125e-05 271.249
13.8217 2.68979e-05 270.885
13.8366 2.68834e-05 270.521
13.8516 2.6869e-05 270.158
13.8665 2.68545e-05 269.796
13.8814 2.68401e-05 269.435
13.8963 2.68257e-05 269.075
13.9112 2.68113e-05 268.715
13.9261 2.67969e-05 268.357
13.941 2.67826e-05 267.999
13.956 2.67683e-05 267.642
13.9709 2.6754e-05 267.287
13.9858 2.67397e-05 266.931
14.0007 2.67255e-05 266.577
14.0156 2.67112e-05 266.224
14.0305 2.6697e-05 265.871
14.0454 2.66829e-05 265.52
14.0604 2.66687e-05 265.169
14.0753 2.66546e-05 264.819
14.0902 2.66405e-05 264.47
14.1051 2.66264e-05 264.121
14.12 2.66123e-05 263.774
14.1349 2.65983e-05 263.427
14.1498 2.65842e-05 263.081
14.1648 2.65702e-05 262.736
14.1797 2.65563e-05 262.392
14.1946 2.65423e-05 262.049
14.2095 2.65284e-05 261.706
14.2244 2.65145e-05 261.365
14.2393 2.65006e-05 261.024
14.2543 2.64867e-05 260.683
14.2692 2.64728e-05 260.344
14.2841 2.6459e-05 260.006
14.299 2.64452e-05 259.668
14.3139 2.64314e-05 259.331
14.3288 2.64177e-05 258.995
14.3437 2.64039e-05 258.659
14.3587 2.63902e-05 258.325
14.3736 2.63765e-05 257.991
14.3885 2.63629e-05 257.658
14.4034 2.63492e-05 257.326
14.4183 2.63356e-05 256.994
14.4332 2.6322e-05 256.664
14.4481 2.63084e-05 256.334
14.4631 2.62948e-05 256.005
14.478 2.62813e-05 255.676
14.4929 2.62677e-05 255.349
14.5078 2.62542e-05 255.022
14.5227 2.62407e-05 254.696
14.5376 2.62273e-05 254.37
14.5526 2.62138e-05 254.046
14.5675 2.62004e-05 253.722
14.5824 2.6187e-05 253.399
14.5973 2.61736e-05 253.076
14.6122 2.61603e-05 252.755
14.6271 2.61469e-05 252.434
14.642 2.61336e-05 252.114
14.657 2.61203e-05 251.794
14.6719 2.6107e-05 251.476
14.6868 2.60938e-05 251.158
14.7017 2.60805e-05 250.84
14.7166 2.60673e-05 250.524
14.7315 2.60541e-05 250.208
14.7464 2.60409e-05 249.893
14.7614 2.60278e-05 249.579
14.7763 2.60146e-05 249.265
14.7912 2.60015e-05 248.952
14.8061 2.59884e-05 248.64
14.821 2.59753e-05 248.329
14.8359 2.59623e-05 248.018
14.8509 2.59492e-05 247.708
14.8658 2.59362e-05 247.398
14.8807 2.59232e-05 247.09
14.8956 2.59102e-05 246.782
14.9105 2.58973e-05 246.474
14.9254 2.58843e-05 246.168
14.9403 2.58714e-05 245.862
14.9553 2.58585e-05 245.557
14.9702 2.58459e-05 245.253
14.9851 2.58364e-05 244.961
15 2.58406e-05 244.738
