0.1 0.000381758 13071.1
0.114915 0.000183698 39165.2
0.12983 0.000277736 27797.4
0.144745 0.000254416 28186.1
0.15966 0.000251267 25555.5
0.174575 0.00023922 24032.4
0.189489 0.000230176 22516.2
0.204404 0.000221473 21251.4
0.219319 0.000213818 20128.2
0.234234 0.000206868 19137.9
0.249149 0.000200564 18253.3
0.264064 0.000194802 17458.8
0.278979 0.00018951 16740.6
0.293894 0.000184627 16087.7
0.308809 0.000180104 15491.3
0.323724 0.000175897 14944.1
0.338639 0.000171972 14439.9
0.353554 0.000168299 13973.7
0.368468 0.000164851 13541.2
0.383383 0.000161604 13138.5
0.398298 0.000158533 12762.3
0.413213 0.000155602 12408.8
0.428128 0.000152742 12073.1
0.443043 0.0001498 11746.5
0.457958 0.000146437 11411.8
0.472873 0.000141938 11035
0.487788 0.000134789 10543.5
0.502703 0.000121721 9770.6
0.517618 0.00010936 7358.68
0.532533 0.000112854 3424.33
0.547447 0.000166305 997.447
0.562362 0.000147439 4093.83
0.577277 0.000148736 1010.3
0.592192 0.000134662 3860.43
0.607107 0.000131584 922.661
0.622022 0.000126859 3513.4
0.636937 0.000126007 873.034
0.651852 0.000121547 3285.52
0.666767 0.000123783 848.174
0.681682 0.000117757 3133.39
0.696597 0.000121541 832.169
0.711512 0.000114703 3013.53
0.726426 0.000119455 820.974
0.741341 0.000111716 2908.28
0.756256 0.000117638 765.665
0.771171 0.000109065 2733.35
0.786086 0.000115736 757.887
0.801001 0.000106595 2649.93
0.815916 0.000113935 754.654
0.830831 0.000104338 2580.07
0.845746 0.000112179 753.249
0.860661 0.000102207 2517.3
0.875576 0.000110573 753.718
0.89049 0.000100223 2461.53
0.905405 0.000109017 754.688
0.92032 9.8264e-05 2408.65
0.935235 0.000107569 757.183
0.95015 9.62487e-05 2359.05
0.965065 0.000106306 761.026
0.97998 9.42488e-05 2313.04
0.994895 0.000105177 765.536
1.00981 9.23177e-05 2270.01
1.02472 0.00010411 770.396
1.03964 9.04696e-05 2229.52
1.05455 0.0001031 775.554
1.06947 8.86915e-05 2191.21
1.08438 0.000102131 780.927
1.0993 8.69918e-05 2154.98
1.11421 0.000101205 786.425
1.12913 8.53586e-05 2120.47
1.14404 0.000100308 792.045
1.15896 8.37989e-05 2087.7
1.17387 9.94469e-05 797.681
1.18879 8.23013e-05 2056.33
1.2037 9.86058e-05 803.374
1.21862 8.0872e-05 2026.45
1.23353 9.77939e-05 809.012
1.24845 7.95002e-05 1997.74
1.26336 9.6996e-05 814.66
1.27828 7.81917e-05 1970.32
1.29319 9.62226e-05 820.204
1.30811 7.69364e-05 1943.9
1.32302 9.54587e-05 825.723
1.33794 7.57393e-05 1918.62
1.35285 9.47157e-05 831.105
1.36777 7.45912e-05 1894.19
1.38268 9.39787e-05 836.432
1.3976 7.34968e-05 1870.77
1.41251 9.32602e-05 841.606
1.42743 7.24472e-05 1848.12
1.44234 9.25448e-05 846.697
1.45726 7.14469e-05 1826.34
1.47217 9.18462e-05 851.629
1.48709 7.04876e-05 1805.25
1.502 9.11484e-05 856.451
1.51692 6.95737e-05 1784.94
1.53183 9.04658e-05 861.117
1.54675 6.86971e-05 1765.24
1.56166 8.97817e-05 865.644
1.57658 6.78624e-05 1746.22
1.59149 8.91107e-05 870.022
1.60641 6.70616e-05 1727.74
1.62132 8.84343e-05 874.228
1.63624 6.63001e-05 1709.83
1.65115 8.7766e-05 878.283
1.66607 6.55698e-05 1692.36
1.68098 8.70827e-05 882.111
1.6959 6.48773e-05 1675.29
1.71081 8.63921e-05 885.748
1.72573 6.42151e-05 1658.43
1.74064 8.56592e-05 889.037
1.75556 6.35929e-05 1641.57
1.77047 8.48737e-05 891.98
1.78539 6.30077e-05 1624.32
1.8003 8.3972e-05 894.265
1.81522 6.24828e-05 1606.09
1.83013 8.29093e-05 895.752
1.84505 6.20462e-05 1586.05
1.85996 8.15925e-05 895.864
1.87487 6.17944e-05 1563.1
1.88979 7.99865e-05 894.193
1.9047 6.18985e-05 1536.07
1.91962 7.80853e-05 889.876
1.93453 6.2674e-05 1503.43
1.94945 7.60242e-05 882.666
1.96436 6.44508e-05 1462.38
1.97928 7.3995e-05 874.016
1.99419 6.72029e-05 1406.73
2.00911 7.23248e-05 871.862
2.02402 6.99215e-05 1328.98
2.03894 7.12376e-05 889.224
2.05385 7.11965e-05 1230.25
2.06877 7.05771e-05 931.994
2.08368 7.08221e-05 1122.11
2.0986 6.99713e-05 993.729
2.11351 6.9246e-05 1012.67
2.12843 6.92643e-05 959.516
2.14334 6.91347e-05 875.671
2.15826 6.87753e-05 783.649
2.17317 6.83625e-05 695.379
2.18809 6.79745e-05 616.145
2.203 6.76282e-05 547.577
2.21792 6.73192e-05 489.548
2.23283 6.70387e-05 441.175
2.24775 6.67789e-05 401.311
2.26266 6.65337e-05 368.762
2.27758 6.6299e-05 342.384
2.29249 6.60718e-05 321.133
2.30741 6.58504e-05 304.078
2.32232 6.56334e-05 290.414
2.33724 6.542e-05 279.454
2.35215 6.52097e-05 270.631
2.36707 6.50022e-05 263.477
2.38198 6.4797e-05 257.617
2.3969 6.45942e-05 252.755
2.41181 6.43934e-05 248.658
2.42673 6.41947e-05 245.145
2.44164 6.3998e-05 242.078
2.45656 6.38031e-05 239.35
2.47147 6.36101e-05 236.881
2.48639 6.34189e-05 234.611
2.5013 6.32294e-05 232.495
2.51622 6.30417e-05 230.499
2.53113 6.28556e-05 228.597
2.54605 6.26712e-05 226.77
2.56096 6.24884e-05 225.004
2.57588 6.23072e-05 223.288
2.59079 6.21275e-05 221.615
2.60571 6.19495e-05 219.979
2.62062 6.17729e-05 218.375
2.63554 6.15979e-05 216.799
2.65045 6.14243e-05 215.25
2.66537 6.12522e-05 213.724
2.68028 6.10815e-05 212.221
2.6952 6.09123e-05 210.74
2.71011 6.07529e-05 209.293
2.72503 6.05654e-05 212.155
2.73994 6.04263e-05 208.563
2.75485 6.02332e-05 211.806
2.76977 6.01077e-05 206.994
2.78468 5.99008e-05 212.748
2.7996 5.97924e-05 206.074
2.81451 5.95776e-05 212.733
2.82943 5.94837e-05 204.715
2.84434 5.92563e-05 213.415
2.85926 5.91789e-05 203.71
2.87417 5.89422e-05 213.578
2.88909 5.88798e-05 202.478
2.904 5.8631e-05 214.117
2.91892 5.85849e-05 201.443
2.93383 5.83258e-05 214.373
2.94875 5.8295e-05 200.296
2.96366 5.80241e-05 214.83
2.97858 5.80092e-05 199.26
2.99349 5.77275e-05 215.133
3.00841 5.77281e-05 198.172
3.02332 5.74346e-05 215.544
3.03824 5.74512e-05 197.15
3.05315 5.71463e-05 215.87
3.06807 5.71785e-05 196.107
3.08298 5.68617e-05 216.252
3.0979 5.69098e-05 195.106
3.11281 5.65814e-05 216.588
3.12773 5.66452e-05 194.101
3.14264 5.63047e-05 216.952
3.15756 5.63844e-05 193.125
3.17247 5.6032e-05 217.289
3.18739 5.61275e-05 192.152
3.2023 5.57628e-05 217.641
3.21722 5.58742e-05 191.201
3.23213 5.54973e-05 217.977
3.24705 5.56246e-05 190.258
3.26196 5.52353e-05 218.319
3.27688 5.53785e-05 189.333
3.29179 5.49768e-05 218.651
3.30671 5.51359e-05 188.417
3.32162 5.47216e-05 218.986
3.33654 5.48967e-05 187.516
3.35145 5.44697e-05 219.313
3.36637 5.46608e-05 186.626
3.38128 5.4221e-05 219.641
3.3962 5.44281e-05 185.75
3.41111 5.39755e-05 219.964
3.42603 5.41986e-05 184.884
3.44094 5.37331e-05 220.285
3.45586 5.39722e-05 184.031
3.47077 5.34936e-05 220.603
3.48569 5.37488e-05 183.188
3.5006 5.32571e-05 220.919
3.51552 5.35284e-05 182.357
3.53043 5.30235e-05 221.231
3.54535 5.33109e-05 181.536
3.56026 5.27927e-05 221.542
3.57518 5.30963e-05 180.727
3.59009 5.25647e-05 221.849
3.60501 5.28844e-05 179.927
3.61992 5.23393e-05 222.154
3.63483 5.26753e-05 179.138
3.64975 5.21167e-05 222.457
3.66466 5.24688e-05 178.358
3.67958 5.18966e-05 222.756
3.69449 5.2265e-05 177.589
3.70941 5.16791e-05 223.054
3.72432 5.20637e-05 176.829
3.73924 5.1464e-05 223.349
3.75415 5.1865e-05 176.078
3.76907 5.12514e-05 223.642
3.78398 5.16687e-05 175.337
3.7989 5.10412e-05 223.932
3.81381 5.14749e-05 174.604
3.82873 5.08334e-05 224.22
3.84364 5.12834e-05 173.881
3.85856 5.06278e-05 224.505
3.87347 5.10942e-05 173.166
3.88839 5.04245e-05 224.788
3.9033 5.09074e-05 172.459
3.91822 5.02235e-05 225.07
3.93313 5.07227e-05 171.761
3.94805 5.00246e-05 225.348
3.96296 5.05403e-05 171.071
3.97788 4.98278e-05 225.625
3.99279 5.036e-05 170.389
4.00771 4.96333e-05 225.9
4.02262 5.02065e-05 169.756
4.03754 4.94001e-05 235.065
4.05245 4.99941e-05 172.31
4.06737 4.92882e-05 220.137
4.08228 4.98339e-05 166.039
4.0972 4.90442e-05 229.095
4.11211 4.96712e-05 168.634
4.12703 4.88608e-05 230.709
4.14194 4.94977e-05 168.471
4.15686 4.86845e-05 229.503
4.17177 4.93211e-05 167.28
4.18669 4.8512e-05 227.268
4.2016 4.91444e-05 165.723
4.21652 4.8342e-05 224.685
4.23143 4.89689e-05 164.05
4.24635 4.81741e-05 222.006
4.26126 4.87951e-05 162.353
4.27618 4.80081e-05 219.325
4.29109 4.86229e-05 160.666
4.30601 4.78438e-05 216.675
4.32092 4.84525e-05 159.001
4.33584 4.76812e-05 214.068
4.35075 4.82839e-05 157.363
4.36567 4.75202e-05 211.507
4.38058 4.81171e-05 155.751
4.3955 4.73716e-05 209.017
4.41041 4.79411e-05 157.782
4.42533 4.71965e-05 210.131
4.44024 4.77952e-05 153.94
4.45516 4.70725e-05 205.494
4.47007 4.76006e-05 160.445
4.48498 4.68743e-05 210.99
4.4999 4.74848e-05 152.983
4.51481 4.67736e-05 202.868
4.52973 4.72725e-05 162.179
4.54464 4.65607e-05 210.933
4.55956 4.71785e-05 151.715
4.57447 4.64837e-05 199.991
4.58939 4.69475e-05 164.293
4.6043 4.62523e-05 211.244
4.61922 4.68792e-05 150.607
4.63413 4.61987e-05 197.321
4.64905 4.66292e-05 166.246
4.66396 4.59503e-05 211.4
4.67888 4.65854e-05 149.467
4.69379 4.59201e-05 194.67
4.70871 4.63159e-05 168.261
4.72362 4.56539e-05 211.614
4.73854 4.62975e-05 148.372
4.75345 4.56469e-05 192.108
4.76837 4.59905e-05 170.213
4.78328 4.54174e-05 202.492
4.7982 4.59775e-05 156.952
4.81311 4.53401e-05 198.764
4.82803 4.57284e-05 160.555
4.84294 4.51767e-05 201.34
4.85786 4.56543e-05 157.006
4.87277 4.50316e-05 197.222
4.88769 4.54997e-05 161.281
4.9026 4.48849e-05 200.443
4.91752 4.53722e-05 156.846
4.93243 4.47656e-05 195.591
4.94735 4.52171e-05 162.045
4.96226 4.46182e-05 199.646
4.97718 4.50957e-05 156.59
4.99209 4.45051e-05 193.904
5.00701 4.49388e-05 162.915
5.02192 4.4356e-05 198.963
5.03684 4.48245e-05 156.218
5.05175 4.42499e-05 192.143
5.06667 4.46647e-05 163.915
5.08158 4.40981e-05 198.412
5.0965 4.45585e-05 155.709
5.11141 4.40001e-05 190.289
5.12633 4.43943e-05 165.075
5.14124 4.38442e-05 198.017
5.15616 4.42978e-05 155.035
5.17107 4.37557e-05 188.322
5.18599 4.41206e-05 166.418
5.2009 4.36155e-05 197.843
5.21582 4.40268e-05 154.097
5.23073 4.3501e-05 186.116
5.24565 4.38705e-05 168.171
5.26056 4.3399e-05 198.056
5.27548 4.37478e-05 152.708
5.29039 4.32386e-05 183.515
5.30531 4.36454e-05 170.581
5.32022 4.31775e-05 189.081
5.33514 4.34738e-05 162.462
5.35005 4.2982e-05 190.852
5.36496 4.34281e-05 159.794
5.37988 4.2942e-05 188.017
5.39479 4.31995e-05 162.64
5.40971 4.28029e-05 189.817
5.42462 4.3147e-05 159.91
5.43954 4.26783e-05 186.765
5.45445 4.30099e-05 163.235
5.46937 4.25639e-05 189.025
5.48428 4.28984e-05 159.791
5.4992 4.2447e-05 185.393
5.51411 4.27763e-05 163.926
5.52903 4.23481e-05 188.372
5.54394 4.26517e-05 159.507
5.55886 4.22175e-05 183.897
5.57377 4.25487e-05 164.814
5.58869 4.21384e-05 187.908
5.6036 4.24019e-05 158.986
5.61852 4.20023e-05 182.245
5.63343 4.23191e-05 165.937
5.64835 4.19224e-05 187.631
5.66326 4.21661e-05 158.262
5.67818 4.17995e-05 180.467
5.69309 4.20821e-05 167.254
5.70801 4.16997e-05 187.502
5.72292 4.19503e-05 157.398
5.73784 4.1597e-05 178.589
5.75275 4.18453e-05 168.752
5.76767 4.14815e-05 187.531
5.78258 4.17386e-05 156.355
5.7975 4.13962e-05 176.584
5.81241 4.16104e-05 170.484
5.82733 4.12763e-05 178.803
5.84224 4.15221e-05 166.827
5.85716 4.11904e-05 184.203
5.87207 4.13898e-05 159.006
5.88699 4.10815e-05 177.119
5.9019 4.12971e-05 168.106
5.91682 4.0987e-05 184.098
5.93173 4.11765e-05 158.128
5.94665 4.08918e-05 175.312
5.96156 4.10698e-05 169.593
5.97648 4.07942e-05 184.185
5.99139 4.09631e-05 157.015
6.00631 4.06956e-05 173.317
6.02122 4.08563e-05 171.432
6.03614 4.06076e-05 173.571
6.05105 4.07451e-05 170.507
6.06597 4.05022e-05 174.432
6.08088 4.06515e-05 168.742
6.0958 4.04149e-05 181.286
6.11071 4.0535e-05 158.764
6.12563 4.03227e-05 172.678
6.14054 4.04337e-05 170.23
6.15546 4.02319e-05 173.315
6.17037 4.03229e-05 168.754
6.18529 4.01575e-05 179.73
6.2002 4.0201e-05 159.289
6.21512 4.00779e-05 171.641
6.23003 4.00904e-05 170.114
6.24494 3.99921e-05 172.04
6.25986 3.99932e-05 169.015
6.27477 3.99027e-05 178.401
6.28969 3.98788e-05 159.559
6.3046 3.98316e-05 170.413
6.31952 3.97719e-05 170.354
6.33443 3.97341e-05 170.211
6.34935 3.96919e-05 170.184
6.36426 3.96313e-05 169.944
6.37918 3.95949e-05 177.341
6.39409 3.95515e-05 159.339
6.40901 3.94969e-05 168.477
6.42392 3.94541e-05 175.418
6.43884 3.94136e-05 161.256
6.45375 3.93588e-05 169.253
6.46867 3.93184e-05 175.263
6.48358 3.92771e-05 160.771
6.4985 3.92237e-05 168.145
6.51341 3.9183e-05 173.652
6.52833 3.91415e-05 162.308
6.54324 3.90896e-05 168.623
6.55816 3.90492e-05 173.279
6.57307 3.90079e-05 162.137
6.58799 3.89573e-05 167.776
6.6029 3.89166e-05 171.893
6.61782 3.88751e-05 163.402
6.63273 3.8826e-05 168.044
6.64765 3.87854e-05 171.374
6.66256 3.87441e-05 163.453
6.67748 3.86963e-05 167.38
6.69239 3.86555e-05 170.152
6.70731 3.86186e-05 164.533
6.72222 3.85656e-05 167.504
6.73714 3.85161e-05 169.516
6.75205 3.84868e-05 170.833
6.76697 3.84509e-05 162.658
6.78188 3.84038e-05 165.176
6.7968 3.83545e-05 166.843
6.81171 3.83131e-05 167.875
6.82663 3.82717e-05 168.424
6.84154 3.82304e-05 168.608
6.85646 3.81891e-05 168.517
6.87137 3.81479e-05 168.222
6.88629 3.81067e-05 167.774
6.9012 3.80656e-05 167.214
6.91612 3.80247e-05 166.572
6.93103 3.79838e-05 165.87
6.94595 3.79431e-05 165.125
6.96086 3.79024e-05 164.35
6.97578 3.78619e-05 163.553
6.99069 3.78215e-05 162.743
7.00561 3.77813e-05 161.923
7.02052 3.77411e-05 161.099
7.03544 3.77011e-05 160.273
7.05035 3.76612e-05 159.447
7.06527 3.76215e-05 158.623
7.08018 3.75818e-05 157.802
7.0951 3.75423e-05 156.985
7.11001 3.75029e-05 156.172
7.12492 3.74636e-05 155.364
7.13984 3.74245e-05 154.561
7.15475 3.73855e-05 153.764
7.16967 3.73466e-05 152.973
7.18458 3.73078e-05 152.188
7.1995 3.72691e-05 151.408
7.21441 3.72306e-05 150.635
7.22933 3.71921e-05 149.867
7.24424 3.71538e-05 149.106
7.25916 3.71156e-05 148.35
7.27407 3.70776e-05 147.601
7.28899 3.70396e-05 146.858
7.3039 3.70018e-05 146.121
7.31882 3.69641e-05 145.39
7.33373 3.69265e-05 144.665
7.34865 3.6889e-05 143.946
7.36356 3.68516e-05 143.233
7.37848 3.68143e-05 142.527
7.39339 3.67772e-05 141.826
7.40831 3.67401e-05 141.132
7.42322 3.67032e-05 140.443
7.43814 3.66664e-05 139.761
7.45305 3.66297e-05 139.085
7.46797 3.65931e-05 138.415
7.48288 3.65566e-05 137.751
7.4978 3.65202e-05 137.093
7.51271 3.6484e-05 136.442
7.52763 3.64478e-05 135.797
7.54254 3.64117e-05 135.158
7.55746 3.63758e-05 134.526
7.57237 3.634e-05 133.9
7.58729 3.63042e-05 133.281
7.6022 3.62686e-05 132.668
7.61712 3.62331e-05 132.062
7.63203 3.61976e-05 131.463
7.64695 3.61623e-05 130.87
7.66186 3.61271e-05 130.284
7.67678 3.6092e-05 129.706
7.69169 3.6057e-05 129.134
7.70661 3.60221e-05 128.57
7.72152 3.59873e-05 128.013
7.73644 3.59526e-05 127.464
7.75135 3.5918e-05 126.922
7.76627 3.58835e-05 126.388
7.78118 3.58491e-05 125.863
7.7961 3.58148e-05 125.345
7.81101 3.57806e-05 124.836
7.82593 3.57465e-05 124.335
7.84084 3.57125e-05 123.843
7.85576 3.56785e-05 123.361
7.87067 3.56447e-05 122.887
7.88559 3.5611e-05 122.424
7.9005 3.55774e-05 121.97
7.91542 3.55438e-05 121.526
7.93033 3.55104e-05 121.093
7.94525 3.54771e-05 120.671
7.96016 3.54438e-05 120.26
7.97508 3.54107e-05 119.861
7.98999 3.53776e-05 119.474
8.0049 3.53447e-05 119.1
8.01982 3.53118e-05 118.738
8.03473 3.5279e-05 118.391
8.04965 3.52463e-05 118.057
8.06456 3.52137e-05 117.738
8.07948 3.51812e-05 117.434
8.09439 3.51488e-05 117.146
8.10931 3.51165e-05 116.874
8.12422 3.50842e-05 116.62
8.13914 3.50521e-05 116.384
8.15405 3.502e-05 116.167
8.16897 3.49881e-05 115.969
8.18388 3.49562e-05 115.793
8.1988 3.49244e-05 115.637
8.21371 3.48927e-05 115.505
8.22863 3.48611e-05 115.395
8.24354 3.48296e-05 115.311
8.25846 3.47981e-05 115.253
8.27337 3.47668e-05 115.222
8.28829 3.47355e-05 115.219
8.3032 3.47043e-05 115.247
8.31812 3.46732e-05 115.306
8.33303 3.46422e-05 115.398
8.34795 3.46113e-05 115.525
8.36286 3.45805e-05 115.688
8.37778 3.45497e-05 115.89
8.39269 3.45191e-05 116.133
8.40761 3.44885e-05 116.417
8.42252 3.4458e-05 116.747
8.43744 3.44276e-05 117.123
8.45235 3.43973e-05 117.549
8.46727 3.43671e-05 118.028
8.48218 3.43369e-05 118.561
8.4971 3.43069e-05 119.151
8.51201 3.42769e-05 119.803
8.52693 3.4247e-05 120.519
8.54184 3.42172e-05 121.302
8.55676 3.41875e-05 122.157
8.57167 3.41579e-05 123.086
8.58659 3.41284e-05 124.095
8.6015 3.4099e-05 125.187
8.61642 3.40696e-05 126.366
8.63133 3.40404e-05 127.639
8.64625 3.40112e-05 129.009
8.66116 3.39822e-05 130.481
8.67608 3.39532e-05 132.063
8.69099 3.39244e-05 133.758
8.70591 3.38956e-05 135.575
8.72082 3.3867e-05 137.518
8.73574 3.38385e-05 139.596
8.75065 3.38101e-05 141.815
8.76557 3.37818e-05 144.184
8.78048 3.37536e-05 146.71
8.7954 3.37255e-05 149.402
8.81031 3.36976e-05 152.268
8.82523 3.36698e-05 155.32
8.84014 3.36422e-05 158.566
8.85506 3.36147e-05 162.018
8.86997 3.35871e-05 165.685
8.88488 3.35501e-05 169.556
8.8998 3.33472e-05 173.22
8.91471 3.37283e-05 163.83
8.92963 3.33484e-05 171.339
8.94454 3.35849e-05 168.726
8.95946 3.30717e-05 177.187
8.97437 3.38004e-05 163.577
8.98929 3.30739e-05 175.998
9.0042 3.36526e-05 167.674
9.01912 3.27393e-05 181.487
9.03403 3.39355e-05 163.673
9.04895 3.27345e-05 181.454
9.06386 3.37923e-05 166.396
9.07878 3.23392e-05 186.048
9.09369 3.41449e-05 164.218
9.10861 3.23102e-05 187.742
9.12352 3.40243e-05 164.937
9.13844 3.18632e-05 190.827
9.15335 3.44356e-05 165.254
9.16827 3.17804e-05 194.821
9.18318 3.43697e-05 163.431
9.1981 3.13097e-05 195.856
9.21301 3.48054e-05 166.683
9.22793 3.11281e-05 202.515
9.24284 3.48465e-05 162.15
9.25776 3.06939e-05 201.352
9.27267 3.52286e-05 168.124
9.28759 3.03237e-05 210.284
9.3025 3.55254e-05 160.037
9.31742 3.0091e-05 206.484
9.33233 3.55702e-05 170.24
9.34725 2.97962e-05 210.335
9.36216 3.58432e-05 168.283
9.37708 2.94752e-05 222.166
9.39199 3.54744e-05 176.072
9.40691 3.00249e-05 210.237
9.42182 3.53721e-05 175.058
9.43674 2.98939e-05 216.576
9.45165 3.50459e-05 181.009
9.46657 3.02142e-05 211.964
9.48148 3.48132e-05 182.672
9.4964 3.03248e-05 214.381
9.51131 3.44997e-05 187.162
9.52623 3.05675e-05 212.4
9.54114 3.42074e-05 189.822
9.55606 3.07648e-05 213.471
9.57097 3.38852e-05 193.772
9.58589 3.09991e-05 212.554
9.6008 3.3573e-05 196.855
9.61572 3.12146e-05 213.045
9.63063 3.32461e-05 200.533
9.64555 3.145e-05 212.659
9.66046 3.2932e-05 203.817
9.67538 3.16566e-05 212.816
9.69029 3.26056e-05 207.281
9.70521 3.18763e-05 212.723
9.72012 3.23224e-05 210.71
9.73504 3.23528e-05 211.983
9.74995 3.22873e-05 214.573
9.76486 3.22186e-05 217.815
9.77978 3.21634e-05 221.434
9.79469 3.21197e-05 225.284
9.80961 3.20835e-05 229.276
9.82452 3.20515e-05 233.352
9.83944 3.20217e-05 237.476
9.85435 3.1993e-05 241.619
9.86927 3.19646e-05 245.765
9.88418 3.19361e-05 249.898
9.8991 3.19073e-05 254.009
9.91401 3.18781e-05 258.088
9.92893 3.18483e-05 262.128
9.94384 3.18179e-05 266.121
9.95876 3.1787e-05 270.062
9.97367 3.17556e-05 273.946
9.98859 3.17237e-05 277.765
10.0035 3.16914e-05 281.516
10.0184 3.16587e-05 285.195
10.0333 3.16258e-05 288.796
10.0482 3.15926e-05 292.315
10.0632 3.15594e-05 295.751
10.0781 3.15261e-05 299.098
10.093 3.14928e-05 302.355
10.1079 3.14596e-05 305.519
10.1228 3.14267e-05 308.588
10.1377 3.1394e-05 311.561
10.1527 3.13616e-05 314.435
10.1676 3.13297e-05 317.211
10.1825 3.12981e-05 319.887
10.1974 3.12671e-05 322.463
10.2123 3.12366e-05 324.939
10.2272 3.12066e-05 327.315
10.2421 3.11773e-05 329.591
10.2571 3.11486e-05 331.769
10.272 3.11204e-05 333.85
10.2869 3.10929e-05 335.833
10.3018 3.10661e-05 337.721
10.3167 3.10398e-05 339.516
10.3316 3.10141e-05 341.218
10.3465 3.09891e-05 342.829
10.3615 3.09646e-05 344.352
10.3764 3.09407e-05 345.788
10.3913 3.09173e-05 347.139
10.4062 3.08944e-05 348.408
10.4211 3.08719e-05 349.596
10.436 3.08499e-05 350.707
10.451 3.08283e-05 351.741
10.4659 3.08071e-05 352.702
10.4808 3.07862e-05 353.592
10.4957 3.07657e-05 354.413
10.5106 3.07454e-05 355.168
10.5255 3.07254e-05 355.858
10.5404 3.07056e-05 356.487
10.5554 3.06861e-05 357.056
10.5703 3.06667e-05 357.568
10.5852 3.06475e-05 358.025
10.6001 3.06284e-05 358.429
10.615 3.06094e-05 358.782
10.6299 3.05905e-05 359.088
10.6448 3.05717e-05 359.346
10.6598 3.0553e-05 359.561
10.6747 3.05343e-05 359.733
10.6896 3.05156e-05 359.865
10.7045 3.0497e-05 359.958
10.7194 3.04784e-05 360.015
10.7343 3.04598e-05 360.036
10.7492 3.04412e-05 360.025
10.7642 3.04226e-05 359.981
10.7791 3.04039e-05 359.908
10.794 3.03853e-05 359.807
10.8089 3.03666e-05 359.678
10.8238 3.03479e-05 359.524
10.8387 3.03292e-05 359.346
10.8537 3.03105e-05 359.145
10.8686 3.02917e-05 358.922
10.8835 3.02729e-05 358.679
10.8984 3.0254e-05 358.417
10.9133 3.02352e-05 358.136
10.9282 3.02163e-05 357.838
10.9431 3.01973e-05 357.524
10.9581 3.01784e-05 357.195
10.973 3.01594e-05 356.852
10.9879 3.01404e-05 356.495
11.0028 3.01214e-05 356.126
11.0177 3.01023e-05 355.744
11.0326 3.00832e-05 355.352
11.0475 3.00641e-05 354.949
11.0625 3.0045e-05 354.537
11.0774 3.00259e-05 354.115
11.0923 3.00067e-05 353.685
11.1072 2.99876e-05 353.247
11.1221 2.99684e-05 352.802
11.137 2.99492e-05 352.349
11.152 2.99301e-05 351.891
11.1669 2.99109e-05 351.426
11.1818 2.98917e-05 350.956
11.1967 2.98725e-05 350.481
11.2116 2.98533e-05 350.001
11.2265 2.98341e-05 349.516
11.2414 2.98149e-05 349.028
11.2564 2.97958e-05 348.536
11.2713 2.97766e-05 348.04
11.2862 2.97574e-05 347.542
11.3011 2.97383e-05 347.04
11.316 2.97192e-05 346.536
11.3309 2.97e-05 346.03
11.3458 2.96809e-05 345.522
11.3608 2.96618e-05 345.011
11.3757 2.96428e-05 344.499
11.3906 2.96237e-05 343.986
11.4055 2.96047e-05 343.471
11.4204 2.95856e-05 342.955
11.4353 2.95666e-05 342.438
11.4503 2.95477e-05 341.92
11.4652 2.95287e-05 341.402
11.4801 2.95098e-05 340.882
11.495 2.94908e-05 340.363
11.5099 2.9472e-05 339.843
11.5248 2.94531e-05 339.323
11.5397 2.94342e-05 338.802
11.5547 2.94154e-05 338.282
11.5696 2.93966e-05 337.762
11.5845 2.93779e-05 337.241
11.5994 2.93591e-05 336.721
11.6143 2.93404e-05 336.202
11.6292 2.93218e-05 335.682
11.6441 2.93031e-05 335.163
11.6591 2.92845e-05 334.645
11.674 2.92659e-05 334.127
11.6889 2.92473e-05 333.61
11.7038 2.92288e-05 333.093
11.7187 2.92103e-05 332.577
11.7336 2.91918e-05 332.062
11.7485 2.91733e-05 331.547
11.7635 2.91549e-05 331.034
11.7784 2.91365e-05 330.521
11.7933 2.91182e-05 330.009
11.8082 2.90999e-05 329.498
11.8231 2.90816e-05 328.988
11.838 2.90633e-05 328.478
11.853 2.90451e-05 327.97
11.8679 2.90269e-05 327.463
11.8828 2.90087e-05 326.957
11.8977 2.89905e-05 326.452
11.9126 2.89724e-05 325.948
11.9275 2.89544e-05 325.445
11.9424 2.89363e-05 324.943
11.9574 2.89183e-05 324.442
11.9723 2.89003e-05 323.943
11.9872 2.88824e-05 323.444
12.0021 2.88644e-05 322.947
12.017 2.88466e-05 322.45
12.0319 2.88287e-05 321.955
12.0468 2.88109e-05 321.462
12.0618 2.87931e-05 320.969
12.0767 2.87753e-05 320.478
12.0916 2.87576e-05 319.987
12.1065 2.87399e-05 319.498
12.1214 2.87222e-05 319.01
12.1363 2.87046e-05 318.524
12.1513 2.8687e-05 318.038
12.1662 2.86694e-05 317.554
12.1811 2.86519e-05 317.071
12.196 2.86344e-05 316.589
12.2109 2.86169e-05 316.108
12.2258 2.85994e-05 315.629
12.2407 2.8582e-05 315.151
12.2557 2.85646e-05 314.674
12.2706 2.85473e-05 314.198
12.2855 2.85299e-05 313.724
12.3004 2.85127e-05 313.251
12.3153 2.84954e-05 312.779
12.3302 2.84782e-05 312.308
12.3451 2.8461e-05 311.838
12.3601 2.84438e-05 311.37
12.375 2.84267e-05 310.903
12.3899 2.84095e-05 310.437
12.4048 2.83925e-05 309.972
12.4197 2.83754e-05 309.509
12.4346 2.83584e-05 309.046
12.4495 2.83414e-05 308.585
12.4645 2.83245e-05 308.126
12.4794 2.83075e-05 307.667
12.4943 2.82906e-05 307.209
12.5092 2.82738e-05 306.753
12.5241 2.82569e-05 306.298
12.539 2.82401e-05 305.844
12.554 2.82233e-05 305.392
12.5689 2.82066e-05 304.94
12.5838 2.81899e-05 304.49
12.5987 2.81732e-05 304.041
12.6136 2.81565e-05 303.593
12.6285 2.81399e-05 303.146
12.6434 2.81233e-05 302.7
12.6584 2.81067e-05 302.256
12.6733 2.80902e-05 301.813
12.6882 2.80737e-05 301.371
12.7031 2.80572e-05 300.93
12.718 2.80407e-05 300.49
12.7329 2.80243e-05 300.051
12.7478 2.80079e-05 299.614
12.7628 2.79916e-05 299.177
12.7777 2.79752e-05 298.742
12.7926 2.79589e-05 298.308
12.8075 2.79426e-05 297.875
12.8224 2.79264e-05 297.443
12.8373 2.79101e-05 297.013
12.8523 2.78939e-05 296.583
12.8672 2.78778e-05 296.155
12.8821 2.78616e-05 295.727
12.897 2.78455e-05 295.301
12.9119 2.78294e-05 294.876
12.9268 2.78134e-05 294.452
12.9417 2.77973e-05 294.029
12.9567 2.77813e-05 293.607
12.9716 2.77654e-05 293.186
12.9865 2.77494e-05 292.767
13.0014 2.77335e-05 292.348
13.0163 2.77176e-05 291.93
13.0312 2.77017e-05 291.514
13.0461 2.76859e-05 291.099
13.0611 2.76701e-05 290.684
13.076 2.76543e-05 290.271
13.0909 2.76385e-05 289.859
13.1058 2.76228e-05 289.448
13.1207 2.76071e-05 289.038
13.1356 2.75914e-05 288.629
13.1506 2.75758e-05 288.221
13.1655 2.75601e-05 287.814
13.1804 2.75445e-05 287.408
13.1953 2.7529e-05 287.003
13.2102 2.75134e-05 286.599
13.2251 2.74979e-05 286.196
13.24 2.74824e-05 285.795
13.255 2.7467e-05 285.394
13.2699 2.74515e-05 284.994
13.2848 2.74361e-05 284.595
13.2997 2.74207e-05 284.198
13.3146 2.74054e-05 283.801
13.3295 2.739e-05 283.405
13.3444 2.73747e-05 283.01
13.3594 2.73594e-05 282.617
13.3743 2.73442e-05 282.224
13.3892 2.73289e-05 281.832
13.4041 2.73137e-05 281.441
13.419 2.72985e-05 281.052
13.4339 2.72834e-05 280.663
13.4488 2.72682e-05 280.275
13.4638 2.72531e-05 279.888
13.4787 2.72381e-05 279.502
13.4936 2.7223e-05 279.117
13.5085 2.7208e-05 278.733
13.5234 2.7193e-05 278.35
13.5383 2.7178e-05 277.968
13.5533 2.7163e-05 277.587
13.5682 2.71481e-05 277.207
13.5831 2.71332e-05 276.827
13.598 2.71183e-05 276.449
13.6129 2.71034e-05 276.072
13.6278 2.70886e-05 275.695
13.6427 2.70738e-05 275.32
13.6577 2.7059e-05 274.945
13.6726 2.70442e-05 274.571
13.6875 2.70295e-05 274.199
13.7024 2.70148e-05 273.827
13.7173 2.70001e-05 273.456
13.7322 2.69854e-05 273.086
13.7471 2.69708e-05 272.717
13.7621 2.69562e-05 272.348
13.777 2.69416e-05 271.981
13.7919 2.6927e-05 271.615
13.8068 2.69124e-05 271.249
13.8217 2.68979e-05 270.885
13.8366 2.68834e-05 270.521
13.8516 2.68689e-05 270.158
13.8665 2.68545e-05 269.796
13.8814 2.68401e-05 269.435
13.8963 2.68256e-05 269.075
13.9112 2.68113e-05 268.715
13.9261 2.67969e-05 268.357
13.941 2.67826e-05 267.999
13.956 2.67682e-05 267.642
13.9709 2.6754e-05 267.286
13.9858 2.67397e-05 266.931
14.0007 2.67254e-05 266.577
14.0156 2.67112e-05 266.224
14.0305 2.6697e-05 265.871
14.0454 2.66828e-05 265.52
14.0604 2.66687e-05 265.169
14.0753 2.66545e-05 264.819
14.0902 2.66404e-05 264.47
14.1051 2.66263e-05 264.121
14.12 2.66123e-05 263.774
14.1349 2.65982e-05 263.427
14.1498 2.65842e-05 263.081
14.1648 2.65702e-05 262.736
14.1797 2.65562e-05 262.392
14.1946 2.65423e-05 262.049
14.2095 2.65283e-05 261.706
14.2244 2.65144e-05 261.364
14.2393 2.65005e-05 261.023
14.2543 2.64867e-05 260.683
14.2692 2.64728e-05 260.344
14.2841 2.6459e-05 260.005
14.299 2.64452e-05 259.668
14.3139 2.64314e-05 259.331
14.3288 2.64177e-05 258.995
14.3437 2.64039e-05 258.659
14.3587 2.63902e-05 258.325
14.3736 2.63765e-05 257.991
14.3885 2.63628e-05 257.658
14.4034 2.63492e-05 257.326
14.4183 2.63356e-05 256.994
14.4332 2.63219e-05 256.663
14.4481 2.63084e-05 256.334
14.4631 2.62948e-05 256.004
14.478 2.62812e-05 255.676
14.4929 2.62677e-05 255.348
14.5078 2.62542e-05 255.022
14.5227 2.62407e-05 254.695
14.5376 2.62273e-05 254.37
14.5526 2.62138e-05 254.045
14.5675 2.62004e-05 253.722
14.5824 2.6187e-05 253.398
14.5973 2.61736e-05 253.076
14.6122 2.61602e-05 252.755
14.6271 2.61469e-05 252.434
14.642 2.61336e-05 252.113
14.657 2.61203e-05 251.794
14.6719 2.6107e-05 251.475
14.6868 2.60938e-05 251.158
14.7017 2.60805e-05 250.84
14.7166 2.60673e-05 250.524
14.7315 2.60541e-05 250.208
14.7464 2.6041e-05 249.894
14.7614 2.6028e-05 249.58
14.7763 2.6015e-05 249.267
14.7912 2.60021e-05 248.956
14.8061 2.59894e-05 248.647
14.821 2.59769e-05 248.339
14.8359 2.59647e-05 248.034
14.8509 2.59528e-05 247.733
14.8658 2.59414e-05 247.435
14.8807 2.59304e-05 247.142
14.8956 2.59201e-05 246.854
14.9105 2.59103e-05 246.572
14.9254 2.59011e-05 246.296
14.9403 2.58925e-05 246.025
14.9553 2.58844e-05 245.76
14.9702 2.58767e-05 245.5
14.9851 2.58691e-05 245.243
15 2.58617e-05 244.989
