0.1 0.000376006 12968.8
0.114915 0.000197176 41491.1
0.12983 0.000296359 28360.5
0.144745 0.000257528 28153.3
0.15966 0.000251589 25594.4
0.174575 0.000239364 24024.9
0.189489 0.000229944 22502.4
0.204404 0.00022132 21247
0.219319 0.000213678 20120.4
0.234234 0.000206735 19132.4
0.249149 0.000200451 18248.2
0.264064 0.000194697 17454.2
0.278979 0.000189416 16736.5
0.293894 0.000184541 16084
0.308809 0.000180025 15488
0.323724 0.000175825 14941.1
0.338639 0.000171905 14437.2
0.353554 0.000168237 13971.2
0.368468 0.000164794 13538.9
0.383383 0.000161554 13136.6
0.398298 0.000158498 12761.1
0.413213 0.000155609 12409.7
0.428128 0.000152871 12080.1
0.443043 0.000150267 11769.8
0.457958 0.000147761 11476.1
0.472873 0.000145255 11192.9
0.487788 0.000142439 10904.4
0.502703 0.000138473 10570
0.517618 0.000131461 10100
0.532533 0.000117974 9326.94
0.547447 0.000114119 6462.81
0.562362 0.000132838 2580.46
0.577277 0.000187013 1241.97
0.592192 0.000101612 3617.88
0.607107 0.000161657 965.338
0.622022 9.65017e-05 3128.33
0.636937 0.000155243 894.133
0.651852 9.40139e-05 2918.62
0.666767 0.000151667 880.463
0.681682 9.14856e-05 2808.36
0.696597 0.000148697 878.076
0.711512 8.91054e-05 2722.73
0.726426 0.000145985 877.66
0.741341 8.68912e-05 2646.05
0.756256 0.000143451 879.832
0.771171 8.48265e-05 2578.37
0.786086 0.000140977 882.507
0.801001 8.2914e-05 2516.14
0.815916 0.00013862 886.229
0.830831 8.11731e-05 2460.14
0.845746 0.000136358 889.735
0.860661 7.95516e-05 2407.51
0.875576 0.000134197 893.966
0.89049 7.80354e-05 2359.13
0.905405 0.000132135 897.996
0.92032 7.65687e-05 2312.73
0.935235 0.000130167 902.906
0.95015 7.51495e-05 2269.52
0.965065 0.000128304 907.709
0.97998 7.38199e-05 2228.74
0.994895 0.000126503 912.499
1.00981 7.25751e-05 2190.35
1.02472 0.000124759 917.081
1.03964 7.14112e-05 2153.98
1.05455 0.000123062 921.52
1.06947 7.03217e-05 2119.52
1.08438 0.000121413 925.736
1.0993 6.93029e-05 2086.78
1.11421 0.000119804 929.736
1.12913 6.83491e-05 2055.62
1.14404 0.000118236 933.515
1.15896 6.74565e-05 2025.93
1.17387 0.000116705 937.046
1.18879 6.66202e-05 1997.57
1.2037 0.000115211 940.366
1.21862 6.58366e-05 1970.49
1.23353 0.000113751 943.429
1.24845 6.51015e-05 1944.53
1.26336 0.000112323 946.296
1.27828 6.44116e-05 1919.68
1.29319 0.000110928 948.913
1.30811 6.37634e-05 1895.81
1.32302 0.000109563 951.353
1.33794 6.31541e-05 1872.9
1.35285 0.000108228 953.554
1.36777 6.25804e-05 1850.83
1.38268 0.000106922 955.6
1.3976 6.204e-05 1829.63
1.41251 0.000105643 957.423
1.42743 6.15301e-05 1809.15
1.44234 0.000104393 959.115
1.45726 6.10487e-05 1789.43
1.47217 0.000103169 960.597
1.48709 6.05934e-05 1770.35
1.502 0.000101971 961.974
1.51692 6.01624e-05 1751.95
1.53183 0.000100798 963.155
1.54675 5.97539e-05 1734.1
1.56166 9.96495e-05 964.255
1.57658 5.93664e-05 1716.86
1.59149 9.85243e-05 965.167
1.60641 5.89981e-05 1700.07
1.62132 9.74211e-05 966.022
1.63624 5.86482e-05 1683.82
1.65115 9.63376e-05 966.69
1.66607 5.83154e-05 1667.91
1.68098 9.5271e-05 967.319
1.6959 5.79991e-05 1652.4
1.71081 9.42158e-05 967.747
1.72573 5.7699e-05 1637.02
1.74064 9.31632e-05 968.132
1.75556 5.74159e-05 1621.71
1.77047 9.20987e-05 968.27
1.78539 5.71522e-05 1605.97
1.8003 9.09985e-05 968.306
1.81522 5.6915e-05 1589.41
1.83013 8.98273e-05 967.966
1.84505 5.67225e-05 1570.99
1.85996 8.85392e-05 967.344
1.87487 5.66216e-05 1549.6
1.88979 8.70901e-05 966.022
1.9047 5.67202e-05 1523.44
1.91962 8.54549e-05 963.809
1.93453 5.72364e-05 1490.79
1.94945 8.36123e-05 959.468
1.96436 5.852e-05 1449.15
1.97928 8.14329e-05 951.496
1.99419 6.08972e-05 1394.61
2.00911 7.86518e-05 940.234
2.02402 6.4137e-05 1320.39
2.03894 7.53267e-05 936.289
2.05385 6.7119e-05 1225.16
2.06877 7.22091e-05 954.808
2.08368 6.88265e-05 1119.51
2.0986 6.99798e-05 998.68
2.11351 6.88746e-05 1012.46
2.12843 6.89004e-05 956.891
2.14334 6.87125e-05 871.799
2.15826 6.84096e-05 779.835
2.17317 6.80878e-05 692.291
2.18809 6.77811e-05 613.901
2.203 6.74959e-05 546.046
2.21792 6.72298e-05 488.538
2.23283 6.69784e-05 440.522
2.24775 6.6738e-05 400.892
2.26266 6.65058e-05 368.492
2.27758 6.62797e-05 342.21
2.29249 6.60584e-05 321.019
2.30741 6.58409e-05 304.003
2.32232 6.56267e-05 290.363
2.33724 6.54152e-05 279.42
2.35215 6.52062e-05 270.607
2.36707 6.49996e-05 263.46
2.38198 6.47951e-05 257.605
2.3969 6.45928e-05 252.747
2.41181 6.43924e-05 248.652
2.42673 6.4194e-05 245.141
2.44164 6.39974e-05 242.074
2.45656 6.38027e-05 239.347
2.47147 6.36098e-05 236.879
2.48639 6.34187e-05 234.61
2.5013 6.32293e-05 232.494
2.51622 6.30415e-05 230.498
2.53113 6.28555e-05 228.596
2.54605 6.26711e-05 226.769
2.56096 6.24883e-05 225.003
2.57588 6.23071e-05 223.288
2.59079 6.21275e-05 221.615
2.60571 6.19494e-05 219.979
2.62062 6.17729e-05 218.375
2.63554 6.15979e-05 216.799
2.65045 6.14243e-05 215.25
2.66537 6.12522e-05 213.724
2.68028 6.10815e-05 212.221
2.6952 6.09123e-05 210.74
2.71011 6.07486e-05 209.285
2.72503 6.05718e-05 212.178
2.73994 6.04194e-05 208.562
2.75485 6.02414e-05 211.821
2.76977 6.00969e-05 206.983
2.78468 5.99134e-05 212.787
2.7996 5.97788e-05 206.07
2.81451 5.95927e-05 212.767
2.82943 5.94664e-05 204.702
2.84434 5.92754e-05 213.471
2.85926 5.91585e-05 203.701
2.87417 5.89642e-05 213.632
2.88909 5.88558e-05 202.463
2.904 5.86568e-05 214.189
2.91892 5.85575e-05 201.43
2.93383 5.83547e-05 214.446
2.94875 5.82641e-05 200.277
2.96366 5.80567e-05 214.92
2.97858 5.7975e-05 199.243
2.99349 5.77634e-05 215.228
3.00841 5.76904e-05 198.15
3.02332 5.74741e-05 215.653
3.03824 5.741e-05 197.129
3.05315 5.71892e-05 215.985
3.06807 5.71338e-05 196.083
3.08298 5.69082e-05 216.381
3.0979 5.68616e-05 195.082
3.11281 5.66313e-05 216.724
3.12773 5.65935e-05 194.074
3.14264 5.63582e-05 217.101
3.15756 5.63292e-05 193.096
3.17247 5.6089e-05 217.447
3.18739 5.60686e-05 192.121
3.2023 5.58234e-05 217.811
3.21722 5.58118e-05 191.169
3.23213 5.55615e-05 218.157
3.24705 5.55586e-05 190.224
3.26196 5.53031e-05 218.511
3.27688 5.53089e-05 189.297
3.29179 5.50482e-05 218.855
3.30671 5.50627e-05 188.379
3.32162 5.47966e-05 219.201
3.33654 5.48198e-05 187.477
3.35145 5.45484e-05 219.54
3.36637 5.45803e-05 186.585
3.38128 5.43034e-05 219.88
3.3962 5.43439e-05 185.707
3.41111 5.40615e-05 220.215
3.42603 5.41107e-05 184.84
3.44094 5.38227e-05 220.549
3.45586 5.38806e-05 183.984
3.47077 5.3587e-05 220.878
3.48569 5.36536e-05 183.14
3.5006 5.33542e-05 221.207
3.51552 5.34294e-05 182.307
3.53043 5.31243e-05 221.532
3.54535 5.32082e-05 181.485
3.56026 5.28972e-05 221.855
3.57518 5.29898e-05 180.673
3.59009 5.2673e-05 222.176
3.60501 5.27742e-05 179.872
3.61992 5.24514e-05 222.494
3.63483 5.25613e-05 179.081
3.64975 5.22325e-05 222.81
3.66466 5.23511e-05 178.3
3.67958 5.20162e-05 223.123
3.69449 5.21435e-05 177.528
3.70941 5.18025e-05 223.434
3.72432 5.19384e-05 176.766
3.73924 5.15912e-05 223.743
3.75415 5.17359e-05 176.014
3.76907 5.13825e-05 224.049
3.78398 5.15358e-05 175.271
3.7989 5.11761e-05 224.354
3.81381 5.13381e-05 174.537
3.82873 5.09721e-05 224.656
3.84364 5.11428e-05 173.811
3.85856 5.07704e-05 224.956
3.87347 5.09497e-05 173.094
3.88839 5.0571e-05 225.254
3.9033 5.0759e-05 172.386
3.91822 5.03737e-05 225.549
3.93313 5.05705e-05 171.686
3.94805 5.01787e-05 225.843
3.96296 5.03842e-05 170.994
3.97788 4.99859e-05 226.135
3.99279 5.02e-05 170.31
4.00771 4.97951e-05 226.424
4.02262 5.00299e-05 169.654
4.03754 4.95868e-05 235.403
4.05245 4.98323e-05 172.155
4.06737 4.94382e-05 220.769
4.08228 4.96608e-05 165.988
4.0972 4.92269e-05 229.469
4.11211 4.94894e-05 168.463
4.12703 4.90458e-05 230.969
4.14194 4.93136e-05 168.253
4.15686 4.88692e-05 229.714
4.17177 4.91373e-05 167.045
4.18669 4.86954e-05 227.458
4.2016 4.8962e-05 165.485
4.21652 4.85238e-05 224.864
4.23143 4.87881e-05 163.813
4.24635 4.83541e-05 222.179
4.26126 4.8616e-05 162.119
4.27618 4.81863e-05 219.493
4.29109 4.84456e-05 160.435
4.30601 4.80202e-05 216.84
4.32092 4.8277e-05 158.774
4.33584 4.78559e-05 214.23
4.35075 4.81101e-05 157.139
4.36567 4.76932e-05 211.666
4.38058 4.79449e-05 155.531
4.3955 4.75372e-05 209.161
4.41041 4.77764e-05 157.35
4.42533 4.73696e-05 210.084
4.44024 4.76228e-05 153.646
4.45516 4.72274e-05 205.537
4.47007 4.74469e-05 160.136
4.48498 4.70498e-05 211.079
4.4999 4.73098e-05 152.734
4.51481 4.69207e-05 202.938
4.52973 4.71269e-05 161.846
4.54464 4.67375e-05 211.007
4.55956 4.70019e-05 151.459
4.57447 4.66216e-05 200.033
4.58939 4.68114e-05 164.004
4.6043 4.64308e-05 211.372
4.61922 4.67005e-05 150.366
4.63413 4.63279e-05 197.359
4.64905 4.65023e-05 165.972
4.66396 4.61303e-05 211.551
4.67888 4.64047e-05 149.231
4.69379 4.60404e-05 194.694
4.70871 4.61985e-05 168.017
4.72362 4.58354e-05 211.803
4.73854 4.61148e-05 148.146
4.75345 4.57584e-05 192.123
4.76837 4.58984e-05 170.024
4.78328 4.5552e-05 203.131
4.7982 4.5826e-05 155.959
4.81311 4.54776e-05 198.121
4.82803 4.55919e-05 161.094
4.84294 4.53271e-05 202.182
4.85786 4.5505e-05 155.777
4.87277 4.51627e-05 196.349
4.88769 4.53701e-05 162.121
4.9026 4.50327e-05 201.557
4.91752 4.52246e-05 155.302
4.93243 4.48908e-05 194.417
4.94735 4.50937e-05 163.285
4.96226 4.47647e-05 201.119
4.97718 4.49492e-05 154.628
4.99209 4.46236e-05 192.337
5.00701 4.48224e-05 164.689
5.02192 4.45019e-05 200.913
5.03684 4.46783e-05 153.709
5.05175 4.43612e-05 190.064
5.06667 4.45559e-05 166.4
5.08158 4.4244e-05 200.993
5.0965 4.44118e-05 152.482
5.11141 4.41031e-05 187.546
5.12633 4.42943e-05 168.508
5.14124 4.3991e-05 201.432
5.15616 4.41496e-05 150.877
5.17107 4.38494e-05 184.721
5.18599 4.40347e-05 171.126
5.2009 4.3752e-05 191.05
5.21582 4.38842e-05 162.091
5.23073 4.35929e-05 193.508
5.24565 4.37936e-05 158.519
5.26056 4.35069e-05 189.71
5.27548 4.36279e-05 162.63
5.29039 4.33454e-05 192.616
5.30531 4.35483e-05 158.495
5.32022 4.32702e-05 188.372
5.33514 4.33746e-05 163.191
5.35005 4.3101e-05 191.758
5.36496 4.33082e-05 158.448
5.37988 4.30387e-05 187.039
5.39479 4.31051e-05 163.734
5.40971 4.29206e-05 191.035
5.42462 4.3029e-05 158.172
5.43954 4.27677e-05 185.436
5.45445 4.29265e-05 164.828
5.46937 4.26697e-05 190.641
5.48428 4.27889e-05 157.568
5.4992 4.25365e-05 183.65
5.51411 4.26921e-05 166.094
5.52903 4.24456e-05 190.455
5.54394 4.25511e-05 156.721
5.55886 4.23077e-05 181.679
5.57377 4.24626e-05 167.664
5.58869 4.22284e-05 190.541
5.6036 4.23108e-05 155.546
5.61852 4.20912e-05 179.473
5.63343 4.22326e-05 169.614
5.64835 4.20061e-05 190.929
5.66326 4.20833e-05 154.042
5.67818 4.18841e-05 177.028
5.69309 4.19988e-05 171.97
5.70801 4.1778e-05 178.951
5.72292 4.1873e-05 168.627
5.73784 4.16773e-05 188.234
5.75275 4.17658e-05 155.835
5.76767 4.15565e-05 176.827
5.78258 4.16649e-05 170.573
5.7975 4.14715e-05 179.431
5.81241 4.15364e-05 166.303
5.82733 4.13455e-05 184.467
5.84224 4.14555e-05 159.094
5.85716 4.12585e-05 177.913
5.87207 4.13209e-05 167.35
5.88699 4.11491e-05 184.189
5.9019 4.12323e-05 158.418
5.91682 4.10481e-05 176.221
5.93173 4.11172e-05 168.7
5.94665 4.09506e-05 184.155
5.96156 4.10132e-05 157.444
5.97648 4.08475e-05 174.321
5.99139 4.09102e-05 170.385
6.00631 4.07509e-05 175.806
6.02122 4.08025e-05 167.701
6.03614 4.06545e-05 181.651
6.05105 4.06995e-05 159.193
6.06597 4.05552e-05 174.165
6.08088 4.05975e-05 169.017
6.0958 4.04608e-05 181.61
6.11071 4.0495e-05 158.262
6.12563 4.03599e-05 172.347
6.14054 4.0398e-05 170.643
6.15546 4.02684e-05 172.767
6.17037 4.02894e-05 169.487
6.18529 4.0182e-05 180.369
6.2002 4.01833e-05 158.409
6.21512 4.00929e-05 170.963
6.23003 4.00779e-05 171.099
6.24494 4.00037e-05 170.583
6.25986 3.99817e-05 171.156
6.27477 3.99128e-05 170
6.28969 3.98716e-05 178.95
6.3046 3.98342e-05 158.598
6.31952 3.97742e-05 169.37
6.33443 3.973e-05 177.662
6.34935 3.96945e-05 159.615
6.36426 3.9632e-05 169.43
6.37918 3.9592e-05 176.932
6.39409 3.9554e-05 159.896
6.40901 3.9496e-05 168.917
6.42392 3.94527e-05 175.758
6.43884 3.94155e-05 160.793
6.45375 3.9359e-05 168.89
6.46867 3.93163e-05 174.976
6.48358 3.92788e-05 161.169
6.4985 3.92239e-05 168.458
6.51341 3.91812e-05 173.89
6.52833 3.91432e-05 161.979
6.54324 3.90898e-05 168.368
6.55816 3.90475e-05 173.079
6.57307 3.90092e-05 162.42
6.58799 3.89575e-05 167.996
6.6029 3.89152e-05 172.059
6.61782 3.88764e-05 163.168
6.63273 3.88261e-05 167.865
6.64765 3.87842e-05 171.235
6.66256 3.8745e-05 163.655
6.67748 3.86964e-05 167.535
6.69239 3.86545e-05 170.268
6.70731 3.86169e-05 164.362
6.72222 3.85672e-05 167.377
6.73714 3.85212e-05 169.431
6.75205 3.84845e-05 170.763
6.76697 3.84479e-05 162.75
6.78188 3.84009e-05 165.24
6.7968 3.83559e-05 166.895
6.81171 3.83142e-05 167.917
6.82663 3.82726e-05 168.457
6.84154 3.8231e-05 168.634
6.85646 3.81896e-05 168.538
6.87137 3.81482e-05 168.238
6.88629 3.8107e-05 167.787
6.9012 3.80658e-05 167.224
6.91612 3.80248e-05 166.58
6.93103 3.79839e-05 165.876
6.94595 3.79432e-05 165.13
6.96086 3.79025e-05 164.353
6.97578 3.7862e-05 163.556
6.99069 3.78216e-05 162.745
7.00561 3.77813e-05 161.925
7.02052 3.77412e-05 161.1
7.03544 3.77011e-05 160.274
7.05035 3.76612e-05 159.448
7.06527 3.76215e-05 158.624
7.08018 3.75818e-05 157.802
7.0951 3.75423e-05 156.985
7.11001 3.75029e-05 156.172
7.12492 3.74636e-05 155.364
7.13984 3.74245e-05 154.562
7.15475 3.73855e-05 153.764
7.16967 3.73465e-05 152.973
7.18458 3.73078e-05 152.188
7.1995 3.72691e-05 151.408
7.21441 3.72306e-05 150.635
7.22933 3.71921e-05 149.867
7.24424 3.71538e-05 149.106
7.25916 3.71156e-05 148.35
7.27407 3.70776e-05 147.601
7.28899 3.70396e-05 146.858
7.3039 3.70018e-05 146.121
7.31882 3.69641e-05 145.39
7.33373 3.69264e-05 144.665
7.34865 3.6889e-05 143.946
7.36356 3.68516e-05 143.233
7.37848 3.68143e-05 142.527
7.39339 3.67772e-05 141.826
7.40831 3.67401e-05 141.131
7.42322 3.67032e-05 140.443
7.43814 3.66664e-05 139.761
7.45305 3.66297e-05 139.085
7.46797 3.65931e-05 138.415
7.48288 3.65566e-05 137.751
7.4978 3.65202e-05 137.093
7.51271 3.64839e-05 136.442
7.52763 3.64478e-05 135.797
7.54254 3.64117e-05 135.158
7.55746 3.63758e-05 134.526
7.57237 3.63399e-05 133.9
7.58729 3.63042e-05 133.281
7.6022 3.62686e-05 132.668
7.61712 3.62331e-05 132.062
7.63203 3.61976e-05 131.463
7.64695 3.61623e-05 130.87
7.66186 3.61271e-05 130.284
7.67678 3.6092e-05 129.706
7.69169 3.6057e-05 129.134
7.70661 3.60221e-05 128.57
7.72152 3.59873e-05 128.013
7.73644 3.59526e-05 127.464
7.75135 3.5918e-05 126.922
7.76627 3.58835e-05 126.388
7.78118 3.5849e-05 125.862
7.7961 3.58147e-05 125.345
7.81101 3.57805e-05 124.836
7.82593 3.57464e-05 124.335
7.84084 3.57124e-05 123.843
7.85576 3.56785e-05 123.36
7.87067 3.56447e-05 122.887
7.88559 3.5611e-05 122.423
7.9005 3.55773e-05 121.97
7.91542 3.55438e-05 121.526
7.93033 3.55104e-05 121.093
7.94525 3.5477e-05 120.671
7.96016 3.54438e-05 120.26
7.97508 3.54106e-05 119.861
7.98999 3.53775e-05 119.474
8.0049 3.53446e-05 119.099
8.01982 3.53117e-05 118.738
8.03473 3.52789e-05 118.39
8.04965 3.52462e-05 118.056
8.06456 3.52136e-05 117.737
8.07948 3.51811e-05 117.433
8.09439 3.51487e-05 117.145
8.10931 3.51164e-05 116.874
8.12422 3.50841e-05 116.619
8.13914 3.5052e-05 116.383
8.15405 3.50199e-05 116.166
8.16897 3.49879e-05 115.969
8.18388 3.4956e-05 115.792
8.1988 3.49242e-05 115.636
8.21371 3.48925e-05 115.503
8.22863 3.48609e-05 115.394
8.24354 3.48294e-05 115.31
8.25846 3.47979e-05 115.252
8.27337 3.47665e-05 115.22
8.28829 3.47353e-05 115.218
8.3032 3.47041e-05 115.245
8.31812 3.4673e-05 115.304
8.33303 3.46419e-05 115.396
8.34795 3.4611e-05 115.523
8.36286 3.45801e-05 115.687
8.37778 3.45494e-05 115.888
8.39269 3.45187e-05 116.13
8.40761 3.44881e-05 116.415
8.42252 3.44576e-05 116.744
8.43744 3.44271e-05 117.121
8.45235 3.43968e-05 117.546
8.46727 3.43665e-05 118.024
8.48218 3.43363e-05 118.557
8.4971 3.43062e-05 119.148
8.51201 3.42762e-05 119.799
8.52693 3.42462e-05 120.514
8.54184 3.42164e-05 121.297
8.55676 3.41866e-05 122.151
8.57167 3.41569e-05 123.081
8.58659 3.41273e-05 124.089
8.6015 3.40978e-05 125.18
8.61642 3.40684e-05 126.359
8.63133 3.4039e-05 127.631
8.64625 3.40098e-05 129
8.66116 3.39806e-05 130.472
8.67608 3.39515e-05 132.052
8.69099 3.39225e-05 133.746
8.70591 3.38936e-05 135.562
8.72082 3.38648e-05 137.504
8.73574 3.3836e-05 139.58
8.75065 3.38074e-05 141.798
8.76557 3.37789e-05 144.164
8.78048 3.37504e-05 146.688
8.7954 3.37221e-05 149.377
8.81031 3.36938e-05 152.241
8.82523 3.36657e-05 155.29
8.84014 3.36376e-05 158.532
8.85506 3.36097e-05 161.98
8.86997 3.35819e-05 165.643
8.88488 3.35516e-05 169.528
8.8998 3.34278e-05 173.407
8.91471 3.36171e-05 163.294
8.92963 3.34037e-05 171.061
8.94454 3.35155e-05 168.962
8.95946 3.32225e-05 177.777
8.97437 3.36103e-05 162.306
8.98929 3.32075e-05 175.326
9.0042 3.34984e-05 168.25
9.01912 3.29796e-05 182.622
9.03403 3.36464e-05 161.459
9.04895 3.2976e-05 180.275
9.06386 3.35222e-05 167.353
9.07878 3.26869e-05 187.856
9.09369 3.37385e-05 160.893
9.10861 3.26962e-05 185.989
9.12352 3.36007e-05 166.22
9.13844 3.23305e-05 193.347
9.15335 3.39008e-05 160.779
9.16827 3.23513e-05 192.565
9.18318 3.37512e-05 164.793
9.1981 3.1897e-05 198.929
9.21301 3.41469e-05 161.299
9.22793 3.19205e-05 200.101
9.24284 3.39922e-05 163.035
9.25776 3.13931e-05 204.482
9.27267 3.44708e-05 162.514
9.28759 3.13603e-05 208.493
9.3025 3.4391e-05 161.272
9.31742 3.08857e-05 210.429
9.33233 3.47861e-05 162.049
9.34725 3.06857e-05 215.368
9.36216 3.49107e-05 168.034
9.37708 3.03471e-05 225.207
9.39199 3.46779e-05 175.25
9.40691 3.07169e-05 214.167
9.42182 3.46659e-05 174.893
9.43674 3.04889e-05 219.055
9.45165 3.44462e-05 180.458
9.46657 3.07277e-05 214.761
9.48148 3.43307e-05 182.576
9.4964 3.06868e-05 215.846
9.51131 3.41019e-05 186.698
9.52623 3.08754e-05 214.28
9.54114 3.39086e-05 189.812
9.55606 3.09537e-05 214.156
9.57097 3.36564e-05 193.415
9.58589 3.11349e-05 213.62
9.6008 3.3408e-05 196.853
9.61572 3.12847e-05 213.294
9.63063 3.31321e-05 200.3
9.64555 3.14736e-05 213.116
9.66046 3.28508e-05 203.779
9.67538 3.16585e-05 212.884
9.69029 3.25558e-05 207.154
9.70521 3.18365e-05 212.788
9.72012 3.22323e-05 210.449
9.73504 3.22247e-05 211.432
9.74995 3.21612e-05 213.877
9.76486 3.21075e-05 217.089
9.77978 3.20659e-05 220.732
9.79469 3.20319e-05 224.621
9.80961 3.2002e-05 228.65
9.82452 3.19744e-05 232.756
9.83944 3.19479e-05 236.9
9.85435 3.19218e-05 241.06
9.86927 3.18959e-05 245.218
9.88418 3.18699e-05 249.363
9.8991 3.18438e-05 253.486
9.91401 3.18174e-05 257.578
9.92893 3.17908e-05 261.634
9.94384 3.17639e-05 265.646
9.95876 3.17368e-05 269.609
9.97367 3.17094e-05 273.518
9.98859 3.16818e-05 277.366
10.0035 3.1654e-05 281.149
10.0184 3.16261e-05 284.863
10.0333 3.1598e-05 288.501
10.0482 3.15699e-05 292.062
10.0632 3.15417e-05 295.54
10.0781 3.15134e-05 298.932
10.093 3.14853e-05 302.235
10.1079 3.14572e-05 305.447
10.1228 3.14292e-05 308.564
10.1377 3.14013e-05 311.584
10.1527 3.13736e-05 314.507
10.1676 3.13462e-05 317.33
10.1825 3.13189e-05 320.053
10.1974 3.1292e-05 322.674
10.2123 3.12653e-05 325.194
10.2272 3.12389e-05 327.612
10.2421 3.12128e-05 329.928
10.2571 3.11871e-05 332.143
10.272 3.11617e-05 334.258
10.2869 3.11366e-05 336.274
10.3018 3.11119e-05 338.191
10.3167 3.10875e-05 340.012
10.3316 3.10635e-05 341.737
10.3465 3.10397e-05 343.369
10.3615 3.10163e-05 344.909
10.3764 3.09932e-05 346.36
10.3913 3.09704e-05 347.723
10.4062 3.09478e-05 349.001
10.4211 3.09255e-05 350.196
10.436 3.09035e-05 351.311
10.451 3.08816e-05 352.347
10.4659 3.086e-05 353.307
10.4808 3.08386e-05 354.195
10.4957 3.08174e-05 355.012
10.5106 3.07963e-05 355.76
10.5255 3.07754e-05 356.443
10.5404 3.07546e-05 357.063
10.5554 3.07339e-05 357.621
10.5703 3.07134e-05 358.122
10.5852 3.06929e-05 358.567
10.6001 3.06726e-05 358.958
10.615 3.06523e-05 359.297
10.6299 3.06321e-05 359.588
10.6448 3.06119e-05 359.832
10.6598 3.05918e-05 360.031
10.6747 3.05718e-05 360.188
10.6896 3.05517e-05 360.304
10.7045 3.05318e-05 360.382
10.7194 3.05118e-05 360.423
10.7343 3.04919e-05 360.429
10.7492 3.0472e-05 360.402
10.7642 3.04521e-05 360.344
10.7791 3.04322e-05 360.256
10.794 3.04123e-05 360.14
10.8089 3.03924e-05 359.997
10.8238 3.03726e-05 359.829
10.8387 3.03527e-05 359.637
10.8537 3.03329e-05 359.423
10.8686 3.03131e-05 359.187
10.8835 3.02933e-05 358.932
10.8984 3.02734e-05 358.657
10.9133 3.02536e-05 358.365
10.9282 3.02338e-05 358.056
10.9431 3.0214e-05 357.731
10.9581 3.01942e-05 357.392
10.973 3.01744e-05 357.038
10.9879 3.01546e-05 356.672
11.0028 3.01349e-05 356.294
11.0177 3.01151e-05 355.904
11.0326 3.00954e-05 355.503
11.0475 3.00756e-05 355.092
11.0625 3.00559e-05 354.672
11.0774 3.00362e-05 354.243
11.0923 3.00165e-05 353.806
11.1072 2.99968e-05 353.362
11.1221 2.99772e-05 352.91
11.137 2.99575e-05 352.452
11.152 2.99379e-05 351.988
11.1669 2.99183e-05 351.518
11.1818 2.98987e-05 351.042
11.1967 2.98791e-05 350.562
11.2116 2.98595e-05 350.078
11.2265 2.984e-05 349.589
11.2414 2.98205e-05 349.097
11.2564 2.9801e-05 348.601
11.2713 2.97816e-05 348.102
11.2862 2.97621e-05 347.6
11.3011 2.97427e-05 347.095
11.316 2.97233e-05 346.588
11.3309 2.9704e-05 346.079
11.3458 2.96847e-05 345.567
11.3608 2.96654e-05 345.055
11.3757 2.96461e-05 344.54
11.3906 2.96268e-05 344.024
11.4055 2.96076e-05 343.507
11.4204 2.95884e-05 342.989
11.4353 2.95693e-05 342.47
11.4503 2.95501e-05 341.95
11.4652 2.9531e-05 341.43
11.4801 2.9512e-05 340.909
11.495 2.94929e-05 340.388
11.5099 2.94739e-05 339.867
11.5248 2.94549e-05 339.345
11.5397 2.9436e-05 338.823
11.5547 2.94171e-05 338.302
11.5696 2.93982e-05 337.78
11.5845 2.93793e-05 337.259
11.5994 2.93605e-05 336.738
11.6143 2.93417e-05 336.217
11.6292 2.9323e-05 335.697
11.6441 2.93043e-05 335.177
11.6591 2.92856e-05 334.658
11.674 2.92669e-05 334.139
11.6889 2.92483e-05 333.621
11.7038 2.92297e-05 333.104
11.7187 2.92111e-05 332.587
11.7336 2.91926e-05 332.072
11.7485 2.91741e-05 331.556
11.7635 2.91556e-05 331.042
11.7784 2.91372e-05 330.529
11.7933 2.91188e-05 330.016
11.8082 2.91005e-05 329.505
11.8231 2.90821e-05 328.994
11.838 2.90638e-05 328.485
11.853 2.90456e-05 327.976
11.8679 2.90273e-05 327.469
11.8828 2.90091e-05 326.962
11.8977 2.8991e-05 326.457
11.9126 2.89728e-05 325.952
11.9275 2.89547e-05 325.449
11.9424 2.89367e-05 324.947
11.9574 2.89186e-05 324.446
11.9723 2.89006e-05 323.946
11.9872 2.88827e-05 323.448
12.0021 2.88647e-05 322.95
12.017 2.88468e-05 322.454
12.0319 2.8829e-05 321.958
12.0468 2.88111e-05 321.464
12.0618 2.87933e-05 320.972
12.0767 2.87755e-05 320.48
12.0916 2.87578e-05 319.99
12.1065 2.87401e-05 319.5
12.1214 2.87224e-05 319.012
12.1363 2.87048e-05 318.526
12.1513 2.86871e-05 318.04
12.1662 2.86696e-05 317.556
12.1811 2.8652e-05 317.073
12.196 2.86345e-05 316.591
12.2109 2.8617e-05 316.11
12.2258 2.85996e-05 315.631
12.2407 2.85821e-05 315.152
12.2557 2.85647e-05 314.675
12.2706 2.85474e-05 314.2
12.2855 2.853e-05 313.725
12.3004 2.85127e-05 313.252
12.3153 2.84955e-05 312.78
12.3302 2.84782e-05 312.309
12.3451 2.8461e-05 311.839
12.3601 2.84439e-05 311.371
12.375 2.84267e-05 310.904
12.3899 2.84096e-05 310.438
12.4048 2.83925e-05 309.973
12.4197 2.83755e-05 309.509
12.4346 2.83585e-05 309.047
12.4495 2.83415e-05 308.586
12.4645 2.83245e-05 308.126
12.4794 2.83076e-05 307.667
12.4943 2.82907e-05 307.21
12.5092 2.82738e-05 306.754
12.5241 2.8257e-05 306.299
12.539 2.82402e-05 305.845
12.554 2.82234e-05 305.392
12.5689 2.82066e-05 304.941
12.5838 2.81899e-05 304.49
12.5987 2.81732e-05 304.041
12.6136 2.81566e-05 303.593
12.6285 2.81399e-05 303.146
12.6434 2.81233e-05 302.701
12.6584 2.81068e-05 302.256
12.6733 2.80902e-05 301.813
12.6882 2.80737e-05 301.371
12.7031 2.80572e-05 300.93
12.718 2.80408e-05 300.49
12.7329 2.80243e-05 300.051
12.7478 2.80079e-05 299.614
12.7628 2.79916e-05 299.178
12.7777 2.79752e-05 298.742
12.7926 2.79589e-05 298.308
12.8075 2.79426e-05 297.875
12.8224 2.79264e-05 297.444
12.8373 2.79102e-05 297.013
12.8523 2.7894e-05 296.583
12.8672 2.78778e-05 296.155
12.8821 2.78616e-05 295.727
12.897 2.78455e-05 295.301
12.9119 2.78294e-05 294.876
12.9268 2.78134e-05 294.452
12.9417 2.77974e-05 294.029
12.9567 2.77813e-05 293.607
12.9716 2.77654e-05 293.186
12.9865 2.77494e-05 292.767
13.0014 2.77335e-05 292.348
13.0163 2.77176e-05 291.931
13.0312 2.77017e-05 291.514
13.0461 2.76859e-05 291.099
13.0611 2.76701e-05 290.685
13.076 2.76543e-05 290.271
13.0909 2.76385e-05 289.859
13.1058 2.76228e-05 289.448
13.1207 2.76071e-05 289.038
13.1356 2.75914e-05 288.629
13.1506 2.75758e-05 288.221
13.1655 2.75602e-05 287.814
13.1804 2.75446e-05 287.408
13.1953 2.7529e-05 287.003
13.2102 2.75134e-05 286.599
13.2251 2.74979e-05 286.197
13.24 2.74824e-05 285.795
13.255 2.7467e-05 285.394
13.2699 2.74515e-05 284.994
13.2848 2.74361e-05 284.595
13.2997 2.74207e-05 284.198
13.3146 2.74054e-05 283.801
13.3295 2.739e-05 283.405
13.3444 2.73747e-05 283.011
13.3594 2.73594e-05 282.617
13.3743 2.73442e-05 282.224
13.3892 2.73289e-05 281.832
13.4041 2.73137e-05 281.441
13.419 2.72985e-05 281.052
13.4339 2.72834e-05 280.663
13.4488 2.72683e-05 280.275
13.4638 2.72531e-05 279.888
13.4787 2.72381e-05 279.502
13.4936 2.7223e-05 279.117
13.5085 2.7208e-05 278.733
13.5234 2.7193e-05 278.35
13.5383 2.7178e-05 277.968
13.5533 2.7163e-05 277.587
13.5682 2.71481e-05 277.207
13.5831 2.71332e-05 276.827
13.598 2.71183e-05 276.449
13.6129 2.71034e-05 276.072
13.6278 2.70886e-05 275.695
13.6427 2.70738e-05 275.32
13.6577 2.7059e-05 274.945
13.6726 2.70442e-05 274.571
13.6875 2.70295e-05 274.199
13.7024 2.70148e-05 273.827
13.7173 2.70001e-05 273.456
13.7322 2.69854e-05 273.086
13.7471 2.69708e-05 272.717
13.7621 2.69562e-05 272.349
13.777 2.69416e-05 271.981
13.7919 2.6927e-05 271.615
13.8068 2.69125e-05 271.249
13.8217 2.68979e-05 270.885
13.8366 2.68834e-05 270.521
13.8516 2.68689e-05 270.158
13.8665 2.68545e-05 269.796
13.8814 2.68401e-05 269.435
13.8963 2.68257e-05 269.075
13.9112 2.68113e-05 268.715
13.9261 2.67969e-05 268.357
13.941 2.67826e-05 267.999
13.956 2.67683e-05 267.642
13.9709 2.6754e-05 267.286
13.9858 2.67397e-05 266.931
14.0007 2.67254e-05 266.577
14.0156 2.67112e-05 266.224
14.0305 2.6697e-05 265.871
14.0454 2.66828e-05 265.52
14.0604 2.66687e-05 265.169
14.0753 2.66546e-05 264.819
14.0902 2.66404e-05 264.47
14.1051 2.66264e-05 264.121
14.12 2.66123e-05 263.774
14.1349 2.65982e-05 263.427
14.1498 2.65842e-05 263.081
14.1648 2.65702e-05 262.736
14.1797 2.65562e-05 262.392
14.1946 2.65423e-05 262.049
14.2095 2.65284e-05 261.706
14.2244 2.65144e-05 261.365
14.2393 2.65006e-05 261.024
14.2543 2.64867e-05 260.683
14.2692 2.64728e-05 260.344
14.2841 2.6459e-05 260.006
14.299 2.64452e-05 259.668
14.3139 2.64314e-05 259.331
14.3288 2.64177e-05 258.995
14.3437 2.64039e-05 258.659
14.3587 2.63902e-05 258.325
14.3736 2.63765e-05 257.991
14.3885 2.63628e-05 257.658
14.4034 2.63492e-05 257.326
14.4183 2.63356e-05 256.994
14.4332 2.6322e-05 256.664
14.4481 2.63084e-05 256.334
14.4631 2.62948e-05 256.004
14.478 2.62812e-05 255.676
14.4929 2.62677e-05 255.348
14.5078 2.62542e-05 255.022
14.5227 2.62407e-05 254.695
14.5376 2.62273e-05 254.37
14.5526 2.62138e-05 254.046
14.5675 2.62004e-05 253.722
14.5824 2.6187e-05 253.399
14.5973 2.61736e-05 253.076
14.6122 2.61603e-05 252.755
14.6271 2.61469e-05 252.434
14.642 2.61336e-05 252.114
14.657 2.61203e-05 251.794
14.6719 2.6107e-05 251.475
14.6868 2.60938e-05 251.158
14.7017 2.60805e-05 250.84
14.7166 2.60673e-05 250.524
14.7315 2.60541e-05 250.208
14.7464 2.60409e-05 249.893
14.7614 2.60278e-05 249.579
14.7763 2.60146e-05 249.265
14.7912 2.60015e-05 248.952
14.8061 2.59884e-05 248.64
14.821 2.59754e-05 248.329
14.8359 2.59624e-05 248.019
14.8509 2.59496e-05 247.71
14.8658 2.59369e-05 247.403
14.8807 2.59247e-05 247.099
14.8956 2.5913e-05 246.799
14.9105 2.59022e-05 246.506
14.9254 2.58925e-05 246.222
14.9403 2.58841e-05 245.948
14.9553 2.5877e-05 245.686
14.9702 2.58711e-05 245.437
14.9851 2.58661e-05 245.197
15 2.58614e-05 244.965
